Simulation created and run on: 
Fri Mar 10 13:04:41 2023


Time (s), Height (m), Velocity (m/s), Acceleration (m/s^2), Deployment Angle (degrees)
3.6 679.88 304.08 -9.80665 0.1 0
3.61004 682.93 303.764 -31.4643 0.1 0.138193
3.62008 685.98 303.448 -31.4115 0.1 0.278835
3.63014 689.03 303.133 -31.3591 0.1 0.419623
3.6402 692.08 302.817 -31.3071 0.1 0.560558
3.65028 695.13 302.502 -31.2554 0.1 0.701639
3.66037 698.18 302.187 -31.2042 0.1 0.842868
3.67047 701.23 301.872 -31.1534 0.1 0.984243
3.68058 704.28 301.557 -31.103 0.1 1.12577
3.6907 707.33 301.243 -31.0529 0.1 1.26744
3.70083 710.38 300.929 -31.0032 0.1 1.40926
3.71097 713.43 300.614 -30.954 0.1 1.55122
3.72112 716.48 300.3 -30.9051 0.1 1.69334
3.73128 719.53 299.987 -30.8565 0.1 1.8356
3.74129 722.53 299.678 -30.8092 0.1 1.97568
3.7513 725.53 299.37 -30.7622 0.1 2.1159
3.76133 728.53 299.062 -30.7155 0.1 2.25627
3.77137 731.53 298.754 -30.6692 0.1 2.39678
3.78141 734.53 298.446 -30.6233 0.1 2.53743
3.79147 737.53 298.138 -30.5778 0.1 2.67823
3.80154 740.53 297.83 -30.5325 0.1 2.81918
3.81162 743.53 297.523 -30.4877 0.1 2.96027
3.8217 746.53 297.215 -30.4432 0.1 3.10151
3.8318 749.53 296.908 -30.399 0.1 3.24289
3.84191 752.53 296.601 -30.3552 0.1 3.38442
3.85203 755.53 296.294 -30.3117 0.1 3.5261
3.86216 758.53 295.987 -30.2686 0.1 3.66792
3.8723 761.53 295.681 -30.2258 0.1 3.80989
3.88246 764.53 295.374 -30.1834 0.1 3.95201
3.89262 767.53 295.067 -30.1413 0.1 4.09427
3.90262 770.48 294.766 -30.1002 0.1 4.23431
3.91263 773.43 294.465 -30.0595 0.1 4.37449
3.92266 776.38 294.164 -30.019 0.1 4.51482
3.93269 779.33 293.863 -29.9789 0.1 4.65529
3.94273 782.28 293.562 -29.9391 0.1 4.7959
3.95279 785.23 293.261 -29.8996 0.1 4.93666
3.96285 788.18 292.96 -29.8605 0.1 5.07756
3.97293 791.13 292.66 -29.8216 0.1 5.2186
3.98301 794.08 292.359 -29.7831 0.1 5.3598
3.99311 797.03 292.059 -29.7449 0.1 5.50113
4.00322 799.98 291.758 -29.707 0.1 5.64261
4.01333 802.93 291.458 -29.6694 0.1 5.78424
4.02346 805.88 291.158 -29.6321 0.1 5.92601
4.0336 808.83 290.858 -29.5951 0.1 6.06793
4.04374 811.78 290.557 -29.5584 0.1 6.21
4.0539 814.73 290.257 -29.522 0.1 6.35221
4.06407 817.68 289.957 -29.4859 0.1 6.49457
4.07408 820.58 289.662 -29.4507 0.1 6.63466
4.08409 823.48 289.368 -29.4158 0.1 6.77489
4.09412 826.38 289.073 -29.3812 0.1 6.91527
4.10416 829.28 288.778 -29.3468 0.1 7.05579
4.11421 832.18 288.483 -29.3128 0.1 7.19645
4.12426 835.08 288.189 -29.279 0.1 7.33726
4.13433 837.98 287.894 -29.2455 0.1 7.47821
4.14441 840.88 287.6 -29.2122 0.1 7.61931
4.1545 843.78 287.305 -29.1793 0.1 7.76055
4.1646 846.68 287.011 -29.1466 0.1 7.90193
4.17471 849.58 286.716 -29.1142 0.1 8.04346
4.18483 852.48 286.422 -29.0821 0.1 8.18513
4.19496 855.38 286.127 -29.0502 0.1 8.32696
4.2051 858.28 285.833 -29.0186 0.1 8.46892
4.21525 861.18 285.538 -28.9872 0.1 8.61104
4.22541 864.08 285.244 -28.9562 0.1 8.75329
4.23558 866.98 284.95 -28.9253 0.1 8.8957
4.24559 869.83 284.66 -28.8953 0.1 9.0358
4.25561 872.68 284.371 -28.8655 0.1 9.17603
4.26563 875.53 284.082 -28.836 0.1 9.31641
4.27567 878.38 283.792 -28.8067 0.1 9.45694
4.28572 881.23 283.503 -28.7777 0.1 9.5976
4.29578 884.08 283.214 -28.7489 0.1 9.73841
4.30585 886.93 282.924 -28.7204 0.1 9.87937
4.31592 889.78 282.635 -28.692 0.1 10.0205
4.32601 892.63 282.346 -28.664 0.1 10.1617
4.33611 895.48 282.056 -28.6361 0.1 10.3031
4.34622 898.33 281.767 -28.6086 0.1 10.4446
4.35634 901.18 281.478 -28.5812 0.1 10.5863
4.36647 904.03 281.188 -28.5541 0.1 10.7281
4.37661 906.88 280.899 -28.5272 0.1 10.8701
4.38676 909.73 280.609 -28.5005 0.1 11.0122
4.39693 912.58 280.32 -28.4741 0.1 11.1545
4.4071 915.43 280.03 -28.4479 0.1 11.2969
4.4171 918.23 279.746 -28.4224 0.1 11.4369
4.42712 921.03 279.461 -28.397 0.1 11.5771
4.43714 923.83 279.177 -28.372 0.1 11.7175
4.44718 926.63 278.892 -28.3471 0.1 11.858
4.45722 929.43 278.608 -28.3224 0.1 11.9986
4.46728 932.23 278.323 -28.298 0.1 12.1394
4.47734 935.03 278.038 -28.2737 0.1 12.2803
4.48742 937.83 277.754 -28.2497 0.1 12.4213
4.4975 940.63 277.469 -28.2259 0.1 12.5625
4.5076 943.43 277.184 -28.2022 0.1 12.7039
4.51771 946.23 276.899 -28.1788 0.1 12.8454
4.52782 949.03 276.614 -28.1556 0.1 12.987
4.53795 951.83 276.329 -28.1326 0.1 13.1288
4.54809 954.63 276.044 -28.1098 0.1 13.2707
4.55824 957.43 275.759 -28.0872 0.1 13.4128
4.5684 960.23 275.474 -28.0648 0.1 13.555
4.57857 963.03 275.188 -28.0426 0.1 13.6974
4.58875 965.83 274.903 -28.0205 0.1 13.8399
4.59876 968.58 274.623 -27.9991 0.1 13.98
4.60878 971.33 274.342 -27.9778 0.1 14.1203
4.61881 974.08 274.062 -27.9568 0.1 14.2607
4.62884 976.83 273.781 -27.9359 0.1 14.4013
4.63889 979.58 273.5 -27.9152 0.1 14.542
4.64895 982.33 273.22 -27.8946 0.1 14.6828
4.65902 985.08 272.939 -27.8743 0.1 14.8238
4.66911 987.83 272.658 -27.8541 0.1 14.9649
4.6792 990.58 272.377 -27.8341 0.1 15.1062
4.6893 993.33 272.096 -27.8143 0.1 15.2476
4.69941 996.08 271.815 -27.7946 0.1 15.3892
4.70953 998.83 271.534 -27.7751 0.1 15.5309
4.71967 1001.58 271.252 -27.7558 0.1 15.6727
4.72981 1004.33 270.971 -27.7367 0.1 15.8148
4.73996 1007.08 270.689 -27.7177 0.1 15.9569
4.75013 1009.83 270.408 -27.6989 0.1 16.0992
4.7603 1012.58 270.126 -27.6803 0.1 16.2417
4.7703 1015.28 269.849 -27.6621 0.1 16.3817
4.78031 1017.98 269.572 -27.6441 0.1 16.5218
4.79034 1020.68 269.295 -27.6263 0.1 16.6621
4.80037 1023.38 269.018 -27.6086 0.1 16.8025
4.81041 1026.08 268.741 -27.5911 0.1 16.9431
4.82046 1028.78 268.464 -27.5737 0.1 17.0839
4.83052 1031.48 268.187 -27.5565 0.1 17.2247
4.8406 1034.18 267.909 -27.5394 0.1 17.3657
4.85068 1036.88 267.631 -27.5225 0.1 17.5069
4.86077 1039.58 267.354 -27.5057 0.1 17.6482
4.87088 1042.28 267.076 -27.4891 0.1 17.7897
4.88099 1044.98 266.798 -27.4726 0.1 17.9313
4.89112 1047.68 266.52 -27.4562 0.1 18.073
4.90125 1050.38 266.242 -27.44 0.1 18.2149
4.9114 1053.08 265.963 -27.4239 0.1 18.357
4.92156 1055.78 265.685 -27.408 0.1 18.4992
4.93173 1058.48 265.406 -27.3922 0.1 18.6415
4.9419 1061.18 265.128 -27.3765 0.1 18.784
4.95191 1063.83 264.854 -27.3613 0.1 18.924
4.96192 1066.48 264.58 -27.3462 0.1 19.0642
4.97194 1069.13 264.306 -27.3312 0.1 19.2045
4.98197 1071.78 264.032 -27.3163 0.1 19.3449
4.99201 1074.43 263.758 -27.3016 0.1 19.4855
5.00206 1077.08 263.483 -27.287 0.1 19.6262
5.01213 1079.73 263.209 -27.2725 0.1 19.7671
5.0222 1082.38 262.934 -27.2581 0.1 19.9081
5.03228 1085.03 262.659 -27.2439 0.1 20.0493
5.04238 1087.68 262.384 -27.2298 0.1 20.1906
5.05248 1090.33 262.109 -27.2158 0.1 20.3321
5.0626 1092.98 261.834 -27.2019 0.1 20.4737
5.07272 1095.63 261.559 -27.1881 0.1 20.6155
5.08286 1098.28 261.283 -27.1744 0.1 20.7574
5.09301 1100.93 261.007 -27.1609 0.1 20.8995
5.10317 1103.58 260.732 -27.1474 0.1 21.0417
5.11334 1106.23 260.456 -27.1341 0.1 21.184
5.12352 1108.88 260.179 -27.1209 0.1 21.3265
5.13371 1111.53 259.903 -27.1078 0.1 21.4692
5.14372 1114.13 259.632 -27.095 0.1 21.6093
5.15374 1116.73 259.36 -27.0824 0.1 21.7496
5.16377 1119.33 259.089 -27.0698 0.1 21.89
5.17381 1121.93 258.817 -27.0573 0.1 22.0306
5.18386 1124.53 258.545 -27.045 0.1 22.1713
5.19392 1127.13 258.273 -27.0327 0.1 22.3122
5.20399 1129.73 258.001 -27.0205 0.1 22.4532
5.21407 1132.33 257.729 -27.0085 0.1 22.5943
5.22417 1134.93 257.456 -26.9965 0.1 22.7356
5.23427 1137.53 257.183 -26.9846 0.1 22.8771
5.24439 1140.13 256.91 -26.9728 0.1 23.0187
5.25451 1142.73 256.637 -26.9611 0.1 23.1605
5.26465 1145.33 256.364 -26.9495 0.1 23.3024
5.2748 1147.93 256.091 -26.9379 0.1 23.4444
5.28496 1150.53 255.817 -26.9265 0.1 23.5866
5.29512 1153.13 255.543 -26.9151 0.1 23.729
5.3053 1155.73 255.27 -26.9038 0.1 23.8715
5.3155 1158.33 254.995 -26.8926 0.1 24.0142
5.3255 1160.88 254.726 -26.8817 0.1 24.1543
5.33552 1163.43 254.457 -26.8709 0.1 24.2945
5.34554 1165.98 254.188 -26.8602 0.1 24.4349
5.35558 1168.53 253.918 -26.8495 0.1 24.5754
5.36563 1171.08 253.649 -26.8389 0.1 24.7161
5.37569 1173.63 253.379 -26.8284 0.1 24.8569
5.38576 1176.18 253.109 -26.8179 0.1 24.9978
5.39584 1178.73 252.838 -26.8076 0.1 25.139
5.40593 1181.28 252.568 -26.7972 0.1 25.2802
5.41603 1183.83 252.297 -26.787 0.1 25.4217
5.42614 1186.38 252.026 -26.7768 0.1 25.5632
5.43627 1188.93 251.755 -26.7667 0.1 25.705
5.4464 1191.48 251.484 -26.7567 0.1 25.8468
5.45655 1194.03 251.213 -26.7467 0.1 25.9889
5.4667 1196.58 250.941 -26.7368 0.1 26.1311
5.47687 1199.13 250.669 -26.7269 0.1 26.2734
5.48705 1201.68 250.397 -26.7172 0.1 26.4159
5.49724 1204.23 250.125 -26.7074 0.1 26.5585
5.50724 1206.73 249.858 -26.6979 0.1 26.6985
5.51725 1209.23 249.591 -26.6885 0.1 26.8387
5.52727 1211.73 249.323 -26.6791 0.1 26.979
5.5373 1214.23 249.056 -26.6698 0.1 27.1194
5.54735 1216.73 248.788 -26.6606 0.1 27.2601
5.5574 1219.23 248.52 -26.6513 0.1 27.4008
5.56747 1221.73 248.252 -26.6422 0.1 27.5417
5.57754 1224.23 247.983 -26.6331 0.1 27.6828
5.58763 1226.73 247.715 -26.624 0.1 27.824
5.59773 1229.23 247.446 -26.615 0.1 27.9654
5.60784 1231.73 247.177 -26.606 0.1 28.1069
5.61796 1234.23 246.908 -26.5971 0.1 28.2486
5.62809 1236.73 246.638 -26.5882 0.1 28.3904
5.63823 1239.23 246.369 -26.5794 0.1 28.5324
5.64838 1241.73 246.099 -26.5706 0.1 28.6745
5.65855 1244.23 245.829 -26.5618 0.1 28.8168
5.66872 1246.73 245.559 -26.5531 0.1 28.9593
5.67891 1249.23 245.288 -26.5444 0.1 29.1019
5.68911 1251.73 245.018 -26.5358 0.1 29.2446
5.69911 1254.18 244.752 -26.5274 0.1 29.3847
5.70913 1256.63 244.487 -26.519 0.1 29.5249
5.71915 1259.08 244.221 -26.5106 0.1 29.6653
5.72919 1261.53 243.955 -26.5023 0.1 29.8058
5.73924 1263.98 243.688 -26.494 0.1 29.9465
5.7493 1266.43 243.422 -26.4857 0.1 30.0873
5.75937 1268.88 243.155 -26.4775 0.1 30.2283
5.76945 1271.33 242.888 -26.4693 0.1 30.3694
5.77954 1273.78 242.621 -26.4611 0.1 30.5107
5.78965 1276.23 242.354 -26.4529 0.1 30.6522
5.79976 1278.68 242.086 -26.4448 0.1 30.7938
5.80989 1281.13 241.819 -26.4367 0.1 30.9355
5.82003 1283.58 241.551 -26.4286 0.1 31.0775
5.83017 1286.03 241.282 -26.4206 0.1 31.2195
5.84033 1288.48 241.014 -26.4125 0.1 31.3618
5.8505 1290.93 240.745 -26.4045 0.1 31.5042
5.86069 1293.38 240.477 -26.3965 0.1 31.6467
5.87088 1295.83 240.208 -26.3886 0.1 31.7894
5.88109 1298.28 239.938 -26.3806 0.1 31.9323
5.89109 1300.68 239.674 -26.3728 0.1 32.0724
5.90111 1303.08 239.41 -26.3651 0.1 32.2127
5.91114 1305.48 239.146 -26.3573 0.1 32.3531
5.92119 1307.88 238.881 -26.3496 0.1 32.4937
5.93124 1310.28 238.616 -26.3419 0.1 32.6344
5.9413 1312.68 238.351 -26.3342 0.1 32.7753
5.95138 1315.08 238.086 -26.3265 0.1 32.9163
5.96146 1317.48 237.82 -26.3188 0.1 33.0575
5.97156 1319.88 237.555 -26.3111 0.1 33.1989
5.98167 1322.28 237.289 -26.3034 0.1 33.3404
5.99179 1324.68 237.023 -26.2958 0.1 33.4821
6.00192 1327.08 236.756 -26.2881 0.1 33.6239
6.01206 1329.48 236.49 -26.2805 0.1 33.7659
6.02222 1331.88 236.223 -26.2728 0.1 33.9081
6.03238 1334.28 235.956 -26.2652 0.1 34.0504
6.04256 1336.68 235.689 -26.2575 0.1 34.1929
6.05275 1339.08 235.421 -26.2411 0.1 34.2998
6.06295 1341.48 235.154 -26.1985 0.1 34.2998
6.07316 1343.88 234.886 -26.1559 0.1 34.2998
6.08317 1346.23 234.625 -26.115 0.1 34.3028
6.09319 1348.58 234.363 -26.0728 0.1 34.2998
6.10323 1350.93 234.102 -26.032 0.1 34.3028
6.11327 1353.28 233.841 -25.99 0.1 34.2998
6.12333 1355.63 233.579 -25.9494 0.1 34.3028
6.13339 1357.98 233.318 -25.9075 0.1 34.2998
6.14347 1360.33 233.058 -25.8671 0.1 34.3028
6.15356 1362.68 232.797 -25.8253 0.1 34.2998
6.16366 1365.03 232.536 -25.7851 0.1 34.3028
6.17377 1367.38 232.276 -25.7435 0.1 34.2998
6.1839 1369.73 232.015 -25.7034 0.1 34.3028
6.19403 1372.08 231.755 -25.6619 0.1 34.2998
6.20418 1374.43 231.495 -25.622 0.1 34.3028
6.21433 1376.78 231.235 -25.5807 0.1 34.2998
6.2245 1379.13 230.975 -25.5409 0.1 34.3028
6.23468 1381.48 230.715 -25.4998 0.1 34.2998
6.24487 1383.83 230.455 -25.4602 0.1 34.3028
6.25508 1386.18 230.196 -25.4192 0.1 34.2998
6.26529 1388.53 229.936 -25.3798 0.1 34.3029
6.2753 1390.83 229.683 -25.3405 0.1 34.3029
6.28532 1393.13 229.429 -25.3014 0.1 34.3029
6.29535 1395.43 229.175 -25.2623 0.1 34.3029
6.30539 1397.73 228.922 -25.2232 0.1 34.3029
6.31544 1400.03 228.668 -25.1843 0.1 34.3029
6.32551 1402.33 228.415 -25.1454 0.1 34.3029
6.33558 1404.63 228.162 -25.1066 0.1 34.3029
6.34567 1406.93 227.909 -25.0679 0.1 34.3029
6.35577 1409.23 227.656 -25.0293 0.1 34.3029
6.36588 1411.53 227.403 -24.9907 0.1 34.3029
6.376 1413.83 227.151 -24.9522 0.1 34.3029
6.38613 1416.13 226.898 -24.9137 0.1 34.3029
6.39627 1418.43 226.646 -24.8754 0.1 34.3029
6.40642 1420.73 226.393 -24.8371 0.1 34.3029
6.41659 1423.03 226.141 -24.7989 0.1 34.3029
6.42676 1425.33 225.889 -24.7608 0.1 34.3029
6.43695 1427.63 225.637 -24.7227 0.1 34.3029
6.44715 1429.93 225.385 -24.6847 0.1 34.3029
6.45736 1432.23 225.133 -24.6468 0.1 34.3029
6.46758 1434.53 224.881 -24.6089 0.1 34.3029
6.47759 1436.78 224.635 -24.5713 0.1 34.2998
6.48762 1439.03 224.389 -24.5351 0.1 34.3029
6.49765 1441.28 224.143 -24.4976 0.1 34.2998
6.50769 1443.53 223.897 -24.4615 0.1 34.3029
6.51775 1445.78 223.651 -24.4241 0.1 34.2998
6.52781 1448.03 223.406 -24.3882 0.1 34.3029
6.53789 1450.28 223.16 -24.351 0.1 34.2998
6.54798 1452.53 222.915 -24.3152 0.1 34.3029
6.55808 1454.78 222.669 -24.2781 0.1 34.2998
6.56819 1457.03 222.424 -24.2424 0.1 34.3029
6.57831 1459.28 222.179 -24.2055 0.1 34.2998
6.58844 1461.53 221.934 -24.1699 0.1 34.3029
6.59859 1463.78 221.689 -24.1331 0.1 34.2998
6.60874 1466.03 221.444 -24.0977 0.1 34.3029
6.61891 1468.28 221.199 -24.061 0.1 34.2997
6.62909 1470.53 220.954 -24.0258 0.1 34.3029
6.63927 1472.78 220.71 -23.9892 0.1 34.2997
6.64947 1475.03 220.465 -23.9541 0.1 34.3029
6.65969 1477.28 220.221 -23.9177 0.1 34.2997
6.66991 1479.53 219.976 -23.8827 0.1 34.3029
6.67992 1481.73 219.738 -23.8478 0.1 34.3029
6.68993 1483.93 219.499 -23.8131 0.1 34.3029
6.69996 1486.13 219.26 -23.7784 0.1 34.3029
6.71 1488.33 219.022 -23.7438 0.1 34.3029
6.72005 1490.53 218.783 -23.7092 0.1 34.3029
6.73011 1492.73 218.545 -23.6747 0.1 34.3029
6.74018 1494.93 218.307 -23.6402 0.1 34.3029
6.75027 1497.13 218.069 -23.6059 0.1 34.3029
6.76036 1499.33 217.83 -23.5715 0.1 34.3029
6.77047 1501.53 217.592 -23.5373 0.1 34.3029
6.78058 1503.73 217.354 -23.5031 0.1 34.3029
6.79071 1505.93 217.117 -23.469 0.1 34.3029
6.80085 1508.13 216.879 -23.4349 0.1 34.3029
6.811 1510.33 216.641 -23.4009 0.1 34.3029
6.82116 1512.53 216.404 -23.3669 0.1 34.3029
6.83133 1514.73 216.166 -23.333 0.1 34.3029
6.84151 1516.93 215.929 -23.2992 0.1 34.303
6.85171 1519.13 215.691 -23.2655 0.1 34.303
6.86191 1521.33 215.454 -23.2318 0.1 34.303
6.87213 1523.53 215.217 -23.1981 0.1 34.303
6.88236 1525.73 214.98 -23.1645 0.1 34.303
6.89237 1527.88 214.748 -23.1311 0.1 34.2997
6.90238 1530.03 214.517 -23.0991 0.1 34.303
6.91241 1532.18 214.285 -23.0658 0.1 34.2997
6.92245 1534.33 214.054 -23.0338 0.1 34.303
6.9325 1536.48 213.822 -23.0007 0.1 34.2997
6.94256 1538.63 213.591 -22.9688 0.1 34.303
6.95263 1540.78 213.36 -22.9358 0.1 34.2997
6.96271 1542.93 213.129 -22.9041 0.1 34.303
6.97281 1545.08 212.898 -22.8711 0.1 34.2997
6.98291 1547.23 212.667 -22.8395 0.1 34.303
6.99303 1549.38 212.436 -22.8067 0.1 34.2997
7.00315 1551.53 212.205 -22.7752 0.1 34.303
7.01329 1553.68 211.975 -22.7425 0.1 34.2997
7.02344 1555.83 211.744 -22.7111 0.1 34.303
7.0336 1557.98 211.514 -22.6785 0.1 34.2997
7.04377 1560.13 211.283 -22.6473 0.1 34.303
7.05395 1562.28 211.053 -22.6148 0.1 34.2997
7.06414 1564.43 210.822 -22.5836 0.1 34.303
7.07435 1566.58 210.592 -22.5513 0.1 34.2997
7.08456 1568.73 210.362 -22.5202 0.1 34.303
7.09479 1570.88 210.132 -22.488 0.1 34.2997
7.10503 1573.03 209.902 -22.457 0.1 34.303
7.11504 1575.13 209.677 -22.4263 0.1 34.303
7.12506 1577.23 209.452 -22.3955 0.1 34.303
7.13509 1579.33 209.228 -22.3649 0.1 34.303
7.14513 1581.43 209.003 -22.3342 0.1 34.303
7.15518 1583.53 208.779 -22.3037 0.1 34.303
7.16525 1585.63 208.555 -22.2732 0.1 34.303
7.17532 1587.73 208.331 -22.2427 0.1 34.303
7.18541 1589.83 208.106 -22.2123 0.1 34.303
7.19551 1591.93 207.882 -22.1819 0.1 34.303
7.20561 1594.03 207.658 -22.1516 0.1 34.303
7.21573 1596.13 207.434 -22.1214 0.1 34.303
7.22586 1598.23 207.21 -22.0912 0.1 34.303
7.236 1600.33 206.986 -22.061 0.1 34.303
7.24615 1602.43 206.763 -22.0309 0.1 34.303
7.25631 1604.53 206.539 -22.0009 0.1 34.303
7.26649 1606.63 206.315 -21.9709 0.1 34.303
7.27667 1608.73 206.092 -21.941 0.1 34.303
7.28687 1610.83 205.868 -21.9111 0.1 34.303
7.29707 1612.93 205.645 -21.8812 0.1 34.303
7.30729 1615.03 205.421 -21.8514 0.1 34.303
7.31752 1617.13 205.198 -21.8217 0.1 34.303
7.32776 1619.23 204.975 -21.792 0.1 34.303
7.33777 1621.28 204.757 -21.7625 0.1 34.2996
7.34778 1623.33 204.539 -21.7342 0.1 34.303
7.35781 1625.38 204.321 -21.7048 0.1 34.2996
7.36785 1627.43 204.103 -21.6766 0.1 34.303
7.3779 1629.48 203.886 -21.6472 0.1 34.2996
7.38796 1631.53 203.668 -21.6192 0.1 34.303
7.39803 1633.58 203.45 -21.5899 0.1 34.2996
7.40811 1635.63 203.233 -21.5619 0.1 34.3031
7.4182 1637.68 203.015 -21.5328 0.1 34.2996
7.42831 1639.73 202.798 -21.5049 0.1 34.3031
7.43842 1641.78 202.581 -21.4758 0.1 34.2996
7.44855 1643.83 202.363 -21.448 0.1 34.3031
7.45868 1645.88 202.146 -21.4191 0.1 34.2996
7.46883 1647.93 201.929 -21.3914 0.1 34.3031
7.47899 1649.98 201.712 -21.3625 0.1 34.2996
7.48916 1652.03 201.495 -21.3349 0.1 34.3031
7.49934 1654.08 201.278 -21.3062 0.1 34.2996
7.50953 1656.13 201.061 -21.2786 0.1 34.3031
7.51973 1658.18 200.844 -21.25 0.1 34.2996
7.52994 1660.23 200.627 -21.2225 0.1 34.3031
7.54016 1662.28 200.41 -21.194 0.1 34.2996
7.5504 1664.33 200.193 -21.1666 0.1 34.3031
7.56064 1666.38 199.977 -21.1382 0.1 34.2996
7.57065 1668.38 199.765 -21.111 0.1 34.2996
7.58067 1670.38 199.554 -21.0839 0.1 34.2996
7.5907 1672.38 199.343 -21.0568 0.1 34.2996
7.60073 1674.38 199.131 -21.0298 0.1 34.2996
7.61078 1676.38 198.92 -21.0028 0.1 34.2996
7.62084 1678.38 198.709 -20.9759 0.1 34.2996
7.63091 1680.38 198.498 -20.949 0.1 34.2996
7.641 1682.38 198.287 -20.9222 0.1 34.2996
7.65109 1684.38 198.076 -20.8954 0.1 34.2996
7.66119 1686.38 197.865 -20.8686 0.1 34.2996
7.6713 1688.38 197.654 -20.8419 0.1 34.2996
7.68143 1690.38 197.443 -20.8152 0.1 34.2996
7.69156 1692.38 197.232 -20.7886 0.1 34.2996
7.70171 1694.38 197.022 -20.762 0.1 34.2996
7.71186 1696.38 196.811 -20.7355 0.1 34.2996
7.72203 1698.38 196.6 -20.709 0.1 34.2996
7.73221 1700.38 196.389 -20.6825 0.1 34.2995
7.7424 1702.38 196.179 -20.6561 0.1 34.2995
7.7526 1704.38 195.968 -20.6297 0.1 34.2995
7.76281 1706.38 195.758 -20.6034 0.1 34.2995
7.77303 1708.38 195.547 -20.5771 0.1 34.2995
7.78327 1710.38 195.337 -20.5509 0.1 34.2995
7.79351 1712.38 195.126 -20.5247 0.1 34.2995
7.80377 1714.38 194.916 -20.4985 0.1 34.2995
7.81378 1716.33 194.711 -20.4736 0.1 34.3031
7.8238 1718.28 194.506 -20.4476 0.1 34.2995
7.83383 1720.23 194.301 -20.4228 0.1 34.3031
7.84387 1722.18 194.096 -20.3969 0.1 34.2995
7.85392 1724.13 193.891 -20.3722 0.1 34.3031
7.86398 1726.08 193.686 -20.3464 0.1 34.2995
7.87406 1728.03 193.481 -20.3217 0.1 34.3031
7.88414 1729.98 193.277 -20.296 0.1 34.2995
7.89424 1731.93 193.072 -20.2714 0.1 34.3031
7.90434 1733.88 192.867 -20.2457 0.1 34.2995
7.91446 1735.83 192.663 -20.2212 0.1 34.3031
7.92458 1737.78 192.458 -20.1957 0.1 34.2995
7.93472 1739.73 192.253 -20.1712 0.1 34.3032
7.94487 1741.68 192.049 -20.1457 0.1 34.2995
7.95503 1743.63 191.844 -20.1214 0.1 34.3032
7.9652 1745.58 191.64 -20.096 0.1 34.2995
7.97538 1747.53 191.435 -20.0717 0.1 34.3032
7.98557 1749.48 191.231 -20.0464 0.1 34.2995
7.99578 1751.43 191.026 -20.0222 0.1 34.3032
8.00599 1753.38 190.822 -19.9969 0.1 34.2995
8.01621 1755.33 190.618 -19.9728 0.1 34.3032
8.02645 1757.28 190.413 -19.9476 0.1 34.2995
8.0367 1759.23 190.209 -19.9236 0.1 34.3032
8.04695 1761.18 190.005 -19.8985 0.1 34.2995
8.05696 1763.08 189.806 -19.8746 0.1 34.2995
8.06697 1764.98 189.607 -19.8508 0.1 34.2995
8.077 1766.88 189.408 -19.827 0.1 34.2995
8.08704 1768.78 189.209 -19.8032 0.1 34.2995
8.09708 1770.68 189.01 -19.7795 0.1 34.2995
8.10714 1772.58 188.812 -19.7558 0.1 34.2995
8.11721 1774.48 188.613 -19.7321 0.1 34.2995
8.12729 1776.38 188.414 -19.7085 0.1 34.2995
8.13738 1778.28 188.215 -19.6849 0.1 34.2995
8.14748 1780.18 188.017 -19.6614 0.1 34.2995
8.15759 1782.08 187.818 -19.6378 0.1 34.2995
8.16771 1783.98 187.619 -19.6144 0.1 34.2995
8.17784 1785.88 187.421 -19.5909 0.1 34.2995
8.18799 1787.78 187.222 -19.5675 0.1 34.2995
8.19814 1789.68 187.023 -19.5442 0.1 34.2995
8.20831 1791.58 186.825 -19.5208 0.1 34.2995
8.21848 1793.48 186.626 -19.4975 0.1 34.2995
8.22867 1795.38 186.428 -19.4743 0.1 34.2995
8.23886 1797.28 186.229 -19.451 0.1 34.2995
8.24907 1799.18 186.031 -19.4279 0.1 34.2994
8.25929 1801.08 185.833 -19.4047 0.1 34.2994
8.26952 1802.98 185.634 -19.3816 0.1 34.2994
8.27976 1804.88 185.436 -19.3585 0.1 34.2994
8.29001 1806.78 185.237 -19.3355 0.1 34.2994
8.30028 1808.68 185.039 -19.3124 0.1 34.2994
8.31028 1810.53 184.846 -19.2906 0.1 34.3032
8.32029 1812.38 184.653 -19.2677 0.1 34.2994
8.33032 1814.23 184.46 -19.246 0.1 34.3032
8.34035 1816.08 184.267 -19.2232 0.1 34.2994
8.3504 1817.93 184.074 -19.2015 0.1 34.3032
8.36045 1819.78 183.881 -19.1787 0.1 34.2994
8.37052 1821.63 183.688 -19.1571 0.1 34.3032
8.3806 1823.48 183.495 -19.1344 0.1 34.2994
8.39068 1825.33 183.302 -19.1128 0.1 34.3032
8.40078 1827.18 183.109 -19.0902 0.1 34.2994
8.41089 1829.03 182.916 -19.0687 0.1 34.3032
8.42101 1830.88 182.724 -19.0462 0.1 34.2994
8.43114 1832.73 182.531 -19.0247 0.1 34.3032
8.44128 1834.58 182.338 -19.0023 0.1 34.2994
8.45143 1836.43 182.145 -18.9809 0.1 34.3033
8.4616 1838.28 181.952 -18.9585 0.1 34.2994
8.47177 1840.13 181.76 -18.9372 0.1 34.3033
8.48195 1841.98 181.567 -18.9149 0.1 34.2994
8.49215 1843.83 181.374 -18.8936 0.1 34.3033
8.50235 1845.68 181.182 -18.8713 0.1 34.2994
8.51257 1847.53 180.989 -18.8502 0.1 34.3033
8.5228 1849.38 180.796 -18.828 0.1 34.2994
8.53303 1851.23 180.604 -18.8068 0.1 34.3033
8.54328 1853.08 180.411 -18.7847 0.1 34.2994
8.55354 1854.93 180.218 -18.7636 0.1 34.3033
8.56381 1856.78 180.026 -18.7416 0.1 34.2994
8.57382 1858.58 179.838 -18.7206 0.1 34.2994
8.58383 1860.38 179.651 -18.6997 0.1 34.2994
8.59386 1862.18 179.464 -18.6789 0.1 34.2994
8.60389 1863.98 179.276 -18.658 0.1 34.2994
8.61394 1865.78 179.089 -18.6372 0.1 34.2994
8.62399 1867.58 178.902 -18.6164 0.1 34.2994
8.63406 1869.38 178.714 -18.5957 0.1 34.2994
8.64414 1871.18 178.527 -18.575 0.1 34.2994
8.65423 1872.98 178.34 -18.5543 0.1 34.2994
8.66432 1874.78 178.152 -18.5336 0.1 34.2994
8.67443 1876.58 177.965 -18.513 0.1 34.2994
8.68455 1878.38 177.778 -18.4924 0.1 34.2994
8.69468 1880.18 177.591 -18.4718 0.1 34.2994
8.70483 1881.98 177.403 -18.4513 0.1 34.2994
8.71498 1883.78 177.216 -18.4307 0.1 34.2994
8.72514 1885.58 177.029 -18.4103 0.1 34.2994
8.73531 1887.38 176.842 -18.3898 0.1 34.2994
8.7455 1889.18 176.655 -18.3694 0.1 34.2993
8.75569 1890.98 176.468 -18.349 0.1 34.2993
8.7659 1892.78 176.28 -18.3286 0.1 34.2993
8.77611 1894.58 176.093 -18.3083 0.1 34.2993
8.78634 1896.38 175.906 -18.288 0.1 34.2993
8.79658 1898.18 175.719 -18.2677 0.1 34.2993
8.80683 1899.98 175.532 -18.2475 0.1 34.2993
8.81709 1901.78 175.345 -18.2273 0.1 34.2993
8.82736 1903.58 175.158 -18.2071 0.1 34.2993
8.83764 1905.38 174.97 -18.1869 0.1 34.2993
8.84765 1907.13 174.789 -18.1679 0.1 34.3033
8.85767 1908.88 174.607 -18.1478 0.1 34.2993
8.8677 1910.63 174.425 -18.1288 0.1 34.3033
8.87773 1912.38 174.243 -18.1088 0.1 34.2993
8.88778 1914.13 174.061 -18.0899 0.1 34.3033
8.89784 1915.88 173.879 -18.0699 0.1 34.2993
8.90791 1917.63 173.697 -18.051 0.1 34.3033
8.91799 1919.38 173.515 -18.0312 0.1 34.2993
8.92808 1921.13 173.334 -18.0123 0.1 34.3034
8.93819 1922.88 173.152 -17.9925 0.1 34.2993
8.9483 1924.63 172.97 -17.9737 0.1 34.3034
8.95842 1926.38 172.788 -17.9539 0.1 34.2993
8.96855 1928.13 172.606 -17.9352 0.1 34.3034
8.9787 1929.88 172.424 -17.9155 0.1 34.2993
8.98885 1931.63 172.243 -17.8968 0.1 34.3034
8.99902 1933.38 172.061 -17.8772 0.1 34.2993
9.00919 1935.13 171.879 -17.8585 0.1 34.3034
9.01938 1936.88 171.697 -17.8389 0.1 34.2993
9.02958 1938.63 171.515 -17.8203 0.1 34.3034
9.03979 1940.38 171.333 -17.8008 0.1 34.2993
9.05001 1942.13 171.152 -17.7823 0.1 34.3034
9.06024 1943.88 170.97 -17.7628 0.1 34.2993
9.07048 1945.63 170.788 -17.7443 0.1 34.3034
9.08073 1947.38 170.606 -17.7249 0.1 34.2993
9.091 1949.13 170.424 -17.7065 0.1 34.3034
9.10127 1950.88 170.243 -17.6871 0.1 34.2993
9.11155 1952.63 170.061 -17.6687 0.1 34.3034
9.12156 1954.33 169.884 -17.6504 0.1 34.3034
9.13157 1956.03 169.707 -17.6321 0.1 34.3034
9.14159 1957.73 169.531 -17.6139 0.1 34.3034
9.15162 1959.43 169.354 -17.5957 0.1 34.3034
9.16167 1961.13 169.178 -17.5775 0.1 34.3034
9.17172 1962.83 169.001 -17.5593 0.1 34.3034
9.18179 1964.53 168.824 -17.5411 0.1 34.3034
9.19186 1966.23 168.648 -17.523 0.1 34.3034
9.20195 1967.93 168.471 -17.5049 0.1 34.3034
9.21204 1969.63 168.294 -17.4869 0.1 34.3034
9.22215 1971.33 168.118 -17.4688 0.1 34.3034
9.23227 1973.03 167.941 -17.4508 0.1 34.3034
9.2424 1974.73 167.765 -17.4328 0.1 34.3034
9.25253 1976.43 167.588 -17.4148 0.1 34.3034
9.26268 1978.13 167.411 -17.3969 0.1 34.3034
9.27284 1979.83 167.235 -17.3789 0.1 34.3034
9.28301 1981.53 167.058 -17.361 0.1 34.3034
9.2932 1983.23 166.881 -17.3432 0.1 34.3034
9.30339 1984.93 166.705 -17.3253 0.1 34.3034
9.31359 1986.63 166.528 -17.3075 0.1 34.3034
9.32381 1988.33 166.351 -17.2897 0.1 34.3034
9.33403 1990.03 166.174 -17.2719 0.1 34.3034
9.34427 1991.73 165.998 -17.2542 0.1 34.3034
9.35451 1993.43 165.821 -17.2364 0.1 34.3034
9.36477 1995.13 165.644 -17.2187 0.1 34.3034
9.37504 1996.83 165.468 -17.2011 0.1 34.3034
9.38532 1998.53 165.291 -17.1834 0.1 34.3034
9.39561 2000.23 165.114 -17.1658 0.1 34.3035
9.40591 2001.93 164.937 -17.1482 0.1 34.3035
9.41592 2003.58 164.766 -17.1306 0.1 34.2992
9.42594 2005.23 164.594 -17.114 0.1 34.3035
9.43597 2006.88 164.423 -17.0966 0.1 34.2992
9.44601 2008.53 164.251 -17.08 0.1 34.3035
9.45606 2010.18 164.08 -17.0626 0.1 34.2992
9.46612 2011.83 163.908 -17.0461 0.1 34.3035
9.4762 2013.48 163.736 -17.0287 0.1 34.2992
9.48628 2015.13 163.565 -17.0123 0.1 34.3035
9.49637 2016.78 163.393 -16.9949 0.1 34.2992
9.50647 2018.43 163.222 -16.9785 0.1 34.3035
9.51659 2020.08 163.05 -16.9612 0.1 34.2992
9.52671 2021.73 162.878 -16.9449 0.1 34.3035
9.53685 2023.38 162.707 -16.9276 0.1 34.2992
9.547 2025.03 162.535 -16.9113 0.1 34.3035
9.55715 2026.68 162.363 -16.8941 0.1 34.2992
9.56732 2028.33 162.192 -16.8778 0.1 34.3035
9.5775 2029.98 162.02 -16.8606 0.1 34.2992
9.58769 2031.63 161.848 -16.8444 0.1 34.3035
9.59789 2033.28 161.676 -16.8273 0.1 34.2992
9.6081 2034.93 161.505 -16.8111 0.1 34.3035
9.61832 2036.58 161.333 -16.794 0.1 34.2992
9.62856 2038.23 161.161 -16.7779 0.1 34.3035
9.6388 2039.88 160.989 -16.7609 0.1 34.2992
9.64905 2041.53 160.818 -16.7448 0.1 34.3035
9.65932 2043.18 160.646 -16.7278 0.1 34.2992
9.6696 2044.83 160.474 -16.7117 0.1 34.3035
9.67988 2046.48 160.302 -16.6948 0.1 34.2991
9.69018 2048.13 160.13 -16.6788 0.1 34.3035
9.70049 2049.78 159.958 -16.6619 0.1 34.2991
9.7105 2051.38 159.792 -16.646 0.1 34.2991
9.72052 2052.98 159.625 -16.6301 0.1 34.2991
9.73055 2054.58 159.458 -16.6142 0.1 34.2991
9.74059 2056.18 159.292 -16.5983 0.1 34.2991
9.75064 2057.78 159.125 -16.5825 0.1 34.2991
9.7607 2059.38 158.958 -16.5667 0.1 34.2991
9.77077 2060.98 158.791 -16.5509 0.1 34.2991
9.78085 2062.58 158.625 -16.5351 0.1 34.2991
9.79094 2064.18 158.458 -16.5193 0.1 34.2991
9.80105 2065.78 158.291 -16.5036 0.1 34.2991
9.81116 2067.38 158.124 -16.4879 0.1 34.2991
9.82128 2068.98 157.957 -16.4722 0.1 34.2991
9.83142 2070.58 157.791 -16.4565 0.1 34.2991
9.84156 2072.18 157.624 -16.4408 0.1 34.2991
9.85172 2073.78 157.457 -16.4252 0.1 34.2991
9.86189 2075.38 157.29 -16.4096 0.1 34.2991
9.87207 2076.98 157.123 -16.394 0.1 34.2991
9.88225 2078.58 156.956 -16.3784 0.1 34.2991
9.89245 2080.18 156.789 -16.3628 0.1 34.2991
9.90266 2081.78 156.622 -16.3473 0.1 34.2991
9.91289 2083.38 156.455 -16.3318 0.1 34.2991
9.92312 2084.98 156.288 -16.3163 0.1 34.2991
9.93336 2086.58 156.121 -16.3008 0.1 34.2991
9.94361 2088.18 155.954 -16.2853 0.1 34.2991
9.95388 2089.78 155.787 -16.2699 0.1 34.2991
9.96416 2091.38 155.62 -16.2545 0.1 34.2991
9.97444 2092.98 155.452 -16.2391 0.1 34.2991
9.98474 2094.58 155.285 -16.2237 0.1 34.2991
9.99505 2096.18 155.118 -16.2083 0.1 34.2991
10.0054 2097.78 154.951 -16.193 0.1 34.2991
10.0154 2099.33 154.789 -16.1786 0.1 34.3036
10.0254 2100.88 154.627 -16.1633 0.1 34.2991
10.0354 2102.43 154.465 -16.149 0.1 34.3036
10.0455 2103.98 154.303 -16.1337 0.1 34.2991
10.0555 2105.53 154.141 -16.1194 0.1 34.3036
10.0656 2107.08 153.979 -16.1042 0.1 34.2991
10.0757 2108.63 153.817 -16.0899 0.1 34.3036
10.0857 2110.18 153.654 -16.0748 0.1 34.2991
10.0958 2111.73 153.492 -16.0605 0.1 34.3036
10.1059 2113.28 153.33 -16.0454 0.1 34.299
10.116 2114.83 153.168 -16.0312 0.1 34.3036
10.1262 2116.38 153.006 -16.0161 0.1 34.299
10.1363 2117.93 152.843 -16.0019 0.1 34.3036
10.1465 2119.48 152.681 -15.9869 0.1 34.299
10.1566 2121.03 152.519 -15.9727 0.1 34.3036
10.1668 2122.58 152.356 -15.9577 0.1 34.299
10.177 2124.13 152.194 -15.9436 0.1 34.3036
10.1871 2125.68 152.032 -15.9287 0.1 34.299
10.1973 2127.23 151.869 -15.9146 0.1 34.3036
10.2076 2128.78 151.707 -15.8997 0.1 34.299
10.2178 2130.33 151.544 -15.8856 0.1 34.3036
10.228 2131.88 151.382 -15.8707 0.1 34.299
10.2383 2133.43 151.219 -15.8567 0.1 34.3036
10.2485 2134.98 151.057 -15.8419 0.1 34.299
10.2588 2136.53 150.894 -15.8279 0.1 34.3037
10.2691 2138.08 150.732 -15.8131 0.1 34.299
10.2794 2139.63 150.569 -15.7991 0.1 34.3037
10.2897 2141.18 150.406 -15.7844 0.1 34.299
10.3 2142.73 150.244 -15.7704 0.1 34.3037
10.3103 2144.28 150.081 -15.7557 0.1 34.299
10.3203 2145.78 149.923 -15.7419 0.1 34.299
10.3303 2147.28 149.766 -15.7281 0.1 34.299
10.3403 2148.78 149.608 -15.7142 0.1 34.299
10.3503 2150.28 149.451 -15.7005 0.1 34.299
10.3604 2151.78 149.293 -15.6867 0.1 34.299
10.3704 2153.28 149.136 -15.6729 0.1 34.299
10.3805 2154.78 148.978 -15.6592 0.1 34.299
10.3906 2156.28 148.82 -15.6455 0.1 34.299
10.4007 2157.78 148.663 -15.6318 0.1 34.299
10.4108 2159.28 148.505 -15.6181 0.1 34.299
10.4209 2160.78 148.347 -15.6044 0.1 34.299
10.431 2162.28 148.189 -15.5908 0.1 34.299
10.4411 2163.78 148.031 -15.5771 0.1 34.299
10.4513 2165.28 147.874 -15.5635 0.1 34.299
10.4614 2166.78 147.716 -15.5499 0.1 34.299
10.4716 2168.28 147.558 -15.5363 0.1 34.299
10.4817 2169.78 147.4 -15.5227 0.1 34.299
10.4919 2171.28 147.242 -15.5092 0.1 34.299
10.5021 2172.78 147.084 -15.4956 0.1 34.299
10.5123 2174.28 146.926 -15.4821 0.1 34.2989
10.5225 2175.78 146.768 -15.4686 0.1 34.2989
10.5328 2177.28 146.61 -15.4551 0.1 34.2989
10.543 2178.78 146.451 -15.4417 0.1 34.2989
10.5532 2180.28 146.293 -15.4282 0.1 34.2989
10.5635 2181.78 146.135 -15.4148 0.1 34.2989
10.5738 2183.28 145.977 -15.4013 0.1 34.2989
10.584 2184.78 145.818 -15.3879 0.1 34.2989
10.5943 2186.28 145.66 -15.3745 0.1 34.2989
10.6046 2187.78 145.502 -15.3611 0.1 34.2989
10.615 2189.28 145.343 -15.3478 0.1 34.2989
10.6253 2190.78 145.185 -15.3344 0.1 34.2989
10.6356 2192.28 145.027 -15.3211 0.1 34.2989
10.6456 2193.73 144.873 -15.3086 0.1 34.3037
10.6556 2195.18 144.72 -15.2954 0.1 34.2989
10.6657 2196.63 144.567 -15.2829 0.1 34.3038
10.6757 2198.08 144.414 -15.2697 0.1 34.2989
10.6857 2199.53 144.26 -15.2573 0.1 34.3038
10.6958 2200.98 144.107 -15.2441 0.1 34.2989
10.7059 2202.43 143.953 -15.2317 0.1 34.3038
10.7159 2203.88 143.8 -15.2186 0.1 34.2989
10.726 2205.33 143.647 -15.2062 0.1 34.3038
10.7361 2206.78 143.493 -15.1931 0.1 34.2989
10.7462 2208.23 143.339 -15.1808 0.1 34.3038
10.7564 2209.68 143.186 -15.1677 0.1 34.2989
10.7665 2211.13 143.032 -15.1554 0.1 34.3038
10.7766 2212.58 142.879 -15.1423 0.1 34.2989
10.7868 2214.03 142.725 -15.13 0.1 34.3038
10.797 2215.48 142.571 -15.117 0.1 34.2989
10.8071 2216.93 142.417 -15.1047 0.1 34.3038
10.8173 2218.38 142.264 -15.0917 0.1 34.2989
10.8275 2219.83 142.11 -15.0795 0.1 34.3038
10.8377 2221.28 141.956 -15.0665 0.1 34.2989
10.848 2222.73 141.802 -15.0544 0.1 34.3038
10.8582 2224.18 141.648 -15.0414 0.1 34.2989
10.8684 2225.63 141.494 -15.0292 0.1 34.3038
10.8787 2227.08 141.34 -15.0163 0.1 34.2989
10.8889 2228.53 141.186 -15.0042 0.1 34.3038
10.8992 2229.98 141.032 -14.9913 0.1 34.2988
10.9095 2231.43 140.878 -14.9792 0.1 34.3038
10.9198 2232.88 140.723 -14.9664 0.1 34.2988
10.9301 2234.33 140.569 -14.9543 0.1 34.3038
10.9404 2235.78 140.415 -14.9415 0.1 34.2988
10.9508 2237.23 140.261 -14.9294 0.1 34.3038
10.9611 2238.68 140.106 -14.9166 0.1 34.2988
10.9715 2240.13 139.952 -14.9046 0.1 34.3038
10.9815 2241.53 139.803 -14.8926 0.1 34.3038
10.9915 2242.93 139.654 -14.8807 0.1 34.3038
11.0015 2244.33 139.504 -14.8688 0.1 34.3038
11.0116 2245.73 139.355 -14.8568 0.1 34.3038
11.0216 2247.13 139.206 -14.8449 0.1 34.3038
11.0317 2248.53 139.057 -14.833 0.1 34.3038
11.0418 2249.93 138.907 -14.8212 0.1 34.3039
11.0518 2251.33 138.758 -14.8093 0.1 34.3039
11.0619 2252.73 138.608 -14.7974 0.1 34.3039
11.072 2254.13 138.459 -14.7856 0.1 34.3039
11.0822 2255.53 138.309 -14.7738 0.1 34.3039
11.0923 2256.93 138.16 -14.762 0.1 34.3039
11.1024 2258.33 138.01 -14.7502 0.1 34.3039
11.1126 2259.73 137.861 -14.7384 0.1 34.3039
11.1227 2261.13 137.711 -14.7266 0.1 34.3039
11.1329 2262.53 137.561 -14.7148 0.1 34.3039
11.1431 2263.93 137.411 -14.7031 0.1 34.3039
11.1533 2265.33 137.262 -14.6914 0.1 34.3039
11.1635 2266.73 137.112 -14.6796 0.1 34.3039
11.1737 2268.13 136.962 -14.6679 0.1 34.3039
11.1839 2269.53 136.812 -14.6562 0.1 34.3039
11.1942 2270.93 136.662 -14.6446 0.1 34.3039
11.2044 2272.33 136.512 -14.6329 0.1 34.3039
11.2147 2273.73 136.362 -14.6212 0.1 34.3039
11.225 2275.13 136.212 -14.6096 0.1 34.3039
11.2352 2276.53 136.061 -14.598 0.1 34.3039
11.2455 2277.93 135.911 -14.5864 0.1 34.3039
11.2558 2279.33 135.761 -14.5748 0.1 34.3039
11.2662 2280.73 135.611 -14.5632 0.1 34.3039
11.2765 2282.13 135.46 -14.5516 0.1 34.3039
11.2868 2283.53 135.31 -14.54 0.1 34.3039
11.2972 2284.93 135.159 -14.5285 0.1 34.3039
11.3076 2286.33 135.009 -14.5169 0.1 34.3039
11.3176 2287.68 134.864 -14.5055 0.1 34.2987
11.3276 2289.03 134.718 -14.4947 0.1 34.3039
11.3376 2290.38 134.573 -14.4833 0.1 34.2987
11.3476 2291.73 134.428 -14.4726 0.1 34.3039
11.3577 2293.08 134.282 -14.4611 0.1 34.2987
11.3677 2294.43 134.137 -14.4504 0.1 34.3039
11.3778 2295.78 133.992 -14.439 0.1 34.2987
11.3879 2297.13 133.846 -14.4284 0.1 34.3039
11.398 2298.48 133.7 -14.417 0.1 34.2987
11.4081 2299.83 133.555 -14.4063 0.1 34.304
11.4182 2301.18 133.409 -14.395 0.1 34.2987
11.4283 2302.53 133.264 -14.3844 0.1 34.304
11.4385 2303.88 133.118 -14.373 0.1 34.2987
11.4486 2305.23 132.972 -14.3624 0.1 34.304
11.4588 2306.58 132.826 -14.3511 0.1 34.2987
11.4689 2307.93 132.68 -14.3406 0.1 34.304
11.4791 2309.28 132.534 -14.3293 0.1 34.2987
11.4893 2310.63 132.388 -14.3187 0.1 34.304
11.4995 2311.98 132.242 -14.3075 0.1 34.2987
11.5097 2313.33 132.096 -14.2969 0.1 34.304
11.52 2314.68 131.95 -14.2857 0.1 34.2987
11.5302 2316.03 131.804 -14.2752 0.1 34.304
11.5404 2317.38 131.658 -14.264 0.1 34.2987
11.5507 2318.73 131.511 -14.2535 0.1 34.304
11.561 2320.08 131.365 -14.2423 0.1 34.2987
11.5713 2321.43 131.219 -14.2319 0.1 34.304
11.5815 2322.78 131.072 -14.2207 0.1 34.2987
11.5919 2324.13 130.926 -14.2103 0.1 34.304
11.6022 2325.48 130.779 -14.1991 0.1 34.2987
11.6125 2326.83 130.633 -14.1887 0.1 34.304
11.6228 2328.18 130.486 -14.1776 0.1 34.2986
11.6332 2329.53 130.339 -14.1672 0.1 34.304
11.6436 2330.88 130.192 -14.1561 0.1 34.2986
11.6539 2332.23 130.046 -14.1457 0.1 34.304
11.6639 2333.53 129.904 -14.1354 0.1 34.304
11.6739 2334.83 129.763 -14.1251 0.1 34.304
11.684 2336.13 129.621 -14.1148 0.1 34.304
11.694 2337.43 129.48 -14.1045 0.1 34.304
11.7041 2338.73 129.338 -14.0943 0.1 34.304
11.7141 2340.03 129.196 -14.084 0.1 34.304
11.7242 2341.33 129.055 -14.0738 0.1 34.304
11.7343 2342.63 128.913 -14.0635 0.1 34.304
11.7443 2343.93 128.771 -14.0533 0.1 34.304
11.7544 2345.23 128.629 -14.0431 0.1 34.3041
11.7646 2346.53 128.487 -14.0328 0.1 34.3041
11.7747 2347.83 128.345 -14.0227 0.1 34.3041
11.7848 2349.13 128.203 -14.0125 0.1 34.3041
11.795 2350.43 128.061 -14.0023 0.1 34.3041
11.8051 2351.73 127.919 -13.9921 0.1 34.3041
11.8153 2353.03 127.776 -13.982 0.1 34.3041
11.8255 2354.33 127.634 -13.9718 0.1 34.3041
11.8357 2355.63 127.492 -13.9617 0.1 34.3041
11.8459 2356.93 127.349 -13.9516 0.1 34.3041
11.8561 2358.23 127.207 -13.9414 0.1 34.3041
11.8663 2359.53 127.064 -13.9313 0.1 34.3041
11.8765 2360.83 126.922 -13.9212 0.1 34.3041
11.8868 2362.13 126.779 -13.9112 0.1 34.3041
11.897 2363.43 126.637 -13.9011 0.1 34.3041
11.9073 2364.73 126.494 -13.891 0.1 34.3041
11.9176 2366.03 126.351 -13.881 0.1 34.3041
11.9279 2367.33 126.208 -13.8709 0.1 34.3041
11.9382 2368.63 126.065 -13.8609 0.1 34.3041
11.9485 2369.93 125.922 -13.8509 0.1 34.3041
11.9589 2371.23 125.779 -13.8409 0.1 34.3041
11.9692 2372.53 125.636 -13.8309 0.1 34.3041
11.9795 2373.83 125.493 -13.8209 0.1 34.3041
11.9899 2375.13 125.35 -13.8109 0.1 34.3041
12.0003 2376.43 125.207 -13.8009 0.1 34.3041
12.0107 2377.73 125.063 -13.791 0.1 34.3041
12.0207 2378.98 124.926 -13.7811 0.1 34.2985
12.0307 2380.23 124.788 -13.7719 0.1 34.3041
12.0407 2381.48 124.65 -13.762 0.1 34.2985
12.0507 2382.73 124.512 -13.7528 0.1 34.3041
12.0608 2383.98 124.373 -13.7429 0.1 34.2985
12.0708 2385.23 124.235 -13.7337 0.1 34.3041
12.0809 2386.48 124.097 -13.7239 0.1 34.2985
12.091 2387.73 123.959 -13.7147 0.1 34.3042
12.1011 2388.98 123.821 -13.7049 0.1 34.2985
12.1112 2390.23 123.682 -13.6958 0.1 34.3042
12.1213 2391.48 123.544 -13.686 0.1 34.2985
12.1314 2392.73 123.405 -13.6768 0.1 34.3042
12.1416 2393.98 123.267 -13.6671 0.1 34.2985
12.1517 2395.23 123.128 -13.6579 0.1 34.3042
12.1619 2396.48 122.989 -13.6482 0.1 34.2985
12.172 2397.73 122.851 -13.6391 0.1 34.3042
12.1822 2398.98 122.712 -13.6293 0.1 34.2985
12.1924 2400.23 122.573 -13.6203 0.1 34.3042
12.2026 2401.48 122.434 -13.6105 0.1 34.2985
12.2128 2402.73 122.295 -13.6015 0.1 34.3042
12.2231 2403.98 122.156 -13.5918 0.1 34.2985
12.2333 2405.23 122.017 -13.5827 0.1 34.3042
12.2435 2406.48 121.878 -13.5731 0.1 34.2985
12.2538 2407.73 121.738 -13.564 0.1 34.3042
12.2641 2408.98 121.599 -13.5544 0.1 34.2985
12.2744 2410.23 121.46 -13.5454 0.1 34.3042
12.2847 2411.48 121.32 -13.5357 0.1 34.2984
12.295 2412.73 121.181 -13.5267 0.1 34.3042
12.3053 2413.98 121.041 -13.5171 0.1 34.2984
12.3156 2415.23 120.902 -13.5081 0.1 34.3042
12.326 2416.48 120.762 -13.4985 0.1 34.2984
12.3363 2417.73 120.622 -13.4896 0.1 34.3042
12.3467 2418.98 120.482 -13.48 0.1 34.2984
12.3571 2420.23 120.342 -13.4711 0.1 34.3042
12.3675 2421.48 120.202 -13.4615 0.1 34.2984
12.3779 2422.73 120.062 -13.4526 0.1 34.3042
12.3879 2423.93 119.928 -13.4437 0.1 34.3042
12.3979 2425.13 119.793 -13.4349 0.1 34.3043
12.4079 2426.33 119.659 -13.426 0.1 34.3043
12.4179 2427.53 119.524 -13.4172 0.1 34.3043
12.428 2428.73 119.389 -13.4084 0.1 34.3043
12.438 2429.93 119.255 -13.3996 0.1 34.3043
12.4481 2431.13 119.12 -13.3908 0.1 34.3043
12.4582 2432.33 118.985 -13.382 0.1 34.3043
12.4683 2433.53 118.85 -13.3732 0.1 34.3043
12.4784 2434.73 118.715 -13.3644 0.1 34.3043
12.4885 2435.93 118.58 -13.3556 0.1 34.3043
12.4986 2437.13 118.444 -13.3468 0.1 34.3043
12.5088 2438.33 118.309 -13.3381 0.1 34.3043
12.5189 2439.53 118.174 -13.3293 0.1 34.3043
12.5291 2440.73 118.038 -13.3206 0.1 34.3043
12.5393 2441.93 117.903 -13.3119 0.1 34.3043
12.5494 2443.13 117.767 -13.3031 0.1 34.3043
12.5596 2444.33 117.632 -13.2944 0.1 34.3043
12.5698 2445.53 117.496 -13.2857 0.1 34.3043
12.5801 2446.73 117.361 -13.277 0.1 34.3043
12.5903 2447.93 117.225 -13.2683 0.1 34.3043
12.6005 2449.13 117.089 -13.2597 0.1 34.3043
12.6108 2450.33 116.953 -13.251 0.1 34.3043
12.6211 2451.53 116.817 -13.2423 0.1 34.3043
12.6313 2452.73 116.681 -13.2337 0.1 34.3043
12.6416 2453.93 116.545 -13.225 0.1 34.3043
12.6519 2455.13 116.409 -13.2164 0.1 34.3043
12.6622 2456.33 116.272 -13.2077 0.1 34.3043
12.6726 2457.53 116.136 -13.1991 0.1 34.3043
12.6829 2458.73 115.999 -13.1905 0.1 34.3043
12.6933 2459.93 115.863 -13.1819 0.1 34.3044
12.7036 2461.13 115.726 -13.1733 0.1 34.3044
12.714 2462.33 115.59 -13.1647 0.1 34.3044
12.7244 2463.53 115.453 -13.1561 0.1 34.3044
12.7348 2464.73 115.316 -13.1475 0.1 34.3044
12.7452 2465.93 115.179 -13.139 0.1 34.3044
12.7556 2467.13 115.043 -13.1304 0.1 34.3044
12.7656 2468.28 114.911 -13.1219 0.1 34.2983
12.7756 2469.43 114.78 -13.114 0.1 34.3044
12.7857 2470.58 114.648 -13.1056 0.1 34.2983
12.7957 2471.73 114.517 -13.0977 0.1 34.3044
12.8057 2472.88 114.385 -13.0892 0.1 34.2983
12.8158 2474.03 114.254 -13.0814 0.1 34.3044
12.8259 2475.18 114.122 -13.0729 0.1 34.2983
12.836 2476.33 113.99 -13.0651 0.1 34.3044
12.8461 2477.48 113.858 -13.0566 0.1 34.2983
12.8562 2478.63 113.727 -13.0488 0.1 34.3044
12.8663 2479.78 113.595 -13.0404 0.1 34.2982
12.8764 2480.93 113.462 -13.0326 0.1 34.3044
12.8866 2482.08 113.33 -13.0242 0.1 34.2982
12.8967 2483.23 113.198 -13.0164 0.1 34.3044
12.9069 2484.38 113.066 -13.008 0.1 34.2982
12.917 2485.53 112.934 -13.0002 0.1 34.3044
12.9272 2486.68 112.801 -12.9919 0.1 34.2982
12.9374 2487.83 112.669 -12.9841 0.1 34.3044
12.9477 2488.98 112.536 -12.9757 0.1 34.2982
12.9579 2490.13 112.403 -12.968 0.1 34.3044
12.9681 2491.28 112.271 -12.9596 0.1 34.2982
12.9784 2492.43 112.138 -12.9519 0.1 34.3045
12.9886 2493.58 112.005 -12.9436 0.1 34.2982
12.9989 2494.73 111.872 -12.9358 0.1 34.3045
13.0092 2495.88 111.739 -12.9275 0.1 34.2982
13.0195 2497.03 111.606 -12.9198 0.1 34.3045
13.0298 2498.18 111.473 -12.9115 0.1 34.2982
13.0401 2499.33 111.34 -12.9038 0.1 34.3045
13.0505 2500.48 111.206 -12.8955 0.1 34.2982
13.0608 2501.63 111.073 -12.8879 0.1 34.3045
13.0712 2502.78 110.939 -12.8796 0.1 34.2982
13.0815 2503.93 110.806 -12.8719 0.1 34.3045
13.0919 2505.08 110.672 -12.8637 0.1 34.2982
13.1023 2506.23 110.539 -12.856 0.1 34.3045
13.1127 2507.38 110.405 -12.8478 0.1 34.2982
13.1231 2508.53 110.271 -12.8401 0.1 34.3045
13.1336 2509.68 110.137 -12.8319 0.1 34.2982
13.144 2510.83 110.003 -12.8243 0.1 34.3045
13.154 2511.93 109.875 -12.8167 0.1 34.3045
13.1641 2513.03 109.746 -12.8092 0.1 34.3045
13.1741 2514.13 109.618 -12.8016 0.1 34.3045
13.1841 2515.23 109.489 -12.7941 0.1 34.3045
13.1942 2516.33 109.361 -12.7865 0.1 34.3045
13.2042 2517.43 109.232 -12.779 0.1 34.3045
13.2143 2518.53 109.103 -12.7715 0.1 34.3045
13.2244 2519.63 108.975 -12.7639 0.1 34.3045
13.2345 2520.73 108.846 -12.7564 0.1 34.3045
13.2446 2521.83 108.717 -12.7489 0.1 34.3046
13.2547 2522.93 108.588 -12.7414 0.1 34.3046
13.2649 2524.03 108.459 -12.7339 0.1 34.3046
13.275 2525.13 108.329 -12.7264 0.1 34.3046
13.2852 2526.23 108.2 -12.7189 0.1 34.3046
13.2954 2527.33 108.071 -12.7115 0.1 34.3046
13.3055 2528.43 107.941 -12.704 0.1 34.3046
13.3157 2529.53 107.812 -12.6965 0.1 34.3046
13.326 2530.63 107.682 -12.6891 0.1 34.3046
13.3362 2531.73 107.553 -12.6816 0.1 34.3046
13.3464 2532.83 107.423 -12.6742 0.1 34.3046
13.3567 2533.93 107.293 -12.6667 0.1 34.3046
13.3669 2535.03 107.163 -12.6593 0.1 34.3046
13.3772 2536.13 107.033 -12.6519 0.1 34.3046
13.3875 2537.23 106.903 -12.6445 0.1 34.3046
13.3978 2538.33 106.773 -12.6371 0.1 34.3046
13.4081 2539.43 106.643 -12.6296 0.1 34.3046
13.4184 2540.53 106.512 -12.6223 0.1 34.3046
13.4287 2541.63 106.382 -12.6149 0.1 34.3046
13.4391 2542.73 106.252 -12.6075 0.1 34.3046
13.4494 2543.83 106.121 -12.6001 0.1 34.3046
13.4598 2544.93 105.99 -12.5927 0.1 34.3046
13.4702 2546.03 105.86 -12.5854 0.1 34.3046
13.4806 2547.13 105.729 -12.578 0.1 34.3046
13.491 2548.23 105.598 -12.5706 0.1 34.3046
13.5014 2549.33 105.467 -12.5633 0.1 34.3046
13.5119 2550.43 105.336 -12.556 0.1 34.3047
13.5223 2551.53 105.205 -12.5486 0.1 34.3047
13.5328 2552.63 105.073 -12.5413 0.1 34.3047
13.5433 2553.73 104.942 -12.534 0.1 34.3047
13.5533 2554.78 104.817 -12.5267 0.1 34.298
13.5633 2555.83 104.691 -12.52 0.1 34.3047
13.5733 2556.88 104.565 -12.5128 0.1 34.298
13.5834 2557.93 104.44 -12.5061 0.1 34.3047
13.5934 2558.98 104.314 -12.4989 0.1 34.298
13.6035 2560.03 104.188 -12.4922 0.1 34.3047
13.6136 2561.08 104.062 -12.485 0.1 34.298
13.6237 2562.13 103.936 -12.4783 0.1 34.3047
13.6338 2563.18 103.81 -12.4711 0.1 34.298
13.6439 2564.23 103.684 -12.4644 0.1 34.3047
13.654 2565.28 103.558 -12.4572 0.1 34.298
13.6642 2566.33 103.431 -12.4506 0.1 34.3047
13.6743 2567.38 103.305 -12.4434 0.1 34.2979
13.6845 2568.43 103.178 -12.4368 0.1 34.3047
13.6947 2569.48 103.052 -12.4296 0.1 34.2979
13.7049 2570.53 102.925 -12.423 0.1 34.3047
13.7151 2571.58 102.798 -12.4158 0.1 34.2979
13.7253 2572.63 102.671 -12.4092 0.1 34.3047
13.7356 2573.68 102.544 -12.4021 0.1 34.2979
13.7458 2574.73 102.417 -12.3955 0.1 34.3047
13.7561 2575.78 102.29 -12.3883 0.1 34.2979
13.7663 2576.83 102.163 -12.3817 0.1 34.3048
13.7766 2577.88 102.036 -12.3746 0.1 34.2979
13.7869 2578.93 101.908 -12.368 0.1 34.3048
13.7972 2579.98 101.781 -12.3609 0.1 34.2979
13.8076 2581.03 101.653 -12.3543 0.1 34.3048
13.8179 2582.08 101.526 -12.3473 0.1 34.2979
13.8282 2583.13 101.398 -12.3407 0.1 34.3048
13.8386 2584.18 101.27 -12.3336 0.1 34.2979
13.849 2585.23 101.142 -12.3271 0.1 34.3048
13.8594 2586.28 101.014 -12.32 0.1 34.2979
13.8698 2587.33 100.886 -12.3134 0.1 34.3048
13.8802 2588.38 100.758 -12.3064 0.1 34.2979
13.8906 2589.43 100.63 -12.2999 0.1 34.3048
13.901 2590.48 100.501 -12.2928 0.1 34.2978
13.9115 2591.53 100.373 -12.2863 0.1 34.3048
13.922 2592.58 100.244 -12.2793 0.1 34.2978
13.9325 2593.63 100.115 -12.2728 0.1 34.3048
13.9429 2594.68 99.9867 -12.2657 0.1 34.2978
13.953 2595.68 99.8639 -12.2593 0.1 34.2978
13.963 2596.68 99.7411 -12.2529 0.1 34.2978
13.973 2597.68 99.6182 -12.2464 0.1 34.2978
13.9831 2598.68 99.4953 -12.24 0.1 34.2978
13.9931 2599.68 99.3722 -12.2336 0.1 34.2978
14.0032 2600.68 99.249 -12.2272 0.1 34.2978
14.0133 2601.68 99.1258 -12.2208 0.1 34.2978
14.0234 2602.68 99.0025 -12.2144 0.1 34.2978
14.0335 2603.68 98.879 -12.208 0.1 34.2978
14.0436 2604.68 98.7555 -12.2016 0.1 34.2978
14.0537 2605.68 98.6319 -12.1952 0.1 34.2978
14.0639 2606.68 98.5082 -12.1888 0.1 34.2978
14.074 2607.68 98.3844 -12.1825 0.1 34.2978
14.0842 2608.68 98.2606 -12.1761 0.1 34.2978
14.0944 2609.68 98.1366 -12.1697 0.1 34.2978
14.1046 2610.68 98.0125 -12.1634 0.1 34.2978
14.1148 2611.68 97.8884 -12.157 0.1 34.2978
14.125 2612.68 97.7642 -12.1507 0.1 34.2978
14.1352 2613.68 97.6398 -12.1443 0.1 34.2977
14.1455 2614.68 97.5154 -12.138 0.1 34.2977
14.1557 2615.68 97.3909 -12.1317 0.1 34.2977
14.166 2616.68 97.2662 -12.1253 0.1 34.2977
14.1763 2617.68 97.1415 -12.119 0.1 34.2977
14.1866 2618.68 97.0167 -12.1127 0.1 34.2977
14.1969 2619.68 96.8918 -12.1064 0.1 34.2977
14.2073 2620.68 96.7668 -12.1001 0.1 34.2977
14.2176 2621.68 96.6417 -12.0938 0.1 34.2977
14.228 2622.68 96.5165 -12.0875 0.1 34.2977
14.2383 2623.68 96.3912 -12.0812 0.1 34.2977
14.2487 2624.68 96.2659 -12.0749 0.1 34.2977
14.2591 2625.68 96.1404 -12.0686 0.1 34.2977
14.2695 2626.68 96.0148 -12.0623 0.1 34.2977
14.2799 2627.68 95.8891 -12.0561 0.1 34.2977
14.2904 2628.68 95.7633 -12.0498 0.1 34.2977
14.3008 2629.68 95.6374 -12.0435 0.1 34.2977
14.3113 2630.68 95.5115 -12.0373 0.1 34.2977
14.3218 2631.68 95.3854 -12.031 0.1 34.2977
14.3322 2632.68 95.2592 -12.0248 0.1 34.2977
14.3427 2633.68 95.1329 -12.0185 0.1 34.2977
14.3533 2634.68 95.0065 -12.0123 0.1 34.2976
14.3633 2635.63 94.8863 -12.0066 0.1 34.305
14.3733 2636.58 94.7661 -12.0005 0.1 34.2976
14.3833 2637.53 94.6457 -11.9948 0.1 34.305
14.3934 2638.48 94.5253 -11.9886 0.1 34.2976
14.4034 2639.43 94.4048 -11.983 0.1 34.305
14.4135 2640.38 94.2841 -11.9768 0.1 34.2976
14.4236 2641.33 94.1634 -11.9712 0.1 34.305
14.4337 2642.28 94.0426 -11.965 0.1 34.2976
14.4438 2643.23 93.9216 -11.9594 0.1 34.3051
14.4539 2644.18 93.8006 -11.9533 0.1 34.2976
14.464 2645.13 93.6795 -11.9476 0.1 34.3051
14.4742 2646.08 93.5583 -11.9415 0.1 34.2976
14.4843 2647.03 93.437 -11.9359 0.1 34.3051
14.4945 2647.98 93.3156 -11.9298 0.1 34.2976
14.5047 2648.93 93.1941 -11.9242 0.1 34.3051
14.5149 2649.88 93.0725 -11.9181 0.1 34.2976
14.5251 2650.83 92.9508 -11.9125 0.1 34.3051
14.5354 2651.78 92.829 -11.9064 0.1 34.2976
14.5456 2652.73 92.7071 -11.9008 0.1 34.3051
14.5558 2653.68 92.5851 -11.8947 0.1 34.2976
14.5661 2654.63 92.463 -11.8891 0.1 34.3051
14.5764 2655.58 92.3408 -11.8831 0.1 34.2975
14.5867 2656.53 92.2185 -11.8775 0.1 34.3051
14.597 2657.48 92.096 -11.8714 0.1 34.2975
14.6073 2658.43 91.9735 -11.8658 0.1 34.3051
14.6177 2659.38 91.8509 -11.8598 0.1 34.2975
14.628 2660.33 91.7282 -11.8542 0.1 34.3051
14.6384 2661.28 91.6054 -11.8482 0.1 34.2975
14.6488 2662.23 91.4824 -11.8426 0.1 34.3052
14.6591 2663.18 91.3594 -11.8366 0.1 34.2975
14.6695 2664.13 91.2363 -11.831 0.1 34.3052
14.68 2665.08 91.113 -11.825 0.1 34.2975
14.6904 2666.03 90.9897 -11.8195 0.1 34.3052
14.7009 2666.98 90.8662 -11.8135 0.1 34.2975
14.7113 2667.93 90.7426 -11.8079 0.1 34.3052
14.7218 2668.88 90.619 -11.8019 0.1 34.2975
14.7323 2669.83 90.4952 -11.7964 0.1 34.3052
14.7428 2670.78 90.3713 -11.7904 0.1 34.2975
14.7533 2671.73 90.2473 -11.7849 0.1 34.3052
14.7638 2672.68 90.1232 -11.7789 0.1 34.2974
14.7744 2673.63 89.999 -11.7734 0.1 34.3052
14.7844 2674.53 89.8812 -11.768 0.1 34.3052
14.7944 2675.43 89.7633 -11.7625 0.1 34.3052
14.8045 2676.33 89.6453 -11.7571 0.1 34.3052
14.8145 2677.23 89.5272 -11.7517 0.1 34.3052
14.8246 2678.13 89.409 -11.7462 0.1 34.3052
14.8346 2679.03 89.2907 -11.7408 0.1 34.3053
14.8447 2679.93 89.1723 -11.7354 0.1 34.3053
14.8548 2680.83 89.0538 -11.73 0.1 34.3053
14.8649 2681.73 88.9352 -11.7246 0.1 34.3053
14.8751 2682.63 88.8165 -11.7192 0.1 34.3053
14.8852 2683.53 88.6977 -11.7138 0.1 34.3053
14.8954 2684.43 88.5788 -11.7084 0.1 34.3053
14.9055 2685.33 88.4598 -11.703 0.1 34.3053
14.9157 2686.23 88.3407 -11.6976 0.1 34.3053
14.9259 2687.13 88.2215 -11.6922 0.1 34.3053
14.9361 2688.03 88.1021 -11.6868 0.1 34.3053
14.9463 2688.93 87.9827 -11.6815 0.1 34.3053
14.9566 2689.83 87.8631 -11.6761 0.1 34.3053
14.9668 2690.73 87.7435 -11.6707 0.1 34.3053
14.9771 2691.63 87.6237 -11.6654 0.1 34.3053
14.9874 2692.53 87.5038 -11.66 0.1 34.3053
14.9976 2693.43 87.3839 -11.6546 0.1 34.3053
15.008 2694.33 87.2638 -11.6493 0.1 34.3053
15.0183 2695.23 87.1436 -11.6439 0.1 34.3053
15.0286 2696.13 87.0232 -11.6386 0.1 34.3054
15.039 2697.03 86.9028 -11.6333 0.1 34.3054
15.0493 2697.93 86.7823 -11.6279 0.1 34.3054
15.0597 2698.83 86.6616 -11.6226 0.1 34.3054
15.0701 2699.73 86.5409 -11.6173 0.1 34.3054
15.0805 2700.63 86.42 -11.6119 0.1 34.3054
15.0909 2701.53 86.299 -11.6066 0.1 34.3054
15.1014 2702.43 86.1779 -11.6013 0.1 34.3054
15.1118 2703.33 86.0567 -11.596 0.1 34.3054
15.1223 2704.23 85.9354 -11.5907 0.1 34.3054
15.1328 2705.13 85.8139 -11.5854 0.1 34.3054
15.1433 2706.03 85.6923 -11.5801 0.1 34.3054
15.1538 2706.93 85.5707 -11.5748 0.1 34.3054
15.1643 2707.83 85.4489 -11.5695 0.1 34.3054
15.1748 2708.73 85.3269 -11.5642 0.1 34.3054
15.1854 2709.63 85.2049 -11.5589 0.1 34.3054
15.196 2710.53 85.0827 -11.5536 0.1 34.3054
15.2065 2711.43 84.9605 -11.5483 0.1 34.3055
15.2166 2712.28 84.8449 -11.5431 0.1 34.2972
15.2266 2713.13 84.7292 -11.5383 0.1 34.3055
15.2366 2713.98 84.6134 -11.5332 0.1 34.2972
15.2467 2714.83 84.4975 -11.5284 0.1 34.3055
15.2567 2715.68 84.3814 -11.5232 0.1 34.2972
15.2668 2716.53 84.2653 -11.5185 0.1 34.3055
15.2769 2717.38 84.149 -11.5133 0.1 34.2972
15.287 2718.23 84.0327 -11.5085 0.1 34.3055
15.2971 2719.08 83.9162 -11.5034 0.1 34.2972
15.3073 2719.93 83.7996 -11.4986 0.1 34.3055
15.3174 2720.78 83.6829 -11.4935 0.1 34.2971
15.3276 2721.63 83.5661 -11.4887 0.1 34.3055
15.3378 2722.48 83.4492 -11.4836 0.1 34.2971
15.348 2723.33 83.3322 -11.4788 0.1 34.3055
15.3582 2724.18 83.215 -11.4737 0.1 34.2971
15.3684 2725.03 83.0978 -11.469 0.1 34.3055
15.3786 2725.88 82.9804 -11.4638 0.1 34.2971
15.3889 2726.73 82.8629 -11.4591 0.1 34.3056
15.3992 2727.58 82.7453 -11.454 0.1 34.2971
15.4094 2728.43 82.6276 -11.4493 0.1 34.3056
15.4197 2729.28 82.5098 -11.4442 0.1 34.2971
15.43 2730.13 82.3918 -11.4394 0.1 34.3056
15.4404 2730.98 82.2737 -11.4343 0.1 34.2971
15.4507 2731.83 82.1555 -11.4296 0.1 34.3056
15.4611 2732.68 82.0372 -11.4245 0.1 34.2971
15.4714 2733.53 81.9188 -11.4198 0.1 34.3056
15.4818 2734.38 81.8002 -11.4147 0.1 34.2971
15.4922 2735.23 81.6815 -11.41 0.1 34.3056
15.5026 2736.08 81.5627 -11.4049 0.1 34.297
15.5131 2736.93 81.4438 -11.4003 0.1 34.3056
15.5235 2737.78 81.3248 -11.3952 0.1 34.297
15.534 2738.63 81.2056 -11.3905 0.1 34.3056
15.5444 2739.48 81.0863 -11.3854 0.1 34.297
15.5549 2740.33 80.9669 -11.3808 0.1 34.3057
15.5654 2741.18 80.8473 -11.3757 0.1 34.297
15.576 2742.03 80.7277 -11.371 0.1 34.3057
15.5865 2742.88 80.6079 -11.3659 0.1 34.297
15.597 2743.73 80.488 -11.3613 0.1 34.3057
15.6076 2744.58 80.3679 -11.3562 0.1 34.297
15.6182 2745.43 80.2477 -11.3516 0.1 34.3057
15.6288 2746.28 80.1274 -11.3465 0.1 34.297
15.6394 2747.13 80.007 -11.3419 0.1 34.3057
15.6494 2747.93 79.8935 -11.3373 0.1 34.3057
15.6594 2748.73 79.7799 -11.3328 0.1 34.3057
15.6695 2749.53 79.6662 -11.3282 0.1 34.3057
15.6795 2750.33 79.5524 -11.3237 0.1 34.3057
15.6896 2751.13 79.4385 -11.3191 0.1 34.3057
15.6997 2751.93 79.3244 -11.3146 0.1 34.3057
15.7098 2752.73 79.2103 -11.31 0.1 34.3057
15.7199 2753.53 79.096 -11.3055 0.1 34.3058
15.73 2754.33 78.9816 -11.301 0.1 34.3058
15.7401 2755.13 78.867 -11.2964 0.1 34.3058
15.7503 2755.93 78.7524 -11.2919 0.1 34.3058
15.7604 2756.73 78.6376 -11.2874 0.1 34.3058
15.7706 2757.53 78.5227 -11.2828 0.1 34.3058
15.7808 2758.33 78.4077 -11.2783 0.1 34.3058
15.791 2759.13 78.2926 -11.2738 0.1 34.3058
15.8013 2759.93 78.1773 -11.2693 0.1 34.3058
15.8115 2760.73 78.0619 -11.2648 0.1 34.3058
15.8218 2761.53 77.9464 -11.2603 0.1 34.3058
15.832 2762.33 77.8308 -11.2558 0.1 34.3058
15.8423 2763.13 77.715 -11.2513 0.1 34.3058
15.8526 2763.93 77.5991 -11.2468 0.1 34.3058
15.8629 2764.73 77.4831 -11.2423 0.1 34.3058
15.8733 2765.53 77.367 -11.2378 0.1 34.3059
15.8836 2766.33 77.2507 -11.2333 0.1 34.3059
15.894 2767.13 77.1343 -11.2288 0.1 34.3059
15.9044 2767.93 77.0178 -11.2243 0.1 34.3059
15.9148 2768.73 76.9011 -11.2198 0.1 34.3059
15.9252 2769.53 76.7843 -11.2153 0.1 34.3059
15.9356 2770.33 76.6674 -11.2109 0.1 34.3059
15.946 2771.13 76.5504 -11.2064 0.1 34.3059
15.9565 2771.93 76.4332 -11.2019 0.1 34.3059
15.967 2772.73 76.3159 -11.1974 0.1 34.3059
15.9775 2773.53 76.1984 -11.193 0.1 34.3059
15.988 2774.33 76.0808 -11.1885 0.1 34.3059
15.9985 2775.13 75.9631 -11.184 0.1 34.3059
16.009 2775.93 75.8453 -11.1796 0.1 34.3059
16.0196 2776.73 75.7273 -11.1751 0.1 34.306
16.0302 2777.53 75.6091 -11.1707 0.1 34.306
16.0408 2778.33 75.4909 -11.1662 0.1 34.306
16.0514 2779.13 75.3725 -11.1618 0.1 34.306
16.062 2779.93 75.2539 -11.1573 0.1 34.306
16.0726 2780.73 75.1352 -11.1529 0.1 34.306
16.0833 2781.53 75.0164 -11.1485 0.1 34.306
16.0933 2782.28 74.9049 -11.1441 0.1 34.2967
16.1033 2783.03 74.7932 -11.1401 0.1 34.306
16.1133 2783.78 74.6815 -11.1358 0.1 34.2966
16.1234 2784.53 74.5696 -11.1318 0.1 34.306
16.1335 2785.28 74.4575 -11.1275 0.1 34.2966
16.1435 2786.03 74.3454 -11.1236 0.1 34.306
16.1536 2786.78 74.2331 -11.1192 0.1 34.2966
16.1637 2787.53 74.1207 -11.1153 0.1 34.3061
16.1739 2788.28 74.0082 -11.1109 0.1 34.2966
16.184 2789.03 73.8955 -11.107 0.1 34.3061
16.1942 2789.78 73.7827 -11.1027 0.1 34.2966
16.2043 2790.53 73.6698 -11.0987 0.1 34.3061
16.2145 2791.28 73.5567 -11.0944 0.1 34.2966
16.2247 2792.03 73.4435 -11.0905 0.1 34.3061
16.235 2792.78 73.3302 -11.0862 0.1 34.2966
16.2452 2793.53 73.2167 -11.0822 0.1 34.3061
16.2555 2794.28 73.1031 -11.0779 0.1 34.2965
16.2657 2795.03 72.9894 -11.074 0.1 34.3061
16.276 2795.78 72.8755 -11.0697 0.1 34.2965
16.2863 2796.53 72.7615 -11.0658 0.1 34.3061
16.2966 2797.28 72.6474 -11.0615 0.1 34.2965
16.307 2798.03 72.5331 -11.0576 0.1 34.3062
16.3173 2798.78 72.4187 -11.0533 0.1 34.2965
16.3277 2799.53 72.3042 -11.0493 0.1 34.3062
16.338 2800.28 72.1895 -11.0451 0.1 34.2965
16.3484 2801.03 72.0747 -11.0412 0.1 34.3062
16.3589 2801.78 71.9597 -11.0369 0.1 34.2965
16.3693 2802.53 71.8446 -11.033 0.1 34.3062
16.3797 2803.28 71.7293 -11.0287 0.1 34.2965
16.3902 2804.03 71.6139 -11.0248 0.1 34.3062
16.4007 2804.78 71.4984 -11.0205 0.1 34.2964
16.4112 2805.53 71.3827 -11.0166 0.1 34.3062
16.4217 2806.28 71.2669 -11.0124 0.1 34.2964
16.4322 2807.03 71.1509 -11.0085 0.1 34.3062
16.4428 2807.78 71.0348 -11.0042 0.1 34.2964
16.4534 2808.53 70.9186 -11.0003 0.1 34.3063
16.4639 2809.28 70.8021 -10.9961 0.1 34.2964
16.4745 2810.03 70.6856 -10.9922 0.1 34.3063
16.4852 2810.78 70.5689 -10.9879 0.1 34.2964
16.4958 2811.53 70.452 -10.9841 0.1 34.3063
16.5065 2812.28 70.335 -10.9798 0.1 34.2964
16.5171 2813.03 70.2178 -10.9759 0.1 34.3063
16.5278 2813.78 70.1005 -10.9717 0.1 34.2963
16.5385 2814.53 69.9831 -10.9678 0.1 34.3063
16.5485 2815.23 69.8733 -10.9641 0.1 34.3063
16.5586 2815.93 69.7634 -10.9603 0.1 34.3063
16.5686 2816.63 69.6533 -10.9565 0.1 34.3064
16.5787 2817.33 69.5431 -10.9527 0.1 34.3064
16.5887 2818.03 69.4328 -10.949 0.1 34.3064
16.5988 2818.73 69.3224 -10.9452 0.1 34.3064
16.6089 2819.43 69.2118 -10.9414 0.1 34.3064
16.6191 2820.13 69.101 -10.9377 0.1 34.3064
16.6292 2820.83 68.9902 -10.9339 0.1 34.3064
16.6393 2821.53 68.8791 -10.9301 0.1 34.3064
16.6495 2822.23 68.768 -10.9264 0.1 34.3064
16.6597 2822.93 68.6567 -10.9226 0.1 34.3064
16.6699 2823.63 68.5453 -10.9189 0.1 34.3064
16.6801 2824.33 68.4337 -10.9151 0.1 34.3064
16.6904 2825.03 68.3219 -10.9114 0.1 34.3065
16.7006 2825.73 68.2101 -10.9076 0.1 34.3065
16.7109 2826.43 68.0981 -10.9039 0.1 34.3065
16.7212 2827.13 67.9859 -10.9001 0.1 34.3065
16.7315 2827.83 67.8736 -10.8964 0.1 34.3065
16.7418 2828.53 67.7611 -10.8926 0.1 34.3065
16.7522 2829.23 67.6485 -10.8889 0.1 34.3065
16.7625 2829.93 67.5358 -10.8852 0.1 34.3065
16.7729 2830.63 67.4229 -10.8814 0.1 34.3065
16.7833 2831.33 67.3098 -10.8777 0.1 34.3065
16.7937 2832.03 67.1966 -10.874 0.1 34.3065
16.8041 2832.73 67.0833 -10.8702 0.1 34.3065
16.8146 2833.43 66.9698 -10.8665 0.1 34.3066
16.825 2834.13 66.8561 -10.8628 0.1 34.3066
16.8355 2834.83 66.7423 -10.8591 0.1 34.3066
16.846 2835.53 66.6283 -10.8553 0.1 34.3066
16.8565 2836.23 66.5142 -10.8516 0.1 34.3066
16.867 2836.93 66.3999 -10.8479 0.1 34.3066
16.8776 2837.63 66.2854 -10.8442 0.1 34.3066
16.8882 2838.33 66.1708 -10.8405 0.1 34.3066
16.8988 2839.03 66.0561 -10.8368 0.1 34.3066
16.9094 2839.73 65.9411 -10.8331 0.1 34.3066
16.92 2840.43 65.8261 -10.8294 0.1 34.3066
16.9306 2841.13 65.7108 -10.8257 0.1 34.3067
16.9413 2841.83 65.5954 -10.822 0.1 34.3067
16.952 2842.53 65.4798 -10.8183 0.1 34.3067
16.9627 2843.23 65.3641 -10.8146 0.1 34.3067
16.9734 2843.93 65.2482 -10.8109 0.1 34.3067
16.9841 2844.63 65.1321 -10.8072 0.1 34.3067
16.9949 2845.33 65.0159 -10.8035 0.1 34.3067
17.0049 2845.98 64.9078 -10.7999 0.1 34.2959
17.0149 2846.63 64.7996 -10.7966 0.1 34.3067
17.025 2847.28 64.6912 -10.7931 0.1 34.2959
17.035 2847.93 64.5827 -10.7898 0.1 34.3067
17.0451 2848.58 64.474 -10.7862 0.1 34.2959
17.0552 2849.23 64.3652 -10.783 0.1 34.3068
17.0653 2849.88 64.2562 -10.7794 0.1 34.2959
17.0754 2850.53 64.1471 -10.7761 0.1 34.3068
17.0856 2851.18 64.0378 -10.7726 0.1 34.2959
17.0957 2851.83 63.9284 -10.7693 0.1 34.3068
17.1059 2852.48 63.8188 -10.7658 0.1 34.2958
17.1161 2853.13 63.709 -10.7625 0.1 34.3068
17.1263 2853.78 63.5992 -10.7589 0.1 34.2958
17.1365 2854.43 63.4891 -10.7557 0.1 34.3068
17.1468 2855.08 63.3789 -10.7521 0.1 34.2958
17.157 2855.73 63.2686 -10.7489 0.1 34.3069
17.1673 2856.38 63.158 -10.7453 0.1 34.2958
17.1776 2857.03 63.0474 -10.7421 0.1 34.3069
17.1879 2857.68 62.9365 -10.7386 0.1 34.2958
17.1983 2858.33 62.8255 -10.7353 0.1 34.3069
17.2086 2858.98 62.7144 -10.7318 0.1 34.2958
17.219 2859.63 62.6031 -10.7285 0.1 34.3069
17.2294 2860.28 62.4916 -10.725 0.1 34.2957
17.2398 2860.93 62.3799 -10.7218 0.1 34.3069
17.2503 2861.58 62.2681 -10.7182 0.1 34.2957
17.2607 2862.23 62.1562 -10.715 0.1 34.307
17.2712 2862.88 62.044 -10.7115 0.1 34.2957
17.2817 2863.53 61.9317 -10.7082 0.1 34.307
17.2922 2864.18 61.8192 -10.7047 0.1 34.2957
17.3027 2864.83 61.7066 -10.7015 0.1 34.307
17.3132 2865.48 61.5938 -10.698 0.1 34.2956
17.3238 2866.13 61.4808 -10.6948 0.1 34.307
17.3344 2866.78 61.3676 -10.6912 0.1 34.2956
17.345 2867.43 61.2543 -10.688 0.1 34.307
17.3556 2868.08 61.1408 -10.6845 0.1 34.2956
17.3662 2868.73 61.0271 -10.6813 0.1 34.3071
17.3769 2869.38 60.9132 -10.6778 0.1 34.2956
17.3876 2870.03 60.7992 -10.6746 0.1 34.3071
17.3983 2870.68 60.685 -10.6711 0.1 34.2956
17.409 2871.33 60.5706 -10.6679 0.1 34.3071
17.4198 2871.98 60.456 -10.6643 0.1 34.2955
17.4305 2872.63 60.3412 -10.6611 0.1 34.3071
17.4413 2873.28 60.2263 -10.6576 0.1 34.2955
17.4521 2873.93 60.1112 -10.6544 0.1 34.3072
17.4629 2874.58 59.9959 -10.6509 0.1 34.2955
17.4729 2875.18 59.8893 -10.6479 0.1 34.2955
17.483 2875.78 59.7825 -10.6448 0.1 34.2955
17.493 2876.38 59.6756 -10.6417 0.1 34.2955
17.5031 2876.98 59.5685 -10.6386 0.1 34.2955
17.5132 2877.58 59.4613 -10.6355 0.1 34.2954
17.5233 2878.18 59.3538 -10.6324 0.1 34.2954
17.5334 2878.78 59.2463 -10.6294 0.1 34.2954
17.5435 2879.38 59.1385 -10.6263 0.1 34.2954
17.5537 2879.98 59.0306 -10.6232 0.1 34.2954
17.5638 2880.58 58.9226 -10.6201 0.1 34.2954
17.574 2881.18 58.8143 -10.6171 0.1 34.2954
17.5842 2881.78 58.7059 -10.614 0.1 34.2954
17.5945 2882.38 58.5974 -10.6109 0.1 34.2954
17.6047 2882.98 58.4886 -10.6078 0.1 34.2953
17.615 2883.58 58.3797 -10.6048 0.1 34.2953
17.6253 2884.18 58.2706 -10.6017 0.1 34.2953
17.6356 2884.78 58.1614 -10.5986 0.1 34.2953
17.6459 2885.38 58.0519 -10.5956 0.1 34.2953
17.6563 2885.98 57.9423 -10.5925 0.1 34.2953
17.6666 2886.58 57.8325 -10.5895 0.1 34.2953
17.677 2887.18 57.7226 -10.5864 0.1 34.2953
17.6874 2887.78 57.6124 -10.5833 0.1 34.2953
17.6978 2888.38 57.5021 -10.5803 0.1 34.2952
17.7083 2888.98 57.3916 -10.5772 0.1 34.2952
17.7188 2889.58 57.281 -10.5742 0.1 34.2952
17.7292 2890.18 57.1701 -10.5711 0.1 34.2952
17.7397 2890.78 57.059 -10.5681 0.1 34.2952
17.7503 2891.38 56.9478 -10.565 0.1 34.2952
17.7608 2891.98 56.8364 -10.562 0.1 34.2952
17.7714 2892.58 56.7248 -10.5589 0.1 34.2952
17.782 2893.18 56.613 -10.5559 0.1 34.2951
17.7926 2893.78 56.501 -10.5528 0.1 34.2951
17.8032 2894.38 56.3889 -10.5498 0.1 34.2951
17.8139 2894.98 56.2765 -10.5467 0.1 34.2951
17.8245 2895.58 56.164 -10.5437 0.1 34.2951
17.8352 2896.18 56.0512 -10.5407 0.1 34.2951
17.846 2896.78 55.9383 -10.5376 0.1 34.2951
17.8567 2897.38 55.8251 -10.5346 0.1 34.2951
17.8675 2897.98 55.7118 -10.5316 0.1 34.295
17.8782 2898.58 55.5983 -10.5285 0.1 34.295
17.889 2899.18 55.4846 -10.5255 0.1 34.295
17.8999 2899.78 55.3706 -10.5225 0.1 34.295
17.9107 2900.38 55.2565 -10.5194 0.1 34.295
17.9216 2900.98 55.1422 -10.5164 0.1 34.295
17.9325 2901.58 55.0276 -10.5134 0.1 34.295
17.9425 2902.13 54.9224 -10.5108 0.1 34.3077
17.9525 2902.68 54.8171 -10.5079 0.1 34.2949
17.9625 2903.23 54.7116 -10.5052 0.1 34.3077
17.9726 2903.78 54.6059 -10.5023 0.1 34.2949
17.9827 2904.33 54.5 -10.4997 0.1 34.3078
17.9928 2904.88 54.3939 -10.4968 0.1 34.2949
18.0029 2905.43 54.2877 -10.4942 0.1 34.3078
18.0131 2905.98 54.1813 -10.4913 0.1 34.2949
18.0232 2906.53 54.0747 -10.4886 0.1 34.3078
18.0334 2907.08 53.9679 -10.4857 0.1 34.2948
18.0436 2907.63 53.8609 -10.4831 0.1 34.3078
18.0538 2908.18 53.7538 -10.4802 0.1 34.2948
18.0641 2908.73 53.6464 -10.4776 0.1 34.3079
18.0743 2909.28 53.5389 -10.4747 0.1 34.2948
18.0846 2909.83 53.4312 -10.4721 0.1 34.3079
18.0949 2910.38 53.3233 -10.4692 0.1 34.2948
18.1053 2910.93 53.2152 -10.4666 0.1 34.3079
18.1156 2911.48 53.1069 -10.4637 0.1 34.2947
18.126 2912.03 52.9985 -10.4611 0.1 34.3079
18.1364 2912.58 52.8898 -10.4582 0.1 34.2947
18.1468 2913.13 52.7809 -10.4556 0.1 34.308
18.1572 2913.68 52.6719 -10.4527 0.1 34.2947
18.1677 2914.23 52.5626 -10.4501 0.1 34.308
18.1781 2914.78 52.4532 -10.4472 0.1 34.2947
18.1886 2915.33 52.3435 -10.4446 0.1 34.308
18.1991 2915.88 52.2337 -10.4417 0.1 34.2946
18.2097 2916.43 52.1236 -10.4391 0.1 34.308
18.2203 2916.98 52.0133 -10.4362 0.1 34.2946
18.2308 2917.53 51.9029 -10.4336 0.1 34.3081
18.2414 2918.08 51.7922 -10.4308 0.1 34.2946
18.2521 2918.63 51.6813 -10.4282 0.1 34.3081
18.2627 2919.18 51.5702 -10.4253 0.1 34.2945
18.2734 2919.73 51.4589 -10.4227 0.1 34.3081
18.2841 2920.28 51.3474 -10.4198 0.1 34.2945
18.2948 2920.83 51.2357 -10.4172 0.1 34.3082
18.3056 2921.38 51.1237 -10.4144 0.1 34.2945
18.3164 2921.93 51.0116 -10.4118 0.1 34.3082
18.3272 2922.48 50.8992 -10.4089 0.1 34.2945
18.338 2923.03 50.7866 -10.4063 0.1 34.3082
18.3488 2923.58 50.6738 -10.4035 0.1 34.2944
18.3597 2924.13 50.5608 -10.4009 0.1 34.3083
18.3706 2924.68 50.4475 -10.398 0.1 34.2944
18.3815 2925.23 50.334 -10.3954 0.1 34.3083
18.3924 2925.78 50.2203 -10.3926 0.1 34.2944
18.4034 2926.33 50.1064 -10.39 0.1 34.3083
18.4144 2926.88 49.9922 -10.3871 0.1 34.2943
18.4244 2927.38 49.8882 -10.3847 0.1 34.2943
18.4344 2927.88 49.784 -10.3822 0.1 34.2943
18.4445 2928.38 49.6796 -10.3797 0.1 34.2943
18.4546 2928.88 49.575 -10.3773 0.1 34.2943
18.4647 2929.38 49.4703 -10.3748 0.1 34.2943
18.4748 2929.88 49.3653 -10.3723 0.1 34.2942
18.4849 2930.38 49.2601 -10.3699 0.1 34.2942
18.4951 2930.88 49.1548 -10.3674 0.1 34.2942
18.5053 2931.38 49.0492 -10.3649 0.1 34.2942
18.5155 2931.88 48.9434 -10.3625 0.1 34.2942
18.5257 2932.38 48.8375 -10.36 0.1 34.2942
18.5359 2932.88 48.7313 -10.3576 0.1 34.2941
18.5462 2933.38 48.6249 -10.3551 0.1 34.2941
18.5565 2933.88 48.5183 -10.3526 0.1 34.2941
18.5668 2934.38 48.4115 -10.3502 0.1 34.2941
18.5772 2934.88 48.3045 -10.3477 0.1 34.2941
18.5875 2935.38 48.1973 -10.3453 0.1 34.2941
18.5979 2935.88 48.0898 -10.3428 0.1 34.2941
18.6083 2936.38 47.9822 -10.3404 0.1 34.294
18.6188 2936.88 47.8743 -10.3379 0.1 34.294
18.6292 2937.38 47.7662 -10.3355 0.1 34.294
18.6397 2937.88 47.6579 -10.333 0.1 34.294
18.6502 2938.38 47.5494 -10.3306 0.1 34.294
18.6607 2938.88 47.4406 -10.3281 0.1 34.294
18.6713 2939.38 47.3316 -10.3257 0.1 34.2939
18.6819 2939.88 47.2224 -10.3232 0.1 34.2939
18.6925 2940.38 47.113 -10.3208 0.1 34.2939
18.7031 2940.88 47.0033 -10.3183 0.1 34.2939
18.7137 2941.38 46.8934 -10.3159 0.1 34.2939
18.7244 2941.88 46.7833 -10.3134 0.1 34.2939
18.7351 2942.38 46.673 -10.311 0.1 34.2938
18.7459 2942.88 46.5624 -10.3086 0.1 34.2938
18.7566 2943.38 46.4516 -10.3061 0.1 34.2938
18.7674 2943.88 46.3405 -10.3037 0.1 34.2938
18.7782 2944.38 46.2292 -10.3012 0.1 34.2938
18.789 2944.88 46.1176 -10.2988 0.1 34.2937
18.7999 2945.38 46.0058 -10.2964 0.1 34.2937
18.8108 2945.88 45.8938 -10.2939 0.1 34.2937
18.8217 2946.38 45.7815 -10.2915 0.1 34.2937
18.8326 2946.88 45.669 -10.2891 0.1 34.2937
18.8436 2947.38 45.5562 -10.2866 0.1 34.2936
18.8546 2947.88 45.4431 -10.2842 0.1 34.2936
18.8656 2948.38 45.3299 -10.2818 0.1 34.2936
18.8766 2948.88 45.2163 -10.2793 0.1 34.2936
18.8877 2949.38 45.1025 -10.2769 0.1 34.2936
18.8988 2949.88 44.9884 -10.2745 0.1 34.2936
18.9088 2950.33 44.8855 -10.2724 0.1 34.3091
18.9188 2950.78 44.7824 -10.2701 0.1 34.2935
18.9289 2951.23 44.6791 -10.268 0.1 34.3092
18.939 2951.68 44.5756 -10.2657 0.1 34.2935
18.9491 2952.13 44.4718 -10.2637 0.1 34.3092
18.9592 2952.58 44.3678 -10.2614 0.1 34.2934
18.9694 2953.03 44.2636 -10.2593 0.1 34.3092
18.9796 2953.48 44.1592 -10.257 0.1 34.2934
18.9898 2953.93 44.0546 -10.255 0.1 34.3093
19 2954.38 43.9497 -10.2527 0.1 34.2934
19.0103 2954.83 43.8446 -10.2506 0.1 34.3093
19.0205 2955.28 43.7392 -10.2483 0.1 34.2933
19.0308 2955.73 43.6337 -10.2462 0.1 34.3094
19.0412 2956.18 43.5279 -10.244 0.1 34.2933
19.0515 2956.63 43.4218 -10.2419 0.1 34.3094
19.0619 2957.08 43.3156 -10.2396 0.1 34.2933
19.0723 2957.53 43.209 -10.2375 0.1 34.3094
19.0827 2957.98 43.1023 -10.2353 0.1 34.2932
19.0932 2958.43 42.9953 -10.2332 0.1 34.3095
19.1037 2958.88 42.8881 -10.2309 0.1 34.2932
19.1142 2959.33 42.7806 -10.2289 0.1 34.3095
19.1247 2959.78 42.6728 -10.2266 0.1 34.2931
19.1353 2960.23 42.5649 -10.2245 0.1 34.3096
19.1458 2960.68 42.4566 -10.2223 0.1 34.2931
19.1565 2961.13 42.3481 -10.2202 0.1 34.3096
19.1671 2961.58 42.2394 -10.2179 0.1 34.293
19.1778 2962.03 42.1304 -10.2159 0.1 34.3096
19.1885 2962.48 42.0211 -10.2136 0.1 34.293
19.1992 2962.93 41.9116 -10.2115 0.1 34.3097
19.2099 2963.38 41.8018 -10.2093 0.1 34.293
19.2207 2963.83 41.6918 -10.2072 0.1 34.3097
19.2315 2964.28 41.5815 -10.2049 0.1 34.2929
19.2424 2964.73 41.4709 -10.2029 0.1 34.3098
19.2532 2965.18 41.36 -10.2006 0.1 34.2929
19.2641 2965.63 41.2489 -10.1986 0.1 34.3098
19.2751 2966.08 41.1374 -10.1963 0.1 34.2928
19.286 2966.53 41.0258 -10.1942 0.1 34.3099
19.297 2966.98 40.9138 -10.192 0.1 34.2928
19.308 2967.43 40.8015 -10.1899 0.1 34.3099
19.3191 2967.88 40.689 -10.1877 0.1 34.2927
19.3301 2968.33 40.5761 -10.1856 0.1 34.31
19.3412 2968.78 40.463 -10.1834 0.1 34.2927
19.3524 2969.23 40.3496 -10.1813 0.1 34.31
19.3636 2969.68 40.2359 -10.1791 0.1 34.2926
19.3748 2970.13 40.1219 -10.177 0.1 34.3101
19.386 2970.58 40.0076 -10.1747 0.1 34.2926
19.396 2970.98 39.9057 -10.1728 0.1 34.2926
19.406 2971.38 39.8036 -10.1709 0.1 34.2925
19.4161 2971.78 39.7013 -10.169 0.1 34.2925
19.4262 2972.18 39.5987 -10.1671 0.1 34.2925
19.4363 2972.58 39.4958 -10.1652 0.1 34.2925
19.4465 2972.98 39.3927 -10.1633 0.1 34.2924
19.4566 2973.38 39.2894 -10.1614 0.1 34.2924
19.4668 2973.78 39.1858 -10.1595 0.1 34.2924
19.477 2974.18 39.082 -10.1576 0.1 34.2924
19.4873 2974.58 38.9778 -10.1556 0.1 34.2924
19.4976 2974.98 38.8735 -10.1537 0.1 34.2923
19.5079 2975.38 38.7688 -10.1518 0.1 34.2923
19.5182 2975.78 38.664 -10.1499 0.1 34.2923
19.5286 2976.18 38.5588 -10.148 0.1 34.2923
19.539 2976.58 38.4534 -10.1461 0.1 34.2922
19.5494 2976.98 38.3477 -10.1442 0.1 34.2922
19.5598 2977.38 38.2417 -10.1423 0.1 34.2922
19.5703 2977.78 38.1355 -10.1404 0.1 34.2922
19.5808 2978.18 38.029 -10.1385 0.1 34.2921
19.5913 2978.58 37.9222 -10.1366 0.1 34.2921
19.6019 2978.98 37.8151 -10.1347 0.1 34.2921
19.6125 2979.38 37.7077 -10.1328 0.1 34.2921
19.6231 2979.78 37.6001 -10.1309 0.1 34.292
19.6338 2980.18 37.4921 -10.129 0.1 34.292
19.6445 2980.58 37.3839 -10.1271 0.1 34.292
19.6552 2980.98 37.2754 -10.1252 0.1 34.2919
19.6659 2981.38 37.1666 -10.1233 0.1 34.2919
19.6767 2981.78 37.0574 -10.1214 0.1 34.2919
19.6875 2982.18 36.948 -10.1195 0.1 34.2919
19.6984 2982.58 36.8383 -10.1176 0.1 34.2918
19.7092 2982.98 36.7283 -10.1157 0.1 34.2918
19.7202 2983.38 36.6179 -10.1138 0.1 34.2918
19.7311 2983.78 36.5073 -10.1119 0.1 34.2917
19.7421 2984.18 36.3963 -10.11 0.1 34.2917
19.7531 2984.58 36.285 -10.1081 0.1 34.2917
19.7641 2984.98 36.1734 -10.1062 0.1 34.2917
19.7752 2985.38 36.0614 -10.1043 0.1 34.2916
19.7863 2985.78 35.9492 -10.1024 0.1 34.2916
19.7975 2986.18 35.8366 -10.1005 0.1 34.2916
19.8086 2986.58 35.7237 -10.0986 0.1 34.2915
19.8199 2986.98 35.6104 -10.0968 0.1 34.2915
19.8311 2987.38 35.4968 -10.0949 0.1 34.2915
19.8424 2987.78 35.3828 -10.093 0.1 34.2914
19.8537 2988.18 35.2685 -10.0911 0.1 34.2914
19.8651 2988.58 35.1539 -10.0892 0.1 34.2914
19.8765 2988.98 35.0389 -10.0873 0.1 34.2913
19.8865 2989.33 34.938 -10.0857 0.1 34.3113
19.8965 2989.68 34.8368 -10.084 0.1 34.2913
19.9066 2990.03 34.7353 -10.0824 0.1 34.3114
19.9167 2990.38 34.6336 -10.0807 0.1 34.2912
19.9268 2990.73 34.5315 -10.0791 0.1 34.3115
19.937 2991.08 34.4292 -10.0774 0.1 34.2912
19.9471 2991.43 34.3266 -10.0758 0.1 34.3115
19.9574 2991.78 34.2237 -10.0741 0.1 34.2911
19.9676 2992.13 34.1205 -10.0725 0.1 34.3116
19.9779 2992.48 34.017 -10.0708 0.1 34.291
19.9882 2992.83 33.9132 -10.0692 0.1 34.3116
19.9985 2993.18 33.8091 -10.0675 0.1 34.291
20.0089 2993.53 33.7047 -10.0659 0.1 34.3117
20.0193 2993.88 33.6 -10.0642 0.1 34.2909
20.0297 2994.23 33.495 -10.0626 0.1 34.3118
20.0402 2994.58 33.3897 -10.0609 0.1 34.2909
20.0507 2994.93 33.284 -10.0593 0.1 34.3118
20.0612 2995.28 33.1781 -10.0576 0.1 34.2908
20.0718 2995.63 33.0718 -10.056 0.1 34.3119
20.0824 2995.98 32.9652 -10.0543 0.1 34.2907
20.093 2996.33 32.8582 -10.0527 0.1 34.312
20.1037 2996.68 32.751 -10.051 0.1 34.2906
20.1144 2997.03 32.6434 -10.0494 0.1 34.3121
20.1252 2997.38 32.5354 -10.0477 0.1 34.2906
20.1359 2997.73 32.4271 -10.0461 0.1 34.3121
20.1468 2998.08 32.3185 -10.0444 0.1 34.2905
20.1576 2998.43 32.2095 -10.0428 0.1 34.3122
20.1685 2998.78 32.1002 -10.0411 0.1 34.2904
20.1794 2999.13 31.9905 -10.0395 0.1 34.3123
20.1904 2999.48 31.8805 -10.0378 0.1 34.2904
20.2014 2999.83 31.7701 -10.0363 0.1 34.3123
20.2124 3000.18 31.6593 -10.0345 0.1 34.2903
20.2235 3000.53 31.5481 -10.033 0.1 34.3124
20.2346 3000.88 31.4366 -10.0312 0.1 34.2902
20.2458 3001.23 31.3247 -10.0297 0.1 34.3125
20.257 3001.58 31.2124 -10.028 0.1 34.2901
20.2682 3001.93 31.0998 -10.0264 0.1 34.3126
20.2795 3002.28 30.9867 -10.0247 0.1 34.29
20.2908 3002.63 30.8732 -10.0231 0.1 34.3127
20.3022 3002.98 30.7594 -10.0214 0.1 34.29
20.3136 3003.33 30.6451 -10.0198 0.1 34.3127
20.325 3003.68 30.5305 -10.0181 0.1 34.2899
20.3365 3004.03 30.4154 -10.0165 0.1 34.3128
20.348 3004.38 30.2999 -10.0148 0.1 34.2898
20.3596 3004.73 30.1839 -10.0132 0.1 34.3129
20.3712 3005.08 30.0676 -10.0115 0.1 34.2897
20.3829 3005.43 29.9508 -10.01 0.1 34.313
20.3929 3005.73 29.8503 -10.0086 0.1 34.3131
20.403 3006.03 29.7496 -10.0071 0.1 34.3131
20.4131 3006.33 29.6485 -10.0057 0.1 34.3131
20.4232 3006.63 29.547 -10.0043 0.1 34.3132
20.4334 3006.93 29.4453 -10.0029 0.1 34.3132
20.4436 3007.23 29.3431 -10.0015 0.1 34.3133
20.4539 3007.53 29.2407 -10.0001 0.1 34.3133
20.4642 3007.83 29.1379 -9.99871 0.1 34.3133
20.4745 3008.13 29.0347 -9.9973 0.1 34.3134
20.4848 3008.43 28.9312 -9.99589 0.1 34.3134
20.4952 3008.73 28.8274 -9.99449 0.1 34.3135
20.5056 3009.03 28.7232 -9.99308 0.1 34.3135
20.5161 3009.33 28.6186 -9.99167 0.1 34.3136
20.5266 3009.63 28.5136 -9.99027 0.1 34.3136
20.5372 3009.93 28.4083 -9.98886 0.1 34.3136
20.5477 3010.23 28.3026 -9.98745 0.1 34.3137
20.5584 3010.53 28.1965 -9.98605 0.1 34.3137
20.569 3010.83 28.09 -9.98464 0.1 34.3138
20.5797 3011.13 27.9832 -9.98323 0.1 34.3138
20.5905 3011.43 27.8759 -9.98183 0.1 34.3139
20.6013 3011.73 27.7682 -9.98042 0.1 34.3139
20.6121 3012.03 27.6602 -9.97901 0.1 34.314
20.623 3012.33 27.5517 -9.97761 0.1 34.314
20.6339 3012.63 27.4428 -9.9762 0.1 34.3141
20.6448 3012.93 27.3335 -9.97479 0.1 34.3141
20.6558 3013.23 27.2238 -9.97339 0.1 34.3142
20.6669 3013.53 27.1136 -9.97198 0.1 34.3142
20.678 3013.83 27.003 -9.97057 0.1 34.3143
20.6891 3014.13 26.892 -9.96917 0.1 34.3143
20.7003 3014.43 26.7805 -9.96776 0.1 34.3144
20.7115 3014.73 26.6686 -9.96635 0.1 34.3145
20.7228 3015.03 26.5562 -9.96494 0.1 34.3145
20.7341 3015.33 26.4434 -9.96354 0.1 34.3146
20.7455 3015.63 26.3301 -9.96213 0.1 34.3146
20.7569 3015.93 26.2163 -9.96072 0.1 34.3147
20.7684 3016.23 26.102 -9.95931 0.1 34.3147
20.7799 3016.53 25.9873 -9.9579 0.1 34.3148
20.7915 3016.83 25.872 -9.95649 0.1 34.3149
20.8031 3017.13 25.7563 -9.95508 0.1 34.3149
20.8148 3017.43 25.6401 -9.95368 0.1 34.315
20.8265 3017.73 25.5233 -9.95227 0.1 34.315
20.8383 3018.03 25.406 -9.95086 0.1 34.3151
20.8501 3018.33 25.2882 -9.94945 0.1 34.3152
20.862 3018.63 25.1699 -9.94804 0.1 34.3152
20.874 3018.93 25.051 -9.94663 0.1 34.3153
20.884 3019.18 24.9515 -9.94539 0.1 34.2873
20.894 3019.43 24.8516 -9.94427 0.1 34.3154
20.9041 3019.68 24.7513 -9.94304 0.1 34.2872
20.9143 3019.93 24.6507 -9.94192 0.1 34.3155
20.9244 3020.18 24.5496 -9.94068 0.1 34.2871
20.9346 3020.43 24.4481 -9.93957 0.1 34.3156
20.9449 3020.68 24.3462 -9.93833 0.1 34.287
20.9552 3020.93 24.2439 -9.93721 0.1 34.3158
20.9655 3021.18 24.1412 -9.93597 0.1 34.2868
20.9759 3021.43 24.038 -9.93485 0.1 34.3159
20.9863 3021.68 23.9345 -9.93362 0.1 34.2867
20.9968 3021.93 23.8304 -9.9325 0.1 34.316
21.0073 3022.18 23.726 -9.93126 0.1 34.2866
21.0179 3022.43 23.621 -9.93014 0.1 34.3161
21.0285 3022.68 23.5157 -9.9289 0.1 34.2865
21.0392 3022.93 23.4098 -9.92777 0.1 34.3163
21.0499 3023.18 23.3035 -9.92654 0.1 34.2863
21.0606 3023.43 23.1968 -9.92541 0.1 34.3164
21.0714 3023.68 23.0895 -9.92417 0.1 34.2862
21.0823 3023.93 22.9818 -9.92304 0.1 34.3166
21.0932 3024.18 22.8735 -9.92181 0.1 34.286
21.1042 3024.43 22.7648 -9.92068 0.1 34.3167
21.1152 3024.68 22.6555 -9.91944 0.1 34.2859
21.1262 3024.93 22.5457 -9.91831 0.1 34.3168
21.1374 3025.18 22.4354 -9.91707 0.1 34.2857
21.1485 3025.43 22.3246 -9.91593 0.1 34.317
21.1598 3025.68 22.2133 -9.91469 0.1 34.2856
21.171 3025.93 22.1013 -9.91356 0.1 34.3172
21.1824 3026.18 21.9889 -9.91231 0.1 34.2854
21.1938 3026.43 21.8758 -9.91118 0.1 34.3173
21.2053 3026.68 21.7622 -9.90993 0.1 34.2853
21.2168 3026.93 21.648 -9.90879 0.1 34.3175
21.2284 3027.18 21.5332 -9.90755 0.1 34.2851
21.24 3027.43 21.4178 -9.90641 0.1 34.3177
21.2517 3027.68 21.3018 -9.90516 0.1 34.2849
21.2635 3027.93 21.1852 -9.90402 0.1 34.3178
21.2753 3028.18 21.068 -9.90277 0.1 34.2847
21.2873 3028.43 20.9501 -9.90162 0.1 34.318
21.2992 3028.68 20.8315 -9.90037 0.1 34.2845
21.3113 3028.93 20.7123 -9.89922 0.1 34.3182
21.3234 3029.18 20.5924 -9.89797 0.1 34.2843
21.3356 3029.43 20.4718 -9.89682 0.1 34.3184
21.3478 3029.68 20.3505 -9.89557 0.1 34.2841
21.3601 3029.93 20.2286 -9.89441 0.1 34.3186
21.3726 3030.18 20.1058 -9.89316 0.1 34.2839
21.385 3030.43 19.9824 -9.892 0.1 34.3188
21.3951 3030.63 19.8831 -9.89103 0.1 34.3189
21.4052 3030.83 19.7833 -9.89006 0.1 34.319
21.4153 3031.03 19.683 -9.88909 0.1 34.3191
21.4255 3031.23 19.5822 -9.88812 0.1 34.3192
21.4357 3031.43 19.4809 -9.88714 0.1 34.3193
21.446 3031.63 19.379 -9.88617 0.1 34.3194
21.4564 3031.83 19.2767 -9.8852 0.1 34.3195
21.4668 3032.03 19.1738 -9.88422 0.1 34.3196
21.4773 3032.23 19.0703 -9.88324 0.1 34.3197
21.4878 3032.43 18.9663 -9.88226 0.1 34.3198
21.4984 3032.63 18.8618 -9.88128 0.1 34.3199
21.509 3032.83 18.7566 -9.8803 0.1 34.32
21.5197 3033.03 18.6509 -9.87932 0.1 34.3201
21.5305 3033.23 18.5446 -9.87833 0.1 34.3202
21.5413 3033.43 18.4377 -9.87735 0.1 34.3203
21.5522 3033.63 18.3302 -9.87636 0.1 34.3204
21.5631 3033.83 18.222 -9.87537 0.1 34.3205
21.5742 3034.03 18.1132 -9.87437 0.1 34.3206
21.5852 3034.23 18.0038 -9.87338 0.1 34.3208
21.5964 3034.43 17.8937 -9.87238 0.1 34.3209
21.6076 3034.63 17.7829 -9.87139 0.1 34.321
21.6189 3034.83 17.6715 -9.87038 0.1 34.3211
21.6303 3035.03 17.5593 -9.86938 0.1 34.3212
21.6417 3035.23 17.4465 -9.86838 0.1 34.3214
21.6532 3035.43 17.3329 -9.86737 0.1 34.3215
21.6648 3035.63 17.2186 -9.86636 0.1 34.3216
21.6765 3035.83 17.1035 -9.86535 0.1 34.3218
21.6882 3036.03 16.9876 -9.86433 0.1 34.3219
21.7 3036.23 16.871 -9.86331 0.1 34.3221
21.7119 3036.43 16.7536 -9.86229 0.1 34.3222
21.7239 3036.63 16.6353 -9.86126 0.1 34.3224
21.736 3036.83 16.5163 -9.86023 0.1 34.3225
21.7482 3037.03 16.3963 -9.8592 0.1 34.3227
21.7604 3037.23 16.2755 -9.85817 0.1 34.3228
21.7728 3037.43 16.1538 -9.85713 0.1 34.323
21.7852 3037.63 16.0312 -9.85608 0.1 34.3231
21.7978 3037.83 15.9076 -9.85504 0.1 34.3233
21.8104 3038.03 15.7831 -9.85398 0.1 34.3235
21.8231 3038.23 15.6577 -9.85293 0.1 34.3237
21.836 3038.43 15.5312 -9.85186 0.1 34.3238
21.8489 3038.63 15.4037 -9.8508 0.1 34.324
21.862 3038.83 15.2751 -9.84973 0.1 34.3242
21.8751 3039.03 15.1455 -9.84865 0.1 34.3244
21.8884 3039.23 15.0147 -9.84756 0.1 34.3246
21.8984 3039.38 14.9159 -9.84671 0.1 34.2779
21.9085 3039.53 14.8164 -9.84592 0.1 34.3249
21.9187 3039.68 14.7163 -9.84506 0.1 34.2776
21.9289 3039.83 14.6155 -9.84427 0.1 34.3253
21.9393 3039.98 14.514 -9.8434 0.1 34.2772
21.9496 3040.13 14.4118 -9.8426 0.1 34.3256
21.9601 3040.28 14.3089 -9.84172 0.1 34.2769
21.9706 3040.43 14.2052 -9.84091 0.1 34.3259
21.9812 3040.58 14.1008 -9.84003 0.1 34.2765
21.9919 3040.73 13.9956 -9.8392 0.1 34.3263
22.0027 3040.88 13.8896 -9.83831 0.1 34.2762
22.0136 3041.03 13.7828 -9.83747 0.1 34.3267
22.0245 3041.18 13.6752 -9.83657 0.1 34.2758
22.0355 3041.33 13.5668 -9.83572 0.1 34.3271
22.0466 3041.48 13.4574 -9.8348 0.1 34.2754
22.0578 3041.63 13.3472 -9.83394 0.1 34.3275
22.0691 3041.78 13.2361 -9.83301 0.1 34.2749
22.0805 3041.93 13.124 -9.83213 0.1 34.328
22.092 3042.08 13.011 -9.83118 0.1 34.2745
22.1036 3042.23 12.897 -9.83029 0.1 34.3284
22.1153 3042.38 12.782 -9.82932 0.1 34.274
22.1271 3042.53 12.6659 -9.82841 0.1 34.3289
22.1391 3042.68 12.5488 -9.82743 0.1 34.2735
22.1511 3042.83 12.4306 -9.82649 0.1 34.3294
22.1632 3042.98 12.3113 -9.82549 0.1 34.2729
22.1755 3043.13 12.1908 -9.82453 0.1 34.33
22.1879 3043.28 12.0691 -9.8235 0.1 34.2724
22.2004 3043.43 11.9462 -9.82252 0.1 34.3306
22.213 3043.58 11.822 -9.82146 0.1 34.2718
22.2258 3043.73 11.6965 -9.82045 0.1 34.3312
22.2387 3043.88 11.5697 -9.81936 0.1 34.2711
22.2518 3044.03 11.4414 -9.81831 0.1 34.3319
22.265 3044.18 11.3117 -9.81719 0.1 34.2704
22.2784 3044.33 11.1806 -9.81611 0.1 34.3326
22.2919 3044.48 11.0478 -9.81494 0.1 34.2697
22.3056 3044.63 10.9135 -9.81381 0.1 34.3333
22.3194 3044.78 10.7775 -9.81261 0.1 34.2689
22.3335 3044.93 10.6397 -9.81142 0.1 34.3342
22.3477 3045.08 10.5002 -9.81016 0.1 34.2681
22.3621 3045.23 10.3588 -9.80892 0.1 34.335
22.3767 3045.38 10.2155 -9.8076 0.1 34.2671
22.3916 3045.53 10.0701 -9.80628 0.1 34.336
22.4016 3045.63 9.972 -9.80537 0.1 34.3363
22.4117 3045.73 9.87294 -9.80444 0.1 34.3367
22.4219 3045.83 9.77288 -9.80349 0.1 34.3371
22.4322 3045.93 9.67179 -9.80252 0.1 34.3374
22.4426 3046.03 9.56964 -9.80152 0.1 34.3378
22.4531 3046.13 9.46639 -9.80051 0.1 34.3382
22.4638 3046.23 9.362 -9.79946 0.1 34.3386
22.4746 3046.33 9.25644 -9.79839 0.1 34.339
22.4855 3046.43 9.14967 -9.79729 0.1 34.3395
22.4965 3046.53 9.04165 -9.79616 0.1 34.3399
22.5076 3046.63 8.93232 -9.795 0.1 34.3404
22.519 3046.73 8.82165 -9.7938 0.1 34.3409
22.5304 3046.83 8.70957 -9.79256 0.1 34.3414
22.542 3046.93 8.59604 -9.79128 0.1 34.3419
22.5537 3047.03 8.48099 -9.78996 0.1 34.3425
22.5657 3047.13 8.36436 -9.78858 0.1 34.343
22.5777 3047.23 8.24609 -9.78716 0.1 34.3436
22.59 3047.33 8.12611 -9.78567 0.1 34.3442
22.6024 3047.43 8.00433 -9.78412 0.1 34.3449
22.6151 3047.53 7.88068 -9.78251 0.1 34.3456
22.6279 3047.63 7.75506 -9.78081 0.1 34.3463
22.641 3047.73 7.62738 -9.77904 0.1 34.347
22.6543 3047.83 7.49753 -9.77717 0.1 34.3478
22.6678 3047.93 7.3654 -9.7752 0.1 34.3486
22.6815 3048.03 7.23086 -9.77312 0.1 34.3495
22.6956 3048.13 7.09378 -9.77091 0.1 34.3504
22.7099 3048.23 6.954 -9.76856 0.1 34.3514
22.7245 3048.33 6.81135 -9.76605 0.1 34.3524
22.7394 3048.43 6.66567 -9.76336 0.1 34.3535
22.7547 3048.53 6.51673 -9.76047 0.1 34.3547
22.7703 3048.63 6.36432 -9.75734 0.1 34.356
22.7863 3048.73 6.20817 -9.75395 0.1 34.3573
22.8027 3048.83 6.048 -9.75024 0.1 34.3588
22.8196 3048.93 5.88348 -9.74616 0.1 34.3604
22.837 3049.03 5.71423 -9.74166 0.1 34.3621
22.8549 3049.13 5.53983 -9.73664 0.1 34.364
22.8734 3049.23 5.35976 -9.73101 0.1 34.3661
22.8925 3049.33 5.17343 -9.72464 0.1 34.3684
22.9124 3049.43 4.98014 -9.71735 0.1 34.3709
22.9227 3049.48 4.88064 -9.71327 0.1 34.2304
22.9331 3049.53 4.77906 -9.7089 0.1 34.3738
22.9438 3049.58 4.67528 -9.70414 0.1 34.2273
22.9548 3049.63 4.56914 -9.69898 0.1 34.377
22.966 3049.68 4.46048 -9.69333 0.1 34.2238
22.9775 3049.73 4.34911 -9.68715 0.1 34.3808
22.9893 3049.78 4.23482 -9.68032 0.1 34.2198
23.0014 3049.83 4.11736 -9.67276 0.1 34.3851
23.0139 3049.88 3.99645 -9.66431 0.1 34.2151
23.0269 3049.93 3.87176 -9.65483 0.1 34.3903
23.0402 3049.98 3.74293 -9.64408 0.1 34.2095
23.0541 3050.03 3.60951 -9.63183 0.1 34.3965
23.0685 3050.08 3.47096 -9.61767 0.1 34.2025
23.0835 3050.13 3.32666 -9.60115 0.1 34.4042
23.0992 3050.18 3.1758 -9.5816 0.1 34.1938
23.1158 3050.23 3.01742 -9.5581 0.1 34.4142
23.1334 3050.28 2.85026 -9.52928 0.1 34.1822
23.1521 3050.33 2.67266 -9.4931 0.1 34.4278
23.1722 3050.38 2.4824 -9.44627 0.1 34.1659
23.1942 3050.43 2.27629 -9.38325 0.1 34.4479
23.2186 3050.48 2.04956 -9.29378 0.1 34.1404
23.2464 3050.53 1.79442 -9.15663 0.1 34.4819
23.2798 3050.58 1.4964 -8.91921 0.1 34.0918
23.3244 3050.63 1.12182 -8.40411 0.1 34.5596
23.4193 3050.68 0.527062 -6.26953 0.1 33.9356
23.5141 3050.74 0 -0 0.1 35.2637
