Simulation created and run on: 
Fri Mar 10 13:05:09 2023


Time (s), Height (m), Velocity (m/s), Acceleration (m/s^2), Deployment Angle (degrees)
3.6 719.88 324.08 -9.80665 0.1 0
3.61003 723.13 323.736 -34.2825 0.1 0.138311
3.62008 726.38 323.392 -34.221 0.1 0.278931
3.63013 729.63 323.048 -34.1601 0.1 0.419701
3.6402 732.88 322.704 -34.0995 0.1 0.560621
3.65028 736.13 322.361 -34.0394 0.1 0.701691
3.66036 739.38 322.018 -33.9798 0.1 0.842911
3.67046 742.63 321.675 -33.9207 0.1 0.984282
3.68057 745.88 321.333 -33.8619 0.1 1.1258
3.69069 749.13 320.99 -33.8037 0.1 1.26747
3.70082 752.38 320.648 -33.7458 0.1 1.4093
3.71096 755.63 320.306 -33.6885 0.1 1.55127
3.72111 758.88 319.964 -33.6315 0.1 1.6934
3.73112 762.08 319.628 -33.5759 0.1 1.83349
3.74114 765.28 319.292 -33.5206 0.1 1.97372
3.75116 768.48 318.956 -33.4659 0.1 2.11411
3.7612 771.68 318.621 -33.4115 0.1 2.25464
3.77125 774.88 318.285 -33.3575 0.1 2.39532
3.78131 778.08 317.95 -33.304 0.1 2.53614
3.79138 781.28 317.615 -33.2508 0.1 2.67712
3.80146 784.48 317.28 -33.1981 0.1 2.81824
3.81155 787.68 316.945 -33.1458 0.1 2.95952
3.82165 790.88 316.611 -33.0939 0.1 3.10094
3.83177 794.08 316.276 -33.0424 0.1 3.24251
3.84189 797.28 315.942 -32.9913 0.1 3.38423
3.85202 800.48 315.608 -32.9405 0.1 3.52611
3.86217 803.68 315.274 -32.8902 0.1 3.66813
3.87232 806.88 314.94 -32.8403 0.1 3.8103
3.88233 810.03 314.612 -32.7916 0.1 3.9504
3.89235 813.18 314.284 -32.7432 0.1 4.09065
3.90238 816.33 313.955 -32.6952 0.1 4.23104
3.91241 819.48 313.627 -32.6476 0.1 4.37157
3.92246 822.63 313.3 -32.6003 0.1 4.51226
3.93252 825.78 312.972 -32.5535 0.1 4.65309
3.94259 828.93 312.644 -32.507 0.1 4.79407
3.95267 832.08 312.317 -32.4608 0.1 4.9352
3.96277 835.23 311.99 -32.415 0.1 5.07647
3.97287 838.38 311.662 -32.3696 0.1 5.2179
3.98298 841.53 311.335 -32.3246 0.1 5.35947
3.9931 844.68 311.008 -32.2799 0.1 5.50119
4.00324 847.83 310.681 -32.2356 0.1 5.64306
4.01338 850.98 310.355 -32.1916 0.1 5.78508
4.02354 854.13 310.028 -32.148 0.1 5.92725
4.03354 857.23 309.706 -32.1054 0.1 6.06731
4.04356 860.33 309.385 -32.0631 0.1 6.20751
4.05358 863.43 309.064 -32.0212 0.1 6.34786
4.06362 866.53 308.743 -31.9796 0.1 6.48836
4.07366 869.63 308.422 -31.9384 0.1 6.629
4.08372 872.73 308.101 -31.8975 0.1 6.76979
4.09379 875.83 307.78 -31.8569 0.1 6.91073
4.10386 878.93 307.459 -31.8166 0.1 7.05181
4.11395 882.03 307.138 -31.7767 0.1 7.19304
4.12405 885.13 306.818 -31.7371 0.1 7.33441
4.13416 888.23 306.497 -31.6978 0.1 7.47594
4.14428 891.33 306.176 -31.6589 0.1 7.61761
4.15441 894.43 305.856 -31.6202 0.1 7.75943
4.16455 897.53 305.535 -31.5819 0.1 7.9014
4.1747 900.63 305.215 -31.5439 0.1 8.04352
4.18486 903.73 304.895 -31.5062 0.1 8.18579
4.19487 906.78 304.579 -31.4694 0.1 8.32591
4.20489 909.83 304.264 -31.4329 0.1 8.46618
4.21492 912.88 303.949 -31.3967 0.1 8.60659
4.22496 915.93 303.634 -31.3608 0.1 8.74714
4.23501 918.98 303.319 -31.3252 0.1 8.88784
4.24507 922.03 303.004 -31.2898 0.1 9.02869
4.25514 925.08 302.689 -31.2548 0.1 9.16969
4.26522 928.13 302.374 -31.2201 0.1 9.31083
4.27532 931.18 302.06 -31.1856 0.1 9.45211
4.28542 934.23 301.745 -31.1515 0.1 9.59355
4.29553 937.28 301.43 -31.1176 0.1 9.73513
4.30566 940.33 301.115 -31.084 0.1 9.87686
4.31579 943.38 300.8 -31.0507 0.1 10.0187
4.32594 946.43 300.485 -31.0176 0.1 10.1608
4.33609 949.48 300.17 -30.9848 0.1 10.3029
4.34626 952.53 299.856 -30.9524 0.1 10.4453
4.35627 955.53 299.546 -30.9207 0.1 10.5854
4.36629 958.53 299.236 -30.8892 0.1 10.7257
4.37632 961.53 298.927 -30.8581 0.1 10.8661
4.38636 964.53 298.617 -30.8271 0.1 11.0067
4.39641 967.53 298.307 -30.7965 0.1 11.1474
4.40647 970.53 297.997 -30.7661 0.1 11.2883
4.41655 973.53 297.688 -30.7359 0.1 11.4293
4.42663 976.53 297.378 -30.706 0.1 11.5705
4.43672 979.53 297.068 -30.6764 0.1 11.7118
4.44683 982.53 296.758 -30.647 0.1 11.8532
4.45694 985.53 296.448 -30.6179 0.1 11.9948
4.46707 988.53 296.139 -30.5889 0.1 12.1366
4.4772 991.53 295.829 -30.5603 0.1 12.2785
4.48735 994.53 295.519 -30.5319 0.1 12.4205
4.49751 997.53 295.209 -30.5037 0.1 12.5627
4.50767 1000.53 294.899 -30.4758 0.1 12.7051
4.51768 1003.48 294.594 -30.4485 0.1 12.8452
4.5277 1006.43 294.289 -30.4215 0.1 12.9854
4.53773 1009.38 293.984 -30.3947 0.1 13.1259
4.54777 1012.33 293.679 -30.3682 0.1 13.2664
4.55782 1015.28 293.374 -30.3418 0.1 13.4071
4.56788 1018.23 293.069 -30.3157 0.1 13.548
4.57795 1021.18 292.764 -30.2898 0.1 13.689
4.58803 1024.13 292.458 -30.2641 0.1 13.8301
4.59813 1027.08 292.153 -30.2386 0.1 13.9714
4.60823 1030.03 291.848 -30.2134 0.1 14.1128
4.61834 1032.98 291.542 -30.1884 0.1 14.2544
4.62847 1035.93 291.237 -30.1635 0.1 14.3961
4.6386 1038.88 290.931 -30.1389 0.1 14.538
4.64875 1041.83 290.626 -30.1145 0.1 14.6801
4.6589 1044.78 290.32 -30.0903 0.1 14.8222
4.66907 1047.73 290.014 -30.0663 0.1 14.9646
4.67907 1050.63 289.713 -30.0429 0.1 15.1046
4.68909 1053.53 289.413 -30.0197 0.1 15.2448
4.69912 1056.43 289.112 -29.9968 0.1 15.3852
4.70915 1059.33 288.811 -29.9739 0.1 15.5257
4.7192 1062.23 288.51 -29.9513 0.1 15.6663
4.72925 1065.13 288.209 -29.9289 0.1 15.8071
4.73932 1068.03 287.908 -29.9067 0.1 15.9481
4.7494 1070.93 287.606 -29.8846 0.1 16.0892
4.75949 1073.83 287.305 -29.8628 0.1 16.2304
4.76959 1076.73 287.003 -29.8411 0.1 16.3718
4.7797 1079.63 286.702 -29.8196 0.1 16.5133
4.78982 1082.53 286.4 -29.7983 0.1 16.655
4.79995 1085.43 286.098 -29.7771 0.1 16.7968
4.81009 1088.33 285.796 -29.7562 0.1 16.9388
4.82024 1091.23 285.494 -29.7354 0.1 17.081
4.83041 1094.13 285.192 -29.7148 0.1 17.2232
4.84058 1097.03 284.89 -29.6943 0.1 17.3657
4.85059 1099.88 284.593 -29.6744 0.1 17.5058
4.86061 1102.73 284.296 -29.6546 0.1 17.6461
4.87064 1105.58 283.998 -29.635 0.1 17.7865
4.88068 1108.43 283.701 -29.6156 0.1 17.9271
4.89073 1111.28 283.403 -29.5963 0.1 18.0678
4.90079 1114.13 283.106 -29.5772 0.1 18.2086
4.91087 1116.98 282.808 -29.5583 0.1 18.3496
4.92095 1119.83 282.51 -29.5395 0.1 18.4908
4.93104 1122.68 282.212 -29.5208 0.1 18.6321
4.94115 1125.53 281.914 -29.5023 0.1 18.7736
4.95126 1128.38 281.615 -29.484 0.1 18.9152
4.96139 1131.23 281.317 -29.4658 0.1 19.0569
4.97152 1134.08 281.018 -29.4478 0.1 19.1988
4.98167 1136.93 280.72 -29.4299 0.1 19.3409
4.99183 1139.78 280.421 -29.4121 0.1 19.4831
5.002 1142.63 280.122 -29.3945 0.1 19.6255
5.012 1145.43 279.828 -29.3773 0.1 19.7655
5.02201 1148.23 279.534 -29.3603 0.1 19.9056
5.03203 1151.03 279.24 -29.3434 0.1 20.0459
5.04206 1153.83 278.945 -29.3267 0.1 20.1864
5.05211 1156.63 278.651 -29.31 0.1 20.327
5.06216 1159.43 278.356 -29.2935 0.1 20.4678
5.07223 1162.23 278.062 -29.2772 0.1 20.6087
5.0823 1165.03 277.767 -29.261 0.1 20.7497
5.09239 1167.83 277.472 -29.2448 0.1 20.8909
5.10248 1170.63 277.177 -29.2289 0.1 21.0322
5.11259 1173.43 276.881 -29.213 0.1 21.1737
5.12271 1176.23 276.586 -29.1973 0.1 21.3154
5.13284 1179.03 276.29 -29.1817 0.1 21.4572
5.14298 1181.83 275.994 -29.1662 0.1 21.5992
5.15313 1184.63 275.698 -29.1508 0.1 21.7413
5.16329 1187.43 275.402 -29.1355 0.1 21.8835
5.17346 1190.23 275.106 -29.1204 0.1 22.0259
5.18346 1192.98 274.815 -29.1056 0.1 22.166
5.19348 1195.73 274.523 -29.091 0.1 22.3061
5.2035 1198.48 274.232 -29.0764 0.1 22.4464
5.21353 1201.23 273.94 -29.062 0.1 22.5869
5.22358 1203.98 273.648 -29.0477 0.1 22.7275
5.23363 1206.73 273.356 -29.0334 0.1 22.8683
5.2437 1209.48 273.064 -29.0193 0.1 23.0092
5.25377 1212.23 272.772 -29.0053 0.1 23.1503
5.26386 1214.98 272.479 -28.9914 0.1 23.2915
5.27396 1217.73 272.187 -28.9775 0.1 23.4329
5.28407 1220.48 271.894 -28.9638 0.1 23.5744
5.29419 1223.23 271.601 -28.9502 0.1 23.7161
5.30432 1225.98 271.307 -28.9366 0.1 23.8579
5.31446 1228.73 271.014 -28.9232 0.1 23.9999
5.32461 1231.48 270.721 -28.9098 0.1 24.142
5.33478 1234.23 270.427 -28.8966 0.1 24.2843
5.34495 1236.98 270.133 -28.8834 0.1 24.4267
5.35495 1239.68 269.844 -28.8706 0.1 24.5667
5.36496 1242.38 269.555 -28.8578 0.1 24.7069
5.37498 1245.08 269.266 -28.8451 0.1 24.8472
5.38502 1247.78 268.977 -28.8325 0.1 24.9876
5.39506 1250.48 268.687 -28.82 0.1 25.1283
5.40512 1253.18 268.397 -28.8076 0.1 25.269
5.41518 1255.88 268.107 -28.7952 0.1 25.4099
5.42526 1258.58 267.817 -28.7829 0.1 25.551
5.43534 1261.28 267.527 -28.7707 0.1 25.6922
5.44544 1263.98 267.237 -28.7586 0.1 25.8336
5.45555 1266.68 266.946 -28.7466 0.1 25.9751
5.46567 1269.38 266.655 -28.7346 0.1 26.1168
5.4758 1272.08 266.364 -28.7227 0.1 26.2586
5.48594 1274.78 266.073 -28.7108 0.1 26.4006
5.4961 1277.48 265.781 -28.699 0.1 26.5427
5.50626 1280.18 265.49 -28.6873 0.1 26.685
5.51644 1282.88 265.198 -28.6757 0.1 26.8275
5.52662 1285.58 264.906 -28.6641 0.1 26.9701
5.53663 1288.23 264.619 -28.6528 0.1 27.1102
5.54665 1290.88 264.332 -28.6415 0.1 27.2505
5.55668 1293.53 264.045 -28.6303 0.1 27.3909
5.56673 1296.18 263.757 -28.6192 0.1 27.5315
5.57678 1298.83 263.47 -28.6081 0.1 27.6722
5.58684 1301.48 263.182 -28.5971 0.1 27.8131
5.59692 1304.13 262.894 -28.5862 0.1 27.9542
5.607 1306.78 262.605 -28.5753 0.1 28.0954
5.6171 1309.43 262.317 -28.5644 0.1 28.2367
5.62721 1312.08 262.028 -28.5536 0.1 28.3782
5.63733 1314.73 261.739 -28.5428 0.1 28.5199
5.64746 1317.38 261.45 -28.5321 0.1 28.6617
5.6576 1320.03 261.161 -28.5214 0.1 28.8037
5.66775 1322.68 260.872 -28.5108 0.1 28.9458
5.67792 1325.33 260.582 -28.5003 0.1 29.0881
5.68809 1327.98 260.292 -28.4897 0.1 29.2306
5.69828 1330.63 260.002 -28.4792 0.1 29.3732
5.70828 1333.23 259.717 -28.469 0.1 29.5133
5.7183 1335.83 259.432 -28.4588 0.1 29.6535
5.72833 1338.43 259.146 -28.4486 0.1 29.7939
5.73837 1341.03 258.861 -28.4385 0.1 29.9344
5.74841 1343.63 258.575 -28.4284 0.1 30.0751
5.75848 1346.23 258.289 -28.4183 0.1 30.216
5.76855 1348.83 258.003 -28.4083 0.1 30.357
5.77863 1351.43 257.717 -28.3983 0.1 30.4981
5.78873 1354.03 257.43 -28.3883 0.1 30.6394
5.79883 1356.63 257.143 -28.3783 0.1 30.7809
5.80895 1359.23 256.856 -28.3684 0.1 30.9225
5.81908 1361.83 256.569 -28.3586 0.1 31.0643
5.82922 1364.43 256.281 -28.3487 0.1 31.2063
5.83937 1367.03 255.994 -28.3389 0.1 31.3484
5.84953 1369.63 255.706 -28.3291 0.1 31.4907
5.8597 1372.23 255.418 -28.3193 0.1 31.6331
5.86989 1374.83 255.129 -28.3095 0.1 31.7757
5.87989 1377.38 254.846 -28.3 0.1 31.9157
5.8899 1379.93 254.563 -28.2904 0.1 32.0558
5.89992 1382.48 254.279 -28.2809 0.1 32.1962
5.90996 1385.03 253.996 -28.2714 0.1 32.3366
5.92 1387.58 253.712 -28.2619 0.1 32.4773
5.93006 1390.13 253.427 -28.2525 0.1 32.6181
5.94013 1392.68 253.143 -28.243 0.1 32.759
5.95021 1395.23 252.858 -28.2336 0.1 32.9001
5.9603 1397.78 252.574 -28.2242 0.1 33.0414
5.9704 1400.33 252.289 -28.2147 0.1 33.1828
5.98051 1402.88 252.003 -28.2053 0.1 33.3244
5.99064 1405.43 251.718 -28.1959 0.1 33.4661
6.00077 1407.98 251.432 -28.1866 0.1 33.608
6.01092 1410.53 251.146 -28.1772 0.1 33.7501
6.02108 1413.08 250.86 -28.1678 0.1 33.8923
6.03125 1415.63 250.573 -28.1584 0.1 34.0347
6.04143 1418.18 250.287 -28.1491 0.1 34.1773
6.05163 1420.73 250 -28.1397 0.1 34.32
6.06163 1423.23 249.718 -28.1306 0.1 34.4601
6.07165 1425.73 249.436 -28.1214 0.1 34.6003
6.08168 1428.23 249.155 -28.1122 0.1 34.7407
6.09172 1430.73 248.872 -28.103 0.1 34.8812
6.10177 1433.23 248.59 -28.0939 0.1 35.022
6.11183 1435.73 248.307 -28.0847 0.1 35.1628
6.12191 1438.23 248.024 -28.0755 0.1 35.3039
6.13199 1440.73 247.741 -28.0663 0.1 35.4451
6.14209 1443.23 247.458 -28.0571 0.1 35.5864
6.1522 1445.73 247.174 -28.0479 0.1 35.7279
6.16232 1448.23 246.891 -28.0387 0.1 35.8696
6.17245 1450.73 246.607 -28.0295 0.1 36.0115
6.18259 1453.23 246.322 -28.0203 0.1 36.1535
6.19275 1455.73 246.038 -28.0111 0.1 36.2956
6.20292 1458.23 245.753 -28.0018 0.1 36.438
6.21309 1460.73 245.468 -27.9926 0.1 36.5805
6.22328 1463.23 245.183 -27.9833 0.1 36.7231
6.23349 1465.73 244.897 -27.974 0.1 36.866
6.2435 1468.18 244.617 -27.9649 0.1 37.0061
6.25352 1470.63 244.337 -27.9558 0.1 37.1464
6.26355 1473.08 244.057 -27.9467 0.1 37.2869
6.2736 1475.53 243.776 -27.9375 0.1 37.4275
6.28365 1477.98 243.495 -27.9284 0.1 37.5683
6.29372 1480.43 243.214 -27.9192 0.1 37.7092
6.3038 1482.88 242.933 -27.91 0.1 37.8503
6.31389 1485.33 242.651 -27.9007 0.1 37.9916
6.32399 1487.78 242.369 -27.8915 0.1 38.133
6.33411 1490.23 242.087 -27.8822 0.1 38.2746
6.34423 1492.68 241.805 -27.8729 0.1 38.4164
6.35437 1495.13 241.522 -27.8636 0.1 38.5583
6.36452 1497.58 241.24 -27.8542 0.1 38.7004
6.37468 1500.03 240.957 -27.8449 0.1 38.8427
6.38486 1502.48 240.673 -27.8355 0.1 38.9851
6.39504 1504.93 240.39 -27.8261 0.1 39.1277
6.40524 1507.38 240.106 -27.8166 0.1 39.2705
6.41524 1509.78 239.828 -27.8073 0.1 39.4105
6.42526 1512.18 239.55 -27.798 0.1 39.5507
6.43528 1514.58 239.271 -27.7887 0.1 39.691
6.44532 1516.98 238.992 -27.7793 0.1 39.8315
6.45537 1519.38 238.713 -27.7699 0.1 39.9722
6.46543 1521.78 238.434 -27.7605 0.1 40.113
6.4755 1524.18 238.154 -27.751 0.1 40.254
6.48558 1526.58 237.874 -27.7415 0.1 40.3952
6.49568 1528.98 237.594 -27.732 0.1 40.5365
6.50578 1531.38 237.314 -27.7224 0.1 40.678
6.5159 1533.78 237.034 -27.7128 0.1 40.8197
6.52603 1536.18 236.753 -27.7032 0.1 40.9615
6.53618 1538.58 236.472 -27.6935 0.1 41.1035
6.54633 1540.98 236.191 -27.6838 0.1 41.2457
6.5565 1543.38 235.909 -27.674 0.1 41.388
6.56668 1545.78 235.628 -27.6642 0.1 41.5306
6.57687 1548.18 235.346 -27.6544 0.1 41.6732
6.58708 1550.58 235.064 -27.6445 0.1 41.8161
6.59708 1552.93 234.787 -27.6348 0.1 41.9561
6.60709 1555.28 234.51 -27.6251 0.1 42.0963
6.61712 1557.63 234.234 -27.6153 0.1 42.2367
6.62716 1559.98 233.956 -27.6054 0.1 42.3772
6.63721 1562.33 233.679 -27.5956 0.1 42.518
6.64727 1564.68 233.401 -27.5856 0.1 42.6588
6.65735 1567.03 233.123 -27.5757 0.1 42.7999
6.66743 1569.38 232.845 -27.5657 0.1 42.9411
6.67753 1571.73 232.567 -27.5556 0.1 43.0825
6.68764 1574.08 232.289 -27.5455 0.1 43.224
6.69777 1576.43 232.01 -27.5354 0.1 43.3657
6.7079 1578.78 231.731 -27.5252 0.1 43.5076
6.71805 1581.13 231.451 -27.5149 0.1 43.6497
6.72821 1583.48 231.172 -27.5046 0.1 43.7919
6.73838 1585.83 230.892 -27.4943 0.1 43.9343
6.74857 1588.18 230.612 -27.4839 0.1 44.0769
6.75876 1590.53 230.332 -27.4734 0.1 44.2196
6.76897 1592.88 230.052 -27.4629 0.1 44.3625
6.77897 1595.18 229.777 -27.4526 0.1 44.5026
6.78899 1597.48 229.502 -27.4422 0.1 44.6428
6.79902 1599.78 229.227 -27.4318 0.1 44.7832
6.80906 1602.08 228.952 -27.4213 0.1 44.9238
6.81911 1604.38 228.676 -27.4108 0.1 45.0645
6.82917 1606.68 228.4 -27.4002 0.1 45.2054
6.83925 1608.98 228.124 -27.3896 0.1 45.3464
6.84934 1611.28 227.848 -27.3789 0.1 45.4877
6.85944 1613.58 227.571 -27.3681 0.1 45.6291
6.86955 1615.88 227.295 -27.3573 0.1 45.7707
6.87968 1618.18 227.018 -27.3464 0.1 45.9124
6.88982 1620.48 226.741 -27.3355 0.1 46.0543
6.89997 1622.78 226.463 -27.3245 0.1 46.1964
6.91013 1625.08 226.186 -27.3135 0.1 46.3387
6.9203 1627.38 225.908 -27.3024 0.1 46.4812
6.93049 1629.68 225.63 -27.2912 0.1 46.6238
6.94069 1631.98 225.351 -27.28 0.1 46.7666
6.9509 1634.28 225.073 -27.2687 0.1 46.9095
6.96091 1636.53 224.8 -27.2576 0.1 47.0496
6.97092 1638.78 224.527 -27.2464 0.1 47.1898
6.98095 1641.03 224.254 -27.2352 0.1 47.3302
6.99099 1643.28 223.981 -27.2239 0.1 47.4707
7.00104 1645.53 223.707 -27.2126 0.1 47.6114
7.0111 1647.78 223.433 -27.2012 0.1 47.7523
7.02118 1650.03 223.159 -27.1897 0.1 47.8934
7.03127 1652.28 222.885 -27.1782 0.1 48.0346
7.04137 1654.53 222.61 -27.1666 0.1 48.1761
7.05148 1656.78 222.336 -27.1549 0.1 48.3176
7.06161 1659.03 222.061 -27.1432 0.1 48.4594
7.07175 1661.28 221.786 -27.1314 0.1 48.6013
7.0819 1663.53 221.51 -27.1195 0.1 48.7435
7.09207 1665.78 221.235 -27.1076 0.1 48.8858
7.10224 1668.03 220.959 -27.0956 0.1 49.0282
7.11243 1670.28 220.683 -27.0836 0.1 49.1709
7.12263 1672.53 220.407 -27.0714 0.1 49.3137
7.13285 1674.78 220.13 -27.0592 0.1 49.4567
7.14285 1676.98 219.86 -27.0472 0.1 49.5967
7.15286 1679.18 219.589 -27.0352 0.1 49.7369
7.16289 1681.38 219.318 -27.0231 0.1 49.8772
7.17292 1683.58 219.047 -27.0109 0.1 50.0177
7.18297 1685.78 218.775 -26.9986 0.1 50.1584
7.19304 1687.98 218.504 -26.9863 0.1 50.2993
7.20311 1690.18 218.232 -26.9739 0.1 50.4403
7.2132 1692.38 217.96 -26.9614 0.1 50.5816
7.2233 1694.58 217.688 -26.9488 0.1 50.723
7.23341 1696.78 217.415 -26.9362 0.1 50.8645
7.24354 1698.98 217.142 -26.9235 0.1 51.0063
7.25367 1701.18 216.87 -26.9108 0.1 51.1482
7.26383 1703.38 216.597 -26.8979 0.1 51.2903
7.27399 1705.58 216.323 -26.885 0.1 51.4326
7.28417 1707.78 216.05 -26.8721 0.1 51.5751
7.29436 1709.98 215.776 -26.859 0.1 51.7177
7.30456 1712.18 215.502 -26.8459 0.1 51.8606
7.31477 1714.38 215.228 -26.8327 0.1 52.0036
7.325 1716.58 214.953 -26.8194 0.1 52.1468
7.33501 1718.73 214.685 -26.8064 0.1 52.2869
7.34503 1720.88 214.416 -26.7932 0.1 52.4272
7.35506 1723.03 214.148 -26.78 0.1 52.5676
7.36511 1725.18 213.879 -26.7668 0.1 52.7083
7.37517 1727.33 213.61 -26.7534 0.1 52.8491
7.38524 1729.48 213.34 -26.74 0.1 52.9901
7.39533 1731.63 213.071 -26.7265 0.1 53.1313
7.40542 1733.78 212.801 -26.713 0.1 53.2726
7.41553 1735.93 212.531 -26.6993 0.1 53.4142
7.42566 1738.08 212.261 -26.6856 0.1 53.5559
7.43579 1740.23 211.99 -26.6718 0.1 53.6978
7.44594 1742.38 211.72 -26.6579 0.1 53.8399
7.4561 1744.53 211.449 -26.644 0.1 53.9821
7.46628 1746.68 211.178 -26.6299 0.1 54.1246
7.47646 1748.83 210.907 -26.6158 0.1 54.2672
7.48666 1750.98 210.635 -26.6016 0.1 54.41
7.49688 1753.13 210.363 -26.5874 0.1 54.553
7.50711 1755.28 210.092 -26.573 0.1 54.6962
7.51711 1757.38 209.826 -26.5589 0.1 54.8362
7.52712 1759.48 209.56 -26.5448 0.1 54.9764
7.53715 1761.58 209.294 -26.5305 0.1 55.1168
7.54719 1763.68 209.028 -26.5162 0.1 55.2573
7.55724 1765.78 208.761 -26.5018 0.1 55.3981
7.56731 1767.88 208.494 -26.4873 0.1 55.539
7.57739 1769.98 208.228 -26.4728 0.1 55.6801
7.58748 1772.08 207.96 -26.4581 0.1 55.8214
7.59758 1774.18 207.693 -26.4434 0.1 55.9628
7.6077 1776.28 207.426 -26.4286 0.1 56.1045
7.61783 1778.38 207.158 -26.4138 0.1 56.2463
7.62798 1780.48 206.89 -26.3988 0.1 56.3883
7.63813 1782.58 206.622 -26.3838 0.1 56.5305
7.6483 1784.68 206.354 -26.3686 0.1 56.6729
7.65849 1786.78 206.085 -26.3535 0.1 56.8154
7.66868 1788.88 205.817 -26.3382 0.1 56.9582
7.67889 1790.98 205.548 -26.3228 0.1 57.1011
7.68912 1793.08 205.279 -26.3074 0.1 57.2442
7.69936 1795.18 205.01 -26.2918 0.1 57.3876
7.70936 1797.23 204.747 -26.2766 0.1 57.5276
7.71938 1799.28 204.484 -26.2613 0.1 57.6679
7.72941 1801.33 204.22 -26.2459 0.1 57.8083
7.73946 1803.38 203.957 -26.2304 0.1 57.949
7.74951 1805.43 203.693 -26.2149 0.1 58.0898
7.75959 1807.48 203.429 -26.1992 0.1 58.2308
7.76967 1809.53 203.165 -26.1835 0.1 58.3719
7.77977 1811.58 202.901 -26.1677 0.1 58.5133
7.78988 1813.63 202.636 -26.1518 0.1 58.6548
7.8 1815.68 202.371 -26.1359 0.1 58.7965
7.81014 1817.73 202.107 -26.1198 0.1 58.9385
7.82029 1819.78 201.842 -26.1037 0.1 59.0805
7.83045 1821.83 201.576 -26.0875 0.1 59.2228
7.84063 1823.88 201.311 -26.0712 0.1 59.3653
7.85082 1825.93 201.045 -26.0548 0.1 59.508
7.86102 1827.98 200.78 -26.0383 0.1 59.6508
7.87124 1830.03 200.514 -26.0218 0.1 59.7938
7.88147 1832.08 200.247 -26.0052 0.1 59.9371
7.89171 1834.13 199.981 -25.9884 0.1 60.0805
7.90172 1836.13 199.721 -25.9721 0.1 60.2206
7.91174 1838.13 199.461 -25.9556 0.1 60.3609
7.92177 1840.13 199.201 -25.939 0.1 60.5013
7.93182 1842.13 198.94 -25.9224 0.1 60.642
7.94188 1844.13 198.679 -25.9057 0.1 60.7828
7.95196 1846.13 198.419 -25.8889 0.1 60.9238
7.96204 1848.13 198.157 -25.872 0.1 61.065
7.97214 1850.13 197.896 -25.8551 0.1 61.2064
7.98225 1852.13 197.635 -25.838 0.1 61.348
7.99238 1854.13 197.373 -25.8209 0.1 61.4898
8.00252 1856.13 197.112 -25.8037 0.1 61.6317
8.01267 1858.13 196.85 -25.7864 0.1 61.7739
8.02284 1860.13 196.588 -25.769 0.1 61.9162
8.03302 1862.13 196.325 -25.7516 0.1 62.0587
8.04322 1864.13 196.063 -25.734 0.1 62.2015
8.05342 1866.13 195.8 -25.7164 0.1 62.3444
8.06365 1868.13 195.538 -25.6987 0.1 62.4875
8.07388 1870.13 195.275 -25.6809 0.1 62.6307
8.08413 1872.13 195.012 -25.663 0.1 62.7742
8.09414 1874.08 194.755 -25.6455 0.1 62.9143
8.10416 1876.03 194.498 -25.6059 0.1 62.9467
8.11419 1877.98 194.241 -25.5604 0.1 62.9503
8.12423 1879.93 193.985 -25.5136 0.1 62.9467
8.13429 1881.88 193.728 -25.4684 0.1 62.9503
8.14437 1883.83 193.472 -25.4218 0.1 62.9467
8.15445 1885.78 193.216 -25.3767 0.1 62.9503
8.16455 1887.73 192.96 -25.3303 0.1 62.9466
8.17466 1889.68 192.704 -25.2855 0.1 62.9503
8.18479 1891.63 192.448 -25.2393 0.1 62.9466
8.19493 1893.58 192.193 -25.1946 0.1 62.9503
8.20508 1895.53 191.937 -25.1486 0.1 62.9466
8.21525 1897.48 191.682 -25.1041 0.1 62.9503
8.22543 1899.43 191.426 -25.0583 0.1 62.9466
8.23562 1901.38 191.171 -25.014 0.1 62.9503
8.24583 1903.33 190.916 -24.9684 0.1 62.9466
8.25605 1905.28 190.661 -24.9243 0.1 62.9503
8.26628 1907.23 190.406 -24.8789 0.1 62.9466
8.27653 1909.18 190.151 -24.835 0.1 62.9503
8.2868 1911.13 189.897 -24.7898 0.1 62.9466
8.29681 1913.03 189.649 -24.7465 0.1 62.9466
8.30683 1914.93 189.401 -24.7033 0.1 62.9466
8.31687 1916.83 189.153 -24.6602 0.1 62.9466
8.32692 1918.73 188.905 -24.6172 0.1 62.9466
8.33699 1920.63 188.658 -24.5743 0.1 62.9466
8.34706 1922.53 188.41 -24.5314 0.1 62.9466
8.35716 1924.43 188.163 -24.4887 0.1 62.9466
8.36726 1926.33 187.916 -24.446 0.1 62.9466
8.37738 1928.23 187.669 -24.4034 0.1 62.9466
8.38751 1930.13 187.422 -24.361 0.1 62.9466
8.39765 1932.03 187.175 -24.3186 0.1 62.9466
8.40781 1933.93 186.928 -24.2763 0.1 62.9466
8.41798 1935.83 186.681 -24.234 0.1 62.9466
8.42817 1937.73 186.435 -24.1919 0.1 62.9466
8.43837 1939.63 186.188 -24.1499 0.1 62.9466
8.44858 1941.53 185.942 -24.1079 0.1 62.9466
8.4588 1943.43 185.696 -24.0661 0.1 62.9466
8.46904 1945.33 185.449 -24.0243 0.1 62.9466
8.47929 1947.23 185.203 -23.9826 0.1 62.9466
8.48956 1949.13 184.957 -23.941 0.1 62.9466
8.49957 1950.98 184.718 -23.9012 0.1 62.9504
8.50959 1952.83 184.479 -23.8602 0.1 62.9466
8.51963 1954.68 184.239 -23.8206 0.1 62.9504
8.52967 1956.53 184 -23.7797 0.1 62.9466
8.53973 1958.38 183.761 -23.7403 0.1 62.9504
8.54981 1960.23 183.522 -23.6996 0.1 62.9466
8.5599 1962.08 183.283 -23.6604 0.1 62.9504
8.57 1963.93 183.045 -23.6198 0.1 62.9465
8.58011 1965.78 182.806 -23.5807 0.1 62.9504
8.59024 1967.63 182.567 -23.5403 0.1 62.9465
8.60038 1969.48 182.329 -23.5014 0.1 62.9504
8.61053 1971.33 182.09 -23.4612 0.1 62.9465
8.6207 1973.18 181.852 -23.4224 0.1 62.9504
8.63088 1975.03 181.614 -23.3823 0.1 62.9465
8.64107 1976.88 181.376 -23.3437 0.1 62.9504
8.65128 1978.73 181.138 -23.3038 0.1 62.9465
8.6615 1980.58 180.9 -23.2654 0.1 62.9504
8.67173 1982.43 180.662 -23.2256 0.1 62.9465
8.68198 1984.28 180.424 -23.1873 0.1 62.9504
8.69224 1986.13 180.186 -23.1477 0.1 62.9465
8.70251 1987.98 179.949 -23.1096 0.1 62.9504
8.71252 1989.78 179.718 -23.0719 0.1 62.9504
8.72254 1991.58 179.487 -23.0342 0.1 62.9504
8.73258 1993.38 179.256 -22.9967 0.1 62.9504
8.74263 1995.18 179.025 -22.9592 0.1 62.9504
8.75269 1996.98 178.794 -22.9218 0.1 62.9504
8.76276 1998.78 178.563 -22.8845 0.1 62.9504
8.77285 2000.58 178.333 -22.8472 0.1 62.9504
8.78295 2002.38 178.102 -22.81 0.1 62.9504
8.79306 2004.18 177.871 -22.7729 0.1 62.9504
8.80319 2005.98 177.641 -22.7358 0.1 62.9504
8.81333 2007.78 177.411 -22.6989 0.1 62.9504
8.82348 2009.58 177.18 -22.662 0.1 62.9504
8.83365 2011.38 176.95 -22.6252 0.1 62.9504
8.84383 2013.18 176.72 -22.5884 0.1 62.9504
8.85402 2014.98 176.49 -22.5517 0.1 62.9504
8.86423 2016.78 176.26 -22.5151 0.1 62.9504
8.87444 2018.58 176.03 -22.4786 0.1 62.9504
8.88468 2020.38 175.801 -22.4421 0.1 62.9505
8.89492 2022.18 175.571 -22.4057 0.1 62.9505
8.90518 2023.98 175.341 -22.3694 0.1 62.9505
8.91545 2025.78 175.111 -22.3331 0.1 62.9505
8.92545 2027.53 174.888 -22.2973 0.1 62.9465
8.93547 2029.28 174.665 -22.2628 0.1 62.9505
8.94549 2031.03 174.442 -22.2272 0.1 62.9465
8.95553 2032.78 174.219 -22.1928 0.1 62.9505
8.96558 2034.53 173.996 -22.1573 0.1 62.9464
8.97565 2036.28 173.774 -22.1231 0.1 62.9505
8.98572 2038.03 173.551 -22.0876 0.1 62.9464
8.99581 2039.78 173.328 -22.0536 0.1 62.9505
9.00592 2041.53 173.106 -22.0183 0.1 62.9464
9.01603 2043.28 172.883 -21.9843 0.1 62.9505
9.02616 2045.03 172.66 -21.9492 0.1 62.9464
9.03631 2046.78 172.438 -21.9154 0.1 62.9505
9.04646 2048.53 172.216 -21.8804 0.1 62.9464
9.05663 2050.28 171.993 -21.8467 0.1 62.9505
9.06681 2052.03 171.771 -21.8118 0.1 62.9464
9.07701 2053.78 171.549 -21.7782 0.1 62.9505
9.08721 2055.53 171.327 -21.7435 0.1 62.9464
9.09743 2057.28 171.105 -21.7101 0.1 62.9505
9.10767 2059.03 170.883 -21.6754 0.1 62.9464
9.11792 2060.78 170.661 -21.6421 0.1 62.9505
9.12818 2062.53 170.439 -21.6076 0.1 62.9464
9.13845 2064.28 170.217 -21.5745 0.1 62.9505
9.14874 2066.03 169.995 -21.5401 0.1 62.9464
9.15875 2067.73 169.78 -21.5074 0.1 62.9464
9.16877 2069.43 169.565 -21.4748 0.1 62.9464
9.1788 2071.13 169.349 -21.4422 0.1 62.9464
9.18884 2072.83 169.134 -21.4096 0.1 62.9464
9.1989 2074.53 168.919 -21.3772 0.1 62.9464
9.20897 2076.23 168.704 -21.3448 0.1 62.9464
9.21906 2077.93 168.489 -21.3124 0.1 62.9464
9.22915 2079.63 168.274 -21.2801 0.1 62.9464
9.23926 2081.33 168.059 -21.2479 0.1 62.9464
9.24938 2083.03 167.844 -21.2157 0.1 62.9464
9.25952 2084.73 167.629 -21.1836 0.1 62.9464
9.26967 2086.43 167.414 -21.1515 0.1 62.9464
9.27983 2088.13 167.199 -21.1196 0.1 62.9464
9.29 2089.83 166.985 -21.0876 0.1 62.9464
9.30019 2091.53 166.77 -21.0557 0.1 62.9464
9.31039 2093.23 166.555 -21.0239 0.1 62.9464
9.3206 2094.93 166.341 -20.9922 0.1 62.9464
9.33083 2096.63 166.126 -20.9605 0.1 62.9464
9.34107 2098.33 165.912 -20.9288 0.1 62.9464
9.35132 2100.03 165.697 -20.8972 0.1 62.9463
9.36159 2101.73 165.483 -20.8657 0.1 62.9463
9.37187 2103.43 165.269 -20.8342 0.1 62.9463
9.38216 2105.13 165.054 -20.8028 0.1 62.9463
9.39217 2106.78 164.846 -20.773 0.1 62.9506
9.40218 2108.43 164.639 -20.742 0.1 62.9463
9.41221 2110.08 164.431 -20.7123 0.1 62.9506
9.42225 2111.73 164.223 -20.6814 0.1 62.9463
9.43231 2113.38 164.015 -20.6518 0.1 62.9506
9.44237 2115.03 163.807 -20.6211 0.1 62.9463
9.45245 2116.68 163.6 -20.5916 0.1 62.9506
9.46254 2118.33 163.392 -20.5609 0.1 62.9463
9.47265 2119.98 163.184 -20.5315 0.1 62.9506
9.48277 2121.63 162.977 -20.501 0.1 62.9463
9.4929 2123.28 162.769 -20.4717 0.1 62.9506
9.50304 2124.93 162.562 -20.4412 0.1 62.9463
9.5132 2126.58 162.354 -20.412 0.1 62.9506
9.52337 2128.23 162.147 -20.3817 0.1 62.9463
9.53355 2129.88 161.94 -20.3526 0.1 62.9506
9.54375 2131.53 161.732 -20.3224 0.1 62.9463
9.55395 2133.18 161.525 -20.2934 0.1 62.9506
9.56418 2134.83 161.318 -20.2633 0.1 62.9463
9.57441 2136.48 161.11 -20.2344 0.1 62.9506
9.58466 2138.13 160.903 -20.2044 0.1 62.9463
9.59492 2139.78 160.696 -20.1756 0.1 62.9506
9.6052 2141.43 160.489 -20.1457 0.1 62.9463
9.61548 2143.08 160.282 -20.1171 0.1 62.9506
9.62579 2144.73 160.075 -20.0873 0.1 62.9463
9.63579 2146.33 159.874 -20.059 0.1 62.9463
9.6458 2147.93 159.673 -20.0308 0.1 62.9463
9.65583 2149.53 159.472 -20.0026 0.1 62.9463
9.66587 2151.13 159.272 -19.9745 0.1 62.9463
9.67592 2152.73 159.071 -19.9464 0.1 62.9463
9.68599 2154.33 158.87 -19.9184 0.1 62.9463
9.69606 2155.93 158.67 -19.8904 0.1 62.9463
9.70615 2157.53 158.469 -19.8625 0.1 62.9463
9.71626 2159.13 158.269 -19.8346 0.1 62.9462
9.72637 2160.73 158.068 -19.8067 0.1 62.9462
9.7365 2162.33 157.868 -19.7789 0.1 62.9462
9.74664 2163.93 157.667 -19.7512 0.1 62.9462
9.7568 2165.53 157.467 -19.7235 0.1 62.9462
9.76696 2167.13 157.267 -19.6959 0.1 62.9462
9.77715 2168.73 157.066 -19.6683 0.1 62.9462
9.78734 2170.33 156.866 -19.6407 0.1 62.9462
9.79755 2171.93 156.666 -19.6132 0.1 62.9462
9.80777 2173.53 156.465 -19.5858 0.1 62.9462
9.818 2175.13 156.265 -19.5584 0.1 62.9462
9.82824 2176.73 156.065 -19.531 0.1 62.9462
9.8385 2178.33 155.864 -19.5037 0.1 62.9462
9.84877 2179.93 155.664 -19.4764 0.1 62.9462
9.85906 2181.53 155.464 -19.4492 0.1 62.9462
9.86936 2183.13 155.264 -19.422 0.1 62.9462
9.87967 2184.73 155.064 -19.3949 0.1 62.9462
9.88967 2186.28 154.87 -19.3692 0.1 62.9507
9.89969 2187.83 154.676 -19.3425 0.1 62.9462
9.90972 2189.38 154.482 -19.3169 0.1 62.9507
9.91976 2190.93 154.288 -19.2902 0.1 62.9462
9.92981 2192.48 154.095 -19.2647 0.1 62.9507
9.93987 2194.03 153.901 -19.2382 0.1 62.9462
9.94995 2195.58 153.707 -19.2127 0.1 62.9507
9.96004 2197.13 153.513 -19.1863 0.1 62.9462
9.97015 2198.68 153.32 -19.1609 0.1 62.9507
9.98026 2200.23 153.126 -19.1345 0.1 62.9462
9.99039 2201.78 152.932 -19.1093 0.1 62.9507
10.0005 2203.33 152.739 -19.083 0.1 62.9462
10.0107 2204.88 152.545 -19.0578 0.1 62.9508
10.0209 2206.43 152.351 -19.0316 0.1 62.9462
10.031 2207.98 152.158 -19.0065 0.1 62.9508
10.0412 2209.53 151.964 -18.9804 0.1 62.9462
10.0514 2211.08 151.771 -18.9554 0.1 62.9508
10.0617 2212.63 151.577 -18.9293 0.1 62.9462
10.0719 2214.18 151.383 -18.9044 0.1 62.9508
10.0821 2215.73 151.19 -18.8785 0.1 62.9461
10.0924 2217.28 150.996 -18.8536 0.1 62.9508
10.1027 2218.83 150.803 -18.8278 0.1 62.9461
10.1129 2220.38 150.609 -18.803 0.1 62.9508
10.1232 2221.93 150.416 -18.7772 0.1 62.9461
10.1336 2223.48 150.222 -18.7526 0.1 62.9508
10.1439 2225.03 150.029 -18.7269 0.1 62.9461
10.1539 2226.53 149.842 -18.7026 0.1 62.9461
10.1639 2228.03 149.654 -18.6783 0.1 62.9461
10.1739 2229.53 149.467 -18.6541 0.1 62.9461
10.184 2231.03 149.28 -18.6299 0.1 62.9461
10.194 2232.53 149.093 -18.6057 0.1 62.9461
10.2041 2234.03 148.906 -18.5816 0.1 62.9461
10.2142 2235.53 148.718 -18.5575 0.1 62.9461
10.2243 2237.03 148.531 -18.5335 0.1 62.9461
10.2344 2238.53 148.344 -18.5095 0.1 62.9461
10.2445 2240.03 148.157 -18.4855 0.1 62.9461
10.2546 2241.53 147.97 -18.4616 0.1 62.9461
10.2648 2243.03 147.783 -18.4377 0.1 62.9461
10.2749 2244.53 147.595 -18.4139 0.1 62.9461
10.2851 2246.03 147.408 -18.3901 0.1 62.9461
10.2953 2247.53 147.221 -18.3663 0.1 62.9461
10.3055 2249.03 147.034 -18.3426 0.1 62.9461
10.3157 2250.53 146.847 -18.3189 0.1 62.9461
10.3259 2252.03 146.66 -18.2952 0.1 62.9461
10.3361 2253.53 146.473 -18.2716 0.1 62.9461
10.3464 2255.03 146.286 -18.248 0.1 62.9461
10.3566 2256.53 146.098 -18.2245 0.1 62.9461
10.3669 2258.03 145.911 -18.201 0.1 62.9461
10.3772 2259.53 145.724 -18.1775 0.1 62.9461
10.3875 2261.03 145.537 -18.1541 0.1 62.9461
10.3978 2262.53 145.35 -18.1307 0.1 62.9461
10.4081 2264.03 145.163 -18.1074 0.1 62.946
10.4185 2265.53 144.976 -18.0841 0.1 62.946
10.4285 2266.98 144.795 -18.0621 0.1 62.9509
10.4385 2268.43 144.614 -18.0391 0.1 62.946
10.4486 2269.88 144.433 -18.0172 0.1 62.9509
10.4586 2271.33 144.252 -17.9943 0.1 62.946
10.4687 2272.78 144.071 -17.9724 0.1 62.9509
10.4787 2274.23 143.891 -17.9496 0.1 62.946
10.4888 2275.68 143.71 -17.9278 0.1 62.9509
10.4989 2277.13 143.529 -17.905 0.1 62.946
10.509 2278.58 143.348 -17.8833 0.1 62.9509
10.5191 2280.03 143.167 -17.8606 0.1 62.946
10.5293 2281.48 142.986 -17.839 0.1 62.9509
10.5394 2282.93 142.805 -17.8164 0.1 62.946
10.5496 2284.38 142.624 -17.7948 0.1 62.9509
10.5598 2285.83 142.443 -17.7722 0.1 62.946
10.5699 2287.28 142.262 -17.7507 0.1 62.9509
10.5801 2288.73 142.081 -17.7282 0.1 62.946
10.5903 2290.18 141.901 -17.7068 0.1 62.9509
10.6006 2291.63 141.72 -17.6844 0.1 62.946
10.6108 2293.08 141.539 -17.663 0.1 62.9509
10.6211 2294.53 141.358 -17.6406 0.1 62.946
10.6313 2295.98 141.177 -17.6193 0.1 62.9509
10.6416 2297.43 140.996 -17.597 0.1 62.946
10.6519 2298.88 140.815 -17.5758 0.1 62.9509
10.6622 2300.33 140.634 -17.5536 0.1 62.946
10.6725 2301.78 140.453 -17.5324 0.1 62.951
10.6828 2303.23 140.272 -17.5103 0.1 62.946
10.6932 2304.68 140.091 -17.4892 0.1 62.951
10.7036 2306.13 139.91 -17.4671 0.1 62.946
10.7136 2307.53 139.735 -17.4463 0.1 62.946
10.7236 2308.93 139.56 -17.4255 0.1 62.946
10.7336 2310.33 139.385 -17.4048 0.1 62.9459
10.7437 2311.73 139.211 -17.3841 0.1 62.9459
10.7537 2313.13 139.036 -17.3634 0.1 62.9459
10.7638 2314.53 138.861 -17.3427 0.1 62.9459
10.7739 2315.93 138.686 -17.3221 0.1 62.9459
10.784 2317.33 138.511 -17.3016 0.1 62.9459
10.7941 2318.73 138.336 -17.281 0.1 62.9459
10.8042 2320.13 138.161 -17.2605 0.1 62.9459
10.8144 2321.53 137.986 -17.24 0.1 62.9459
10.8245 2322.93 137.812 -17.2195 0.1 62.9459
10.8347 2324.33 137.637 -17.1991 0.1 62.9459
10.8449 2325.73 137.462 -17.1787 0.1 62.9459
10.8551 2327.13 137.287 -17.1583 0.1 62.9459
10.8653 2328.53 137.112 -17.138 0.1 62.9459
10.8755 2329.93 136.937 -17.1177 0.1 62.9459
10.8857 2331.33 136.762 -17.0974 0.1 62.9459
10.896 2332.73 136.587 -17.0772 0.1 62.9459
10.9062 2334.13 136.412 -17.0569 0.1 62.9459
10.9165 2335.53 136.237 -17.0367 0.1 62.9459
10.9268 2336.93 136.061 -17.0166 0.1 62.9459
10.9371 2338.33 135.886 -16.9965 0.1 62.9459
10.9474 2339.73 135.711 -16.9764 0.1 62.9459
10.9577 2341.13 135.536 -16.9563 0.1 62.9459
10.968 2342.53 135.361 -16.9363 0.1 62.9459
10.9784 2343.93 135.186 -16.9163 0.1 62.9459
10.9888 2345.33 135.011 -16.8963 0.1 62.9459
10.9988 2346.68 134.842 -16.8775 0.1 62.9511
11.0088 2348.03 134.673 -16.8578 0.1 62.9459
11.0188 2349.38 134.504 -16.8391 0.1 62.9511
11.0289 2350.73 134.335 -16.8195 0.1 62.9459
11.0389 2352.08 134.166 -16.8009 0.1 62.9511
11.049 2353.43 133.996 -16.7813 0.1 62.9458
11.0591 2354.78 133.827 -16.7627 0.1 62.9511
11.0692 2356.13 133.658 -16.7432 0.1 62.9458
11.0793 2357.48 133.489 -16.7246 0.1 62.9511
11.0894 2358.83 133.32 -16.7052 0.1 62.9458
11.0995 2360.18 133.151 -16.6867 0.1 62.9511
11.1097 2361.53 132.982 -16.6673 0.1 62.9458
11.1198 2362.88 132.812 -16.6488 0.1 62.9511
11.13 2364.23 132.643 -16.6295 0.1 62.9458
11.1402 2365.58 132.474 -16.6111 0.1 62.9511
11.1504 2366.93 132.305 -16.5918 0.1 62.9458
11.1606 2368.28 132.135 -16.5735 0.1 62.9511
11.1708 2369.63 131.966 -16.5543 0.1 62.9458
11.181 2370.98 131.797 -16.536 0.1 62.9511
11.1913 2372.33 131.627 -16.5168 0.1 62.9458
11.2016 2373.68 131.458 -16.4986 0.1 62.9511
11.2118 2375.03 131.288 -16.4794 0.1 62.9458
11.2221 2376.38 131.119 -16.4613 0.1 62.9511
11.2324 2377.73 130.949 -16.4422 0.1 62.9458
11.2427 2379.08 130.78 -16.4241 0.1 62.9511
11.2531 2380.43 130.61 -16.4051 0.1 62.9458
11.2634 2381.78 130.441 -16.387 0.1 62.9511
11.2738 2383.13 130.271 -16.368 0.1 62.9458
11.2841 2384.48 130.101 -16.35 0.1 62.9511
11.2945 2385.83 129.932 -16.3311 0.1 62.9458
11.3045 2387.13 129.768 -16.3134 0.1 62.9458
11.3146 2388.43 129.605 -16.2957 0.1 62.9458
11.3246 2389.73 129.442 -16.278 0.1 62.9458
11.3346 2391.03 129.278 -16.2603 0.1 62.9458
11.3447 2392.33 129.114 -16.2427 0.1 62.9457
11.3548 2393.63 128.951 -16.225 0.1 62.9457
11.3649 2394.93 128.787 -16.2074 0.1 62.9457
11.375 2396.23 128.624 -16.1899 0.1 62.9457
11.3851 2397.53 128.46 -16.1723 0.1 62.9457
11.3952 2398.83 128.296 -16.1548 0.1 62.9457
11.4054 2400.13 128.133 -16.1373 0.1 62.9457
11.4155 2401.43 127.969 -16.1198 0.1 62.9457
11.4257 2402.73 127.805 -16.1024 0.1 62.9457
11.4359 2404.03 127.641 -16.085 0.1 62.9457
11.446 2405.33 127.477 -16.0676 0.1 62.9457
11.4562 2406.63 127.314 -16.0502 0.1 62.9457
11.4665 2407.93 127.15 -16.0328 0.1 62.9457
11.4767 2409.23 126.986 -16.0155 0.1 62.9457
11.4869 2410.53 126.822 -15.9982 0.1 62.9457
11.4972 2411.83 126.658 -15.9809 0.1 62.9457
11.5075 2413.13 126.494 -15.9637 0.1 62.9457
11.5178 2414.43 126.33 -15.9464 0.1 62.9457
11.5281 2415.73 126.166 -15.9292 0.1 62.9457
11.5384 2417.03 126.001 -15.9121 0.1 62.9457
11.5487 2418.33 125.837 -15.8949 0.1 62.9457
11.559 2419.63 125.673 -15.8778 0.1 62.9457
11.5694 2420.93 125.509 -15.8606 0.1 62.9457
11.5797 2422.23 125.344 -15.8436 0.1 62.9457
11.5901 2423.53 125.18 -15.8265 0.1 62.9457
11.6005 2424.83 125.016 -15.8094 0.1 62.9457
11.6105 2426.08 124.858 -15.7935 0.1 62.9513
11.6205 2427.33 124.699 -15.7767 0.1 62.9457
11.6306 2428.58 124.541 -15.7608 0.1 62.9513
11.6406 2429.83 124.383 -15.7441 0.1 62.9456
11.6507 2431.08 124.225 -15.7283 0.1 62.9513
11.6607 2432.33 124.067 -15.7116 0.1 62.9456
11.6708 2433.58 123.908 -15.6958 0.1 62.9513
11.6809 2434.83 123.75 -15.6791 0.1 62.9456
11.691 2436.08 123.591 -15.6634 0.1 62.9513
11.7011 2437.33 123.433 -15.6468 0.1 62.9456
11.7113 2438.58 123.275 -15.631 0.1 62.9513
11.7214 2439.83 123.116 -15.6145 0.1 62.9456
11.7316 2441.08 122.957 -15.5988 0.1 62.9513
11.7418 2442.33 122.799 -15.5823 0.1 62.9456
11.7519 2443.58 122.64 -15.5667 0.1 62.9513
11.7621 2444.83 122.482 -15.5502 0.1 62.9456
11.7724 2446.08 122.323 -15.5346 0.1 62.9513
11.7826 2447.33 122.164 -15.5182 0.1 62.9456
11.7928 2448.58 122.005 -15.5026 0.1 62.9513
11.8031 2449.83 121.846 -15.4862 0.1 62.9456
11.8133 2451.08 121.688 -15.4707 0.1 62.9513
11.8236 2452.33 121.529 -15.4544 0.1 62.9456
11.8339 2453.58 121.37 -15.4389 0.1 62.9513
11.8442 2454.83 121.211 -15.4226 0.1 62.9456
11.8545 2456.08 121.051 -15.4072 0.1 62.9514
11.8649 2457.33 120.892 -15.3909 0.1 62.9456
11.8752 2458.58 120.733 -15.3756 0.1 62.9514
11.8856 2459.83 120.574 -15.3593 0.1 62.9456
11.8959 2461.08 120.415 -15.344 0.1 62.9514
11.9063 2462.33 120.255 -15.3278 0.1 62.9455
11.9167 2463.58 120.096 -15.3125 0.1 62.9514
11.9272 2464.83 119.937 -15.2964 0.1 62.9455
11.9372 2466.03 119.784 -15.2813 0.1 62.9455
11.9472 2467.23 119.63 -15.2663 0.1 62.9455
11.9572 2468.43 119.477 -15.2513 0.1 62.9455
11.9673 2469.63 119.324 -15.2363 0.1 62.9455
11.9773 2470.83 119.171 -15.2213 0.1 62.9455
11.9874 2472.03 119.018 -15.2063 0.1 62.9455
11.9975 2473.23 118.864 -15.1914 0.1 62.9455
12.0076 2474.43 118.711 -15.1765 0.1 62.9455
12.0177 2475.63 118.557 -15.1616 0.1 62.9455
12.0279 2476.83 118.404 -15.1467 0.1 62.9455
12.038 2478.03 118.25 -15.1318 0.1 62.9455
12.0481 2479.23 118.097 -15.117 0.1 62.9455
12.0583 2480.43 117.943 -15.1021 0.1 62.9455
12.0685 2481.63 117.789 -15.0873 0.1 62.9455
12.0787 2482.83 117.636 -15.0725 0.1 62.9455
12.0889 2484.03 117.482 -15.0578 0.1 62.9455
12.0991 2485.23 117.328 -15.043 0.1 62.9455
12.1094 2486.43 117.174 -15.0283 0.1 62.9455
12.1196 2487.63 117.02 -15.0136 0.1 62.9455
12.1299 2488.83 116.866 -14.9989 0.1 62.9455
12.1401 2490.03 116.712 -14.9842 0.1 62.9455
12.1504 2491.23 116.558 -14.9695 0.1 62.9455
12.1607 2492.43 116.404 -14.9549 0.1 62.9455
12.171 2493.63 116.25 -14.9403 0.1 62.9454
12.1814 2494.83 116.096 -14.9257 0.1 62.9454
12.1917 2496.03 115.941 -14.9111 0.1 62.9454
12.2021 2497.23 115.787 -14.8965 0.1 62.9454
12.2124 2498.43 115.632 -14.882 0.1 62.9454
12.2228 2499.63 115.478 -14.8674 0.1 62.9454
12.2332 2500.83 115.323 -14.8529 0.1 62.9454
12.2436 2502.03 115.169 -14.8384 0.1 62.9454
12.2541 2503.23 115.014 -14.824 0.1 62.9454
12.2641 2504.38 114.866 -14.8105 0.1 62.9515
12.2741 2505.53 114.718 -14.7963 0.1 62.9454
12.2841 2506.68 114.569 -14.7828 0.1 62.9515
12.2942 2507.83 114.421 -14.7686 0.1 62.9454
12.3042 2508.98 114.272 -14.7552 0.1 62.9515
12.3143 2510.13 114.124 -14.7411 0.1 62.9454
12.3244 2511.28 113.975 -14.7277 0.1 62.9515
12.3345 2512.43 113.827 -14.7136 0.1 62.9454
12.3446 2513.58 113.678 -14.7003 0.1 62.9515
12.3547 2514.73 113.529 -14.6862 0.1 62.9454
12.3649 2515.88 113.381 -14.6729 0.1 62.9515
12.375 2517.03 113.232 -14.6588 0.1 62.9454
12.3852 2518.18 113.083 -14.6455 0.1 62.9516
12.3953 2519.33 112.934 -14.6315 0.1 62.9454
12.4055 2520.48 112.785 -14.6183 0.1 62.9516
12.4157 2521.63 112.636 -14.6043 0.1 62.9454
12.4259 2522.78 112.487 -14.5911 0.1 62.9516
12.4362 2523.93 112.337 -14.5771 0.1 62.9453
12.4464 2525.08 112.188 -14.564 0.1 62.9516
12.4567 2526.23 112.039 -14.55 0.1 62.9453
12.467 2527.38 111.889 -14.5369 0.1 62.9516
12.4772 2528.53 111.74 -14.523 0.1 62.9453
12.4875 2529.68 111.59 -14.5099 0.1 62.9516
12.4979 2530.83 111.441 -14.4961 0.1 62.9453
12.5082 2531.98 111.291 -14.483 0.1 62.9516
12.5185 2533.13 111.142 -14.4692 0.1 62.9453
12.5289 2534.28 110.992 -14.4561 0.1 62.9516
12.5392 2535.43 110.842 -14.4423 0.1 62.9453
12.5496 2536.58 110.692 -14.4293 0.1 62.9516
12.56 2537.73 110.542 -14.4156 0.1 62.9453
12.5704 2538.88 110.392 -14.4026 0.1 62.9516
12.5809 2540.03 110.242 -14.3889 0.1 62.9453
12.5913 2541.18 110.092 -14.3759 0.1 62.9516
12.6017 2542.33 109.942 -14.3622 0.1 62.9453
12.6118 2543.43 109.798 -14.3495 0.1 62.9453
12.6218 2544.53 109.654 -14.3368 0.1 62.9453
12.6318 2545.63 109.51 -14.3241 0.1 62.9453
12.6419 2546.73 109.367 -14.3115 0.1 62.9453
12.6519 2547.83 109.223 -14.2988 0.1 62.9453
12.662 2548.93 109.079 -14.2862 0.1 62.9453
12.6721 2550.03 108.934 -14.2735 0.1 62.9452
12.6822 2551.13 108.79 -14.2609 0.1 62.9452
12.6923 2552.23 108.646 -14.2483 0.1 62.9452
12.7025 2553.33 108.502 -14.2357 0.1 62.9452
12.7126 2554.43 108.357 -14.2232 0.1 62.9452
12.7228 2555.53 108.213 -14.2106 0.1 62.9452
12.7329 2556.63 108.068 -14.1981 0.1 62.9452
12.7431 2557.73 107.924 -14.1856 0.1 62.9452
12.7533 2558.83 107.779 -14.1731 0.1 62.9452
12.7635 2559.93 107.635 -14.1606 0.1 62.9452
12.7738 2561.03 107.49 -14.1481 0.1 62.9452
12.784 2562.13 107.345 -14.1356 0.1 62.9452
12.7943 2563.23 107.2 -14.1232 0.1 62.9452
12.8045 2564.33 107.055 -14.1107 0.1 62.9452
12.8148 2565.43 106.91 -14.0983 0.1 62.9452
12.8251 2566.53 106.765 -14.0859 0.1 62.9452
12.8354 2567.63 106.62 -14.0735 0.1 62.9452
12.8457 2568.73 106.475 -14.0611 0.1 62.9452
12.8561 2569.83 106.329 -14.0487 0.1 62.9452
12.8664 2570.93 106.184 -14.0364 0.1 62.9452
12.8768 2572.03 106.038 -14.0241 0.1 62.9452
12.8872 2573.13 105.893 -14.0117 0.1 62.9452
12.8976 2574.23 105.747 -13.9994 0.1 62.9452
12.908 2575.33 105.602 -13.9871 0.1 62.9451
12.9184 2576.43 105.456 -13.9749 0.1 62.9451
12.9288 2577.53 105.31 -13.9626 0.1 62.9451
12.9393 2578.63 105.164 -13.9503 0.1 62.9451
12.9498 2579.73 105.018 -13.9381 0.1 62.9451
12.9598 2580.78 104.879 -13.9268 0.1 62.9518
12.9698 2581.83 104.739 -13.9148 0.1 62.9451
12.9798 2582.88 104.6 -13.9035 0.1 62.9518
12.9899 2583.93 104.46 -13.8915 0.1 62.9451
12.9999 2584.98 104.321 -13.8802 0.1 62.9518
13.01 2586.03 104.181 -13.8683 0.1 62.9451
13.0201 2587.08 104.041 -13.8571 0.1 62.9518
13.0302 2588.13 103.901 -13.8451 0.1 62.9451
13.0403 2589.18 103.761 -13.8339 0.1 62.9518
13.0504 2590.23 103.621 -13.822 0.1 62.9451
13.0606 2591.28 103.481 -13.8108 0.1 62.9518
13.0707 2592.33 103.341 -13.7989 0.1 62.9451
13.0809 2593.38 103.201 -13.7878 0.1 62.9519
13.0911 2594.43 103.06 -13.7759 0.1 62.9451
13.1013 2595.48 102.92 -13.7648 0.1 62.9519
13.1115 2596.53 102.78 -13.753 0.1 62.9451
13.1217 2597.58 102.639 -13.7419 0.1 62.9519
13.1319 2598.63 102.498 -13.7301 0.1 62.945
13.1422 2599.68 102.358 -13.719 0.1 62.9519
13.1525 2600.73 102.217 -13.7072 0.1 62.945
13.1627 2601.78 102.076 -13.6961 0.1 62.9519
13.173 2602.83 101.935 -13.6844 0.1 62.945
13.1833 2603.88 101.794 -13.6733 0.1 62.9519
13.1937 2604.93 101.653 -13.6616 0.1 62.945
13.204 2605.98 101.512 -13.6506 0.1 62.9519
13.2143 2607.03 101.371 -13.6389 0.1 62.945
13.2247 2608.08 101.229 -13.6279 0.1 62.9519
13.2351 2609.13 101.088 -13.6163 0.1 62.945
13.2455 2610.18 100.947 -13.6053 0.1 62.9519
13.2559 2611.23 100.805 -13.5936 0.1 62.945
13.2663 2612.28 100.663 -13.5827 0.1 62.9519
13.2768 2613.33 100.522 -13.5711 0.1 62.945
13.2872 2614.38 100.38 -13.5602 0.1 62.9519
13.2977 2615.43 100.238 -13.5486 0.1 62.945
13.3082 2616.48 100.096 -13.5377 0.1 62.952
13.3187 2617.53 99.9539 -13.5261 0.1 62.945
13.3287 2618.53 99.8185 -13.5154 0.1 62.945
13.3387 2619.53 99.6831 -13.5048 0.1 62.9449
13.3487 2620.53 99.5476 -13.4941 0.1 62.9449
13.3588 2621.53 99.412 -13.4835 0.1 62.9449
13.3689 2622.53 99.2763 -13.4728 0.1 62.9449
13.3789 2623.53 99.1405 -13.4622 0.1 62.9449
13.389 2624.53 99.0047 -13.4516 0.1 62.9449
13.3991 2625.53 98.8688 -13.441 0.1 62.9449
13.4093 2626.53 98.7328 -13.4304 0.1 62.9449
13.4194 2627.53 98.5967 -13.4198 0.1 62.9449
13.4295 2628.53 98.4606 -13.4093 0.1 62.9449
13.4397 2629.53 98.3243 -13.3987 0.1 62.9449
13.4499 2630.53 98.188 -13.3882 0.1 62.9449
13.4601 2631.53 98.0516 -13.3776 0.1 62.9449
13.4703 2632.53 97.9151 -13.3671 0.1 62.9449
13.4805 2633.53 97.7786 -13.3566 0.1 62.9449
13.4907 2634.53 97.6419 -13.3461 0.1 62.9449
13.501 2635.53 97.5052 -13.3356 0.1 62.9449
13.5112 2636.53 97.3684 -13.3251 0.1 62.9449
13.5215 2637.53 97.2315 -13.3147 0.1 62.9449
13.5318 2638.53 97.0945 -13.3042 0.1 62.9449
13.5421 2639.53 96.9574 -13.2938 0.1 62.9449
13.5524 2640.53 96.8203 -13.2833 0.1 62.9448
13.5628 2641.53 96.683 -13.2729 0.1 62.9448
13.5731 2642.53 96.5457 -13.2625 0.1 62.9448
13.5835 2643.53 96.4083 -13.2521 0.1 62.9448
13.5939 2644.53 96.2708 -13.2417 0.1 62.9448
13.6043 2645.53 96.1332 -13.2313 0.1 62.9448
13.6147 2646.53 95.9955 -13.221 0.1 62.9448
13.6251 2647.53 95.8577 -13.2106 0.1 62.9448
13.6356 2648.53 95.7199 -13.2003 0.1 62.9448
13.646 2649.53 95.5819 -13.1899 0.1 62.9448
13.6565 2650.53 95.4439 -13.1796 0.1 62.9448
13.667 2651.53 95.3057 -13.1693 0.1 62.9448
13.6775 2652.53 95.1675 -13.159 0.1 62.9448
13.688 2653.53 95.0292 -13.1487 0.1 62.9448
13.698 2654.48 94.8977 -13.1393 0.1 62.9521
13.708 2655.43 94.7661 -13.1292 0.1 62.9448
13.718 2656.38 94.6344 -13.1198 0.1 62.9522
13.7281 2657.33 94.5027 -13.1097 0.1 62.9448
13.7381 2658.28 94.3709 -13.1003 0.1 62.9522
13.7482 2659.23 94.2389 -13.0903 0.1 62.9447
13.7583 2660.18 94.1069 -13.0809 0.1 62.9522
13.7684 2661.13 93.9748 -13.0708 0.1 62.9447
13.7785 2662.08 93.8427 -13.0615 0.1 62.9522
13.7886 2663.03 93.7104 -13.0515 0.1 62.9447
13.7988 2663.98 93.578 -13.0421 0.1 62.9522
13.809 2664.93 93.4456 -13.0322 0.1 62.9447
13.8191 2665.88 93.313 -13.0228 0.1 62.9522
13.8293 2666.83 93.1804 -13.0129 0.1 62.9447
13.8395 2667.78 93.0477 -13.0035 0.1 62.9522
13.8497 2668.73 92.9149 -12.9936 0.1 62.9447
13.86 2669.68 92.782 -12.9843 0.1 62.9522
13.8702 2670.63 92.649 -12.9744 0.1 62.9447
13.8805 2671.58 92.5159 -12.9651 0.1 62.9522
13.8908 2672.53 92.3827 -12.9552 0.1 62.9447
13.901 2673.48 92.2495 -12.946 0.1 62.9523
13.9114 2674.43 92.1161 -12.9361 0.1 62.9447
13.9217 2675.38 91.9826 -12.9268 0.1 62.9523
13.932 2676.33 91.8491 -12.917 0.1 62.9446
13.9424 2677.28 91.7154 -12.9078 0.1 62.9523
13.9527 2678.23 91.5817 -12.8979 0.1 62.9446
13.9631 2679.18 91.4478 -12.8887 0.1 62.9523
13.9735 2680.13 91.3139 -12.8789 0.1 62.9446
13.9839 2681.08 91.1798 -12.8697 0.1 62.9523
13.9943 2682.03 91.0457 -12.8599 0.1 62.9446
14.0048 2682.98 90.9115 -12.8507 0.1 62.9523
14.0152 2683.93 90.7771 -12.841 0.1 62.9446
14.0257 2684.88 90.6427 -12.8318 0.1 62.9523
14.0362 2685.83 90.5081 -12.8221 0.1 62.9446
14.0467 2686.78 90.3735 -12.8129 0.1 62.9523
14.0572 2687.73 90.2388 -12.8032 0.1 62.9446
14.0678 2688.68 90.1039 -12.7941 0.1 62.9523
14.0783 2689.63 89.969 -12.7844 0.1 62.9446
14.0883 2690.53 89.841 -12.7754 0.1 62.9446
14.0984 2691.43 89.713 -12.7665 0.1 62.9446
14.1084 2692.33 89.5849 -12.7577 0.1 62.9446
14.1184 2693.23 89.4567 -12.7488 0.1 62.9445
14.1285 2694.13 89.3283 -12.7399 0.1 62.9445
14.1386 2695.03 89.1999 -12.731 0.1 62.9445
14.1487 2695.93 89.0714 -12.7222 0.1 62.9445
14.1588 2696.83 88.9428 -12.7133 0.1 62.9445
14.1689 2697.73 88.8141 -12.7045 0.1 62.9445
14.1791 2698.63 88.6853 -12.6956 0.1 62.9445
14.1892 2699.53 88.5565 -12.6868 0.1 62.9445
14.1994 2700.43 88.4275 -12.678 0.1 62.9445
14.2096 2701.33 88.2984 -12.6692 0.1 62.9445
14.2198 2702.23 88.1692 -12.6604 0.1 62.9445
14.23 2703.13 88.0399 -12.6516 0.1 62.9445
14.2402 2704.03 87.9105 -12.6428 0.1 62.9445
14.2505 2704.93 87.781 -12.6341 0.1 62.9445
14.2607 2705.83 87.6514 -12.6253 0.1 62.9445
14.271 2706.73 87.5217 -12.6165 0.1 62.9445
14.2813 2707.63 87.392 -12.6078 0.1 62.9445
14.2916 2708.53 87.2621 -12.599 0.1 62.9444
14.3019 2709.43 87.1321 -12.5903 0.1 62.9444
14.3123 2710.33 87.002 -12.5816 0.1 62.9444
14.3226 2711.23 86.8717 -12.5729 0.1 62.9444
14.333 2712.13 86.7414 -12.5642 0.1 62.9444
14.3434 2713.03 86.611 -12.5555 0.1 62.9444
14.3538 2713.93 86.4805 -12.5468 0.1 62.9444
14.3642 2714.83 86.3499 -12.5381 0.1 62.9444
14.3746 2715.73 86.2191 -12.5294 0.1 62.9444
14.3851 2716.63 86.0883 -12.5207 0.1 62.9444
14.3955 2717.53 85.9573 -12.5121 0.1 62.9444
14.406 2718.43 85.8262 -12.5034 0.1 62.9444
14.4165 2719.33 85.6951 -12.4948 0.1 62.9444
14.427 2720.23 85.5638 -12.4861 0.1 62.9444
14.4375 2721.13 85.4324 -12.4775 0.1 62.9444
14.4481 2722.03 85.3009 -12.4689 0.1 62.9444
14.4586 2722.93 85.1693 -12.4603 0.1 62.9444
14.4692 2723.83 85.0375 -12.4517 0.1 62.9443
14.4792 2724.68 84.913 -12.4439 0.1 62.9526
14.4892 2725.53 84.7884 -12.4355 0.1 62.9443
14.4993 2726.38 84.6637 -12.4276 0.1 62.9526
14.5093 2727.23 84.5389 -12.4193 0.1 62.9443
14.5194 2728.08 84.4139 -12.4115 0.1 62.9526
14.5295 2728.93 84.2889 -12.4031 0.1 62.9443
14.5396 2729.78 84.1638 -12.3953 0.1 62.9526
14.5497 2730.63 84.0385 -12.387 0.1 62.9443
14.5598 2731.48 83.9132 -12.3792 0.1 62.9526
14.5699 2732.33 83.7877 -12.3708 0.1 62.9443
14.5801 2733.18 83.6622 -12.3631 0.1 62.9526
14.5902 2734.03 83.5365 -12.3548 0.1 62.9443
14.6004 2734.88 83.4107 -12.347 0.1 62.9527
14.6106 2735.73 83.2849 -12.3387 0.1 62.9443
14.6208 2736.58 83.1589 -12.331 0.1 62.9527
14.6311 2737.43 83.0328 -12.3227 0.1 62.9442
14.6413 2738.28 82.9066 -12.315 0.1 62.9527
14.6516 2739.13 82.7803 -12.3067 0.1 62.9442
14.6619 2739.98 82.6538 -12.299 0.1 62.9527
14.6721 2740.83 82.5273 -12.2907 0.1 62.9442
14.6825 2741.68 82.4006 -12.283 0.1 62.9527
14.6928 2742.53 82.2739 -12.2748 0.1 62.9442
14.7031 2743.38 82.147 -12.2671 0.1 62.9527
14.7135 2744.23 82.02 -12.2589 0.1 62.9442
14.7238 2745.08 81.8929 -12.2512 0.1 62.9527
14.7342 2745.93 81.7657 -12.243 0.1 62.9442
14.7446 2746.78 81.6384 -12.2353 0.1 62.9527
14.7551 2747.63 81.5109 -12.2271 0.1 62.9442
14.7655 2748.48 81.3833 -12.2195 0.1 62.9528
14.7759 2749.33 81.2557 -12.2113 0.1 62.9442
14.7864 2750.18 81.1278 -12.2037 0.1 62.9528
14.7969 2751.03 80.9999 -12.1955 0.1 62.9441
14.8074 2751.88 80.8719 -12.1879 0.1 62.9528
14.8179 2752.73 80.7437 -12.1797 0.1 62.9441
14.8285 2753.58 80.6154 -12.1721 0.1 62.9528
14.839 2754.43 80.487 -12.164 0.1 62.9441
14.8496 2755.28 80.3585 -12.1564 0.1 62.9528
14.8602 2756.13 80.2299 -12.1483 0.1 62.9441
14.8708 2756.98 80.1011 -12.1407 0.1 62.9528
14.8814 2757.83 79.9722 -12.1326 0.1 62.9441
14.8914 2758.63 79.8508 -12.1252 0.1 62.9441
14.9014 2759.43 79.7292 -12.1179 0.1 62.9441
14.9115 2760.23 79.6076 -12.1105 0.1 62.9441
14.9215 2761.03 79.4858 -12.1031 0.1 62.9441
14.9316 2761.83 79.3639 -12.0958 0.1 62.944
14.9417 2762.63 79.2419 -12.0885 0.1 62.944
14.9518 2763.43 79.1198 -12.0811 0.1 62.944
14.9619 2764.23 78.9976 -12.0738 0.1 62.944
14.9721 2765.03 78.8753 -12.0665 0.1 62.944
14.9822 2765.83 78.7528 -12.0592 0.1 62.944
14.9924 2766.63 78.6303 -12.0518 0.1 62.944
15.0026 2767.43 78.5076 -12.0445 0.1 62.944
15.0128 2768.23 78.3848 -12.0372 0.1 62.944
15.023 2769.03 78.2619 -12.03 0.1 62.944
15.0332 2769.83 78.1388 -12.0227 0.1 62.944
15.0434 2770.63 78.0157 -12.0154 0.1 62.944
15.0537 2771.43 77.8924 -12.0081 0.1 62.944
15.064 2772.23 77.769 -12.0008 0.1 62.944
15.0743 2773.03 77.6455 -11.9936 0.1 62.944
15.0846 2773.83 77.5219 -11.9863 0.1 62.9439
15.0949 2774.63 77.3981 -11.9791 0.1 62.9439
15.1053 2775.43 77.2742 -11.9718 0.1 62.9439
15.1156 2776.23 77.1502 -11.9646 0.1 62.9439
15.126 2777.03 77.0261 -11.9574 0.1 62.9439
15.1364 2777.83 76.9018 -11.9501 0.1 62.9439
15.1468 2778.63 76.7774 -11.9429 0.1 62.9439
15.1572 2779.43 76.6529 -11.9357 0.1 62.9439
15.1677 2780.23 76.5283 -11.9285 0.1 62.9439
15.1781 2781.03 76.4035 -11.9213 0.1 62.9439
15.1886 2781.83 76.2786 -11.9141 0.1 62.9439
15.1991 2782.63 76.1536 -11.9069 0.1 62.9439
15.2096 2783.43 76.0284 -11.8997 0.1 62.9439
15.2202 2784.23 75.9032 -11.8926 0.1 62.9438
15.2307 2785.03 75.7777 -11.8854 0.1 62.9438
15.2413 2785.83 75.6522 -11.8782 0.1 62.9438
15.2519 2786.63 75.5265 -11.8711 0.1 62.9438
15.2625 2787.43 75.4007 -11.8639 0.1 62.9438
15.2731 2788.23 75.2748 -11.8568 0.1 62.9438
15.2837 2789.03 75.1487 -11.8496 0.1 62.9438
15.2944 2789.83 75.0224 -11.8425 0.1 62.9438
15.3044 2790.58 74.904 -11.8361 0.1 62.9531
15.3144 2791.33 74.7854 -11.8291 0.1 62.9438
15.3244 2792.08 74.6667 -11.8227 0.1 62.9531
15.3345 2792.83 74.5479 -11.8158 0.1 62.9438
15.3446 2793.58 74.429 -11.8094 0.1 62.9532
15.3547 2794.33 74.3099 -11.8025 0.1 62.9438
15.3648 2795.08 74.1907 -11.7961 0.1 62.9532
15.3749 2795.83 74.0714 -11.7892 0.1 62.9437
15.385 2796.58 73.952 -11.7828 0.1 62.9532
15.3952 2797.33 73.8324 -11.7759 0.1 62.9437
15.4053 2798.08 73.7127 -11.7695 0.1 62.9532
15.4155 2798.83 73.5929 -11.7626 0.1 62.9437
15.4257 2799.58 73.4729 -11.7563 0.1 62.9532
15.4359 2800.33 73.3529 -11.7494 0.1 62.9437
15.4462 2801.08 73.2327 -11.743 0.1 62.9532
15.4564 2801.83 73.1123 -11.7362 0.1 62.9437
15.4667 2802.58 72.9919 -11.7298 0.1 62.9533
15.477 2803.33 72.8713 -11.723 0.1 62.9437
15.4873 2804.08 72.7505 -11.7166 0.1 62.9533
15.4976 2804.83 72.6297 -11.7098 0.1 62.9436
15.5079 2805.58 72.5087 -11.7035 0.1 62.9533
15.5183 2806.33 72.3876 -11.6967 0.1 62.9436
15.5286 2807.08 72.2663 -11.6903 0.1 62.9533
15.539 2807.83 72.1449 -11.6835 0.1 62.9436
15.5494 2808.58 72.0234 -11.6772 0.1 62.9533
15.5599 2809.33 71.9017 -11.6704 0.1 62.9436
15.5703 2810.08 71.7799 -11.6641 0.1 62.9533
15.5808 2810.83 71.658 -11.6573 0.1 62.9436
15.5912 2811.58 71.5359 -11.651 0.1 62.9534
15.6017 2812.33 71.4136 -11.6443 0.1 62.9436
15.6122 2813.08 71.2913 -11.638 0.1 62.9534
15.6228 2813.83 71.1688 -11.6312 0.1 62.9435
15.6333 2814.58 71.0461 -11.6249 0.1 62.9534
15.6439 2815.33 70.9233 -11.6182 0.1 62.9435
15.6545 2816.08 70.8004 -11.6119 0.1 62.9534
15.6651 2816.83 70.6773 -11.6052 0.1 62.9435
15.6757 2817.58 70.5541 -11.5989 0.1 62.9534
15.6863 2818.33 70.4307 -11.5922 0.1 62.9435
15.697 2819.08 70.3072 -11.5859 0.1 62.9534
15.7077 2819.83 70.1835 -11.5792 0.1 62.9435
15.7184 2820.58 70.0597 -11.573 0.1 62.9535
15.7284 2821.28 69.944 -11.5669 0.1 62.9535
15.7384 2821.98 69.8282 -11.5609 0.1 62.9535
15.7484 2822.68 69.7122 -11.5548 0.1 62.9535
15.7585 2823.38 69.5961 -11.5488 0.1 62.9535
15.7685 2824.08 69.4799 -11.5428 0.1 62.9535
15.7786 2824.78 69.3635 -11.5368 0.1 62.9535
15.7887 2825.48 69.247 -11.5308 0.1 62.9535
15.7988 2826.18 69.1304 -11.5248 0.1 62.9535
15.809 2826.88 69.0136 -11.5187 0.1 62.9535
15.8191 2827.58 68.8967 -11.5127 0.1 62.9535
15.8293 2828.28 68.7797 -11.5067 0.1 62.9535
15.8395 2828.98 68.6625 -11.5008 0.1 62.9536
15.8497 2829.68 68.5452 -11.4948 0.1 62.9536
15.8599 2830.38 68.4277 -11.4888 0.1 62.9536
15.8701 2831.08 68.3101 -11.4828 0.1 62.9536
15.8804 2831.78 68.1923 -11.4768 0.1 62.9536
15.8907 2832.48 68.0745 -11.4709 0.1 62.9536
15.901 2833.18 67.9564 -11.4649 0.1 62.9536
15.9113 2833.88 67.8383 -11.4589 0.1 62.9536
15.9216 2834.58 67.7199 -11.453 0.1 62.9536
15.9319 2835.28 67.6015 -11.447 0.1 62.9536
15.9423 2835.98 67.4829 -11.4411 0.1 62.9536
15.9527 2836.68 67.3641 -11.4351 0.1 62.9537
15.9631 2837.38 67.2452 -11.4292 0.1 62.9537
15.9735 2838.08 67.1262 -11.4232 0.1 62.9537
15.984 2838.78 67.007 -11.4173 0.1 62.9537
15.9944 2839.48 66.8876 -11.4114 0.1 62.9537
16.0049 2840.18 66.7681 -11.4055 0.1 62.9537
16.0154 2840.88 66.6484 -11.3995 0.1 62.9537
16.0259 2841.58 66.5286 -11.3936 0.1 62.9537
16.0364 2842.28 66.4087 -11.3877 0.1 62.9537
16.047 2842.98 66.2886 -11.3818 0.1 62.9537
16.0575 2843.68 66.1683 -11.3759 0.1 62.9537
16.0681 2844.38 66.0479 -11.37 0.1 62.9538
16.0787 2845.08 65.9273 -11.3641 0.1 62.9538
16.0894 2845.78 65.8065 -11.3582 0.1 62.9538
16.1 2846.48 65.6856 -11.3524 0.1 62.9538
16.1107 2847.18 65.5646 -11.3465 0.1 62.9538
16.1214 2847.88 65.4433 -11.3406 0.1 62.9538
16.1321 2848.58 65.3219 -11.3347 0.1 62.9538
16.1428 2849.28 65.2004 -11.3289 0.1 62.9538
16.1536 2849.98 65.0787 -11.323 0.1 62.9538
16.1643 2850.68 64.9568 -11.3171 0.1 62.9538
16.1743 2851.33 64.8435 -11.3115 0.1 62.9431
16.1844 2851.98 64.73 -11.3063 0.1 62.9539
16.1944 2852.63 64.6164 -11.3006 0.1 62.943
16.2045 2853.28 64.5026 -11.2954 0.1 62.9539
16.2146 2853.93 64.3887 -11.2898 0.1 62.943
16.2247 2854.58 64.2747 -11.2846 0.1 62.9539
16.2348 2855.23 64.1605 -11.279 0.1 62.943
16.2449 2855.88 64.0461 -11.2738 0.1 62.9539
16.2551 2856.53 63.9316 -11.2681 0.1 62.943
16.2653 2857.18 63.817 -11.2629 0.1 62.9539
16.2755 2857.83 63.7022 -11.2573 0.1 62.943
16.2857 2858.48 63.5872 -11.2522 0.1 62.954
16.2959 2859.13 63.4721 -11.2466 0.1 62.9429
16.3062 2859.78 63.3569 -11.2414 0.1 62.954
16.3164 2860.43 63.2415 -11.2358 0.1 62.9429
16.3267 2861.08 63.1259 -11.2306 0.1 62.954
16.337 2861.73 63.0102 -11.225 0.1 62.9429
16.3474 2862.38 62.8943 -11.2199 0.1 62.954
16.3577 2863.03 62.7783 -11.2143 0.1 62.9429
16.3681 2863.68 62.6621 -11.2091 0.1 62.954
16.3785 2864.33 62.5457 -11.2036 0.1 62.9429
16.3889 2864.98 62.4292 -11.1984 0.1 62.9541
16.3993 2865.63 62.3125 -11.1928 0.1 62.9428
16.4097 2866.28 62.1957 -11.1877 0.1 62.9541
16.4202 2866.93 62.0787 -11.1821 0.1 62.9428
16.4307 2867.58 61.9615 -11.177 0.1 62.9541
16.4412 2868.23 61.8441 -11.1715 0.1 62.9428
16.4517 2868.88 61.7266 -11.1663 0.1 62.9541
16.4622 2869.53 61.609 -11.1608 0.1 62.9428
16.4728 2870.18 61.4911 -11.1557 0.1 62.9542
16.4834 2870.83 61.3731 -11.1501 0.1 62.9428
16.494 2871.48 61.2549 -11.145 0.1 62.9542
16.5046 2872.13 61.1366 -11.1395 0.1 62.9427
16.5152 2872.78 61.018 -11.1344 0.1 62.9542
16.5259 2873.43 60.8993 -11.1289 0.1 62.9427
16.5366 2874.08 60.7805 -11.1237 0.1 62.9542
16.5473 2874.73 60.6614 -11.1182 0.1 62.9427
16.558 2875.38 60.5422 -11.1131 0.1 62.9542
16.5688 2876.03 60.4228 -11.1076 0.1 62.9427
16.5795 2876.68 60.3032 -11.1025 0.1 62.9543
16.5903 2877.33 60.1834 -11.0971 0.1 62.9426
16.6011 2877.98 60.0634 -11.092 0.1 62.9543
16.612 2878.63 59.9433 -11.0865 0.1 62.9426
16.622 2879.23 59.8323 -11.0816 0.1 62.9426
16.632 2879.83 59.721 -11.0767 0.1 62.9426
16.6421 2880.43 59.6097 -11.0719 0.1 62.9426
16.6522 2881.03 59.4981 -11.067 0.1 62.9426
16.6623 2881.63 59.3865 -11.0622 0.1 62.9426
16.6724 2882.23 59.2746 -11.0573 0.1 62.9426
16.6825 2882.83 59.1626 -11.0524 0.1 62.9425
16.6927 2883.43 59.0504 -11.0476 0.1 62.9425
16.7028 2884.03 58.9381 -11.0427 0.1 62.9425
16.713 2884.63 58.8256 -11.0379 0.1 62.9425
16.7232 2885.23 58.7129 -11.033 0.1 62.9425
16.7335 2885.83 58.6 -11.0282 0.1 62.9425
16.7437 2886.43 58.487 -11.0234 0.1 62.9425
16.754 2887.03 58.3739 -11.0185 0.1 62.9425
16.7643 2887.63 58.2605 -11.0137 0.1 62.9425
16.7746 2888.23 58.147 -11.0089 0.1 62.9424
16.7849 2888.83 58.0333 -11.004 0.1 62.9424
16.7953 2889.43 57.9194 -10.9992 0.1 62.9424
16.8056 2890.03 57.8054 -10.9944 0.1 62.9424
16.816 2890.63 57.6912 -10.9896 0.1 62.9424
16.8264 2891.23 57.5768 -10.9848 0.1 62.9424
16.8369 2891.83 57.4622 -10.98 0.1 62.9424
16.8473 2892.43 57.3475 -10.9752 0.1 62.9424
16.8578 2893.03 57.2325 -10.9704 0.1 62.9423
16.8683 2893.63 57.1174 -10.9656 0.1 62.9423
16.8788 2894.23 57.0021 -10.9608 0.1 62.9423
16.8893 2894.83 56.8867 -10.956 0.1 62.9423
16.8999 2895.43 56.771 -10.9512 0.1 62.9423
16.9105 2896.03 56.6552 -10.9464 0.1 62.9423
16.9211 2896.63 56.5391 -10.9416 0.1 62.9423
16.9317 2897.23 56.4229 -10.9368 0.1 62.9423
16.9423 2897.83 56.3065 -10.932 0.1 62.9422
16.953 2898.43 56.1899 -10.9273 0.1 62.9422
16.9637 2899.03 56.0731 -10.9225 0.1 62.9422
16.9744 2899.63 55.9562 -10.9177 0.1 62.9422
16.9852 2900.23 55.839 -10.9129 0.1 62.9422
16.9959 2900.83 55.7216 -10.9082 0.1 62.9422
17.0067 2901.43 55.6041 -10.9034 0.1 62.9422
17.0175 2902.03 55.4863 -10.8986 0.1 62.9422
17.0283 2902.63 55.3683 -10.8939 0.1 62.9421
17.0392 2903.23 55.2502 -10.8891 0.1 62.9421
17.05 2903.83 55.1318 -10.8844 0.1 62.9421
17.0609 2904.43 55.0132 -10.8796 0.1 62.9421
17.0709 2904.98 54.9044 -10.8755 0.1 62.9548
17.081 2905.53 54.7953 -10.8709 0.1 62.9421
17.091 2906.08 54.6861 -10.8668 0.1 62.9549
17.1011 2906.63 54.5767 -10.8623 0.1 62.942
17.1112 2907.18 54.4672 -10.8581 0.1 62.9549
17.1213 2907.73 54.3574 -10.8536 0.1 62.942
17.1314 2908.28 54.2475 -10.8494 0.1 62.9549
17.1416 2908.83 54.1374 -10.8449 0.1 62.942
17.1517 2909.38 54.0272 -10.8408 0.1 62.9549
17.1619 2909.93 53.9167 -10.8363 0.1 62.942
17.1721 2910.48 53.8061 -10.8321 0.1 62.955
17.1824 2911.03 53.6952 -10.8276 0.1 62.9419
17.1926 2911.58 53.5842 -10.8235 0.1 62.955
17.2029 2912.13 53.473 -10.819 0.1 62.9419
17.2132 2912.68 53.3616 -10.8148 0.1 62.955
17.2235 2913.23 53.2501 -10.8103 0.1 62.9419
17.2339 2913.78 53.1383 -10.8062 0.1 62.955
17.2442 2914.33 53.0264 -10.8017 0.1 62.9419
17.2546 2914.88 52.9142 -10.7976 0.1 62.9551
17.265 2915.43 52.8019 -10.7931 0.1 62.9418
17.2754 2915.98 52.6894 -10.789 0.1 62.9551
17.2859 2916.53 52.5766 -10.7845 0.1 62.9418
17.2964 2917.08 52.4637 -10.7804 0.1 62.9551
17.3069 2917.63 52.3506 -10.7759 0.1 62.9418
17.3174 2918.18 52.2373 -10.7718 0.1 62.9552
17.3279 2918.73 52.1237 -10.7674 0.1 62.9417
17.3385 2919.28 52.01 -10.7632 0.1 62.9552
17.3491 2919.83 51.8961 -10.7588 0.1 62.9417
17.3597 2920.38 51.7819 -10.7547 0.1 62.9552
17.3703 2920.93 51.6676 -10.7502 0.1 62.9417
17.381 2921.48 51.553 -10.7461 0.1 62.9552
17.3917 2922.03 51.4383 -10.7417 0.1 62.9417
17.4024 2922.58 51.3233 -10.7376 0.1 62.9553
17.4131 2923.13 51.2081 -10.7331 0.1 62.9416
17.4238 2923.68 51.0927 -10.729 0.1 62.9553
17.4346 2924.23 50.9771 -10.7246 0.1 62.9416
17.4454 2924.78 50.8613 -10.7205 0.1 62.9553
17.4563 2925.33 50.7452 -10.7161 0.1 62.9416
17.4671 2925.88 50.629 -10.712 0.1 62.9554
17.478 2926.43 50.5125 -10.7076 0.1 62.9415
17.4889 2926.98 50.3958 -10.7035 0.1 62.9554
17.4998 2927.53 50.2788 -10.6991 0.1 62.9415
17.5108 2928.08 50.1617 -10.695 0.1 62.9554
17.5217 2928.63 50.0443 -10.6906 0.1 62.9415
17.5318 2929.13 49.9374 -10.6867 0.1 62.9415
17.5418 2929.63 49.8303 -10.6829 0.1 62.9414
17.5518 2930.13 49.723 -10.679 0.1 62.9414
17.5619 2930.63 49.6155 -10.6752 0.1 62.9414
17.572 2931.13 49.5078 -10.6713 0.1 62.9414
17.5821 2931.63 49.3999 -10.6675 0.1 62.9414
17.5922 2932.13 49.2918 -10.6636 0.1 62.9414
17.6024 2932.63 49.1836 -10.6598 0.1 62.9413
17.6126 2933.13 49.0751 -10.6559 0.1 62.9413
17.6228 2933.63 48.9664 -10.6521 0.1 62.9413
17.633 2934.13 48.8575 -10.6483 0.1 62.9413
17.6432 2934.63 48.7484 -10.6444 0.1 62.9413
17.6535 2935.13 48.6391 -10.6406 0.1 62.9413
17.6638 2935.63 48.5296 -10.6368 0.1 62.9412
17.6741 2936.13 48.4199 -10.6329 0.1 62.9412
17.6844 2936.63 48.31 -10.6291 0.1 62.9412
17.6948 2937.13 48.1999 -10.6253 0.1 62.9412
17.7052 2937.63 48.0896 -10.6215 0.1 62.9412
17.7156 2938.13 47.979 -10.6176 0.1 62.9412
17.726 2938.63 47.8682 -10.6138 0.1 62.9411
17.7365 2939.13 47.7572 -10.61 0.1 62.9411
17.747 2939.63 47.646 -10.6062 0.1 62.9411
17.7575 2940.13 47.5346 -10.6024 0.1 62.9411
17.768 2940.63 47.423 -10.5986 0.1 62.9411
17.7786 2941.13 47.3111 -10.5947 0.1 62.9411
17.7892 2941.63 47.199 -10.5909 0.1 62.941
17.7998 2942.13 47.0867 -10.5871 0.1 62.941
17.8104 2942.63 46.9741 -10.5833 0.1 62.941
17.8211 2943.13 46.8614 -10.5795 0.1 62.941
17.8317 2943.63 46.7484 -10.5757 0.1 62.941
17.8425 2944.13 46.6351 -10.5719 0.1 62.941
17.8532 2944.63 46.5216 -10.5681 0.1 62.9409
17.864 2945.13 46.4079 -10.5643 0.1 62.9409
17.8747 2945.63 46.294 -10.5605 0.1 62.9409
17.8856 2946.13 46.1798 -10.5568 0.1 62.9409
17.8964 2946.63 46.0653 -10.553 0.1 62.9409
17.9073 2947.13 45.9507 -10.5492 0.1 62.9408
17.9182 2947.63 45.8357 -10.5454 0.1 62.9408
17.9291 2948.13 45.7206 -10.5416 0.1 62.9408
17.94 2948.63 45.6051 -10.5378 0.1 62.9408
17.951 2949.13 45.4895 -10.5341 0.1 62.9408
17.962 2949.63 45.3735 -10.5303 0.1 62.9407
17.9731 2950.13 45.2574 -10.5265 0.1 62.9407
17.9841 2950.63 45.1409 -10.5227 0.1 62.9407
17.9952 2951.13 45.0242 -10.519 0.1 62.9407
18.0052 2951.58 44.919 -10.5157 0.1 62.9563
18.0153 2952.03 44.8135 -10.5122 0.1 62.9407
18.0253 2952.48 44.7078 -10.5089 0.1 62.9563
18.0354 2952.93 44.6019 -10.5054 0.1 62.9406
18.0455 2953.38 44.4958 -10.5022 0.1 62.9563
18.0556 2953.83 44.3895 -10.4986 0.1 62.9406
18.0658 2954.28 44.2829 -10.4954 0.1 62.9564
18.0759 2954.73 44.1762 -10.4919 0.1 62.9405
18.0861 2955.18 44.0692 -10.4886 0.1 62.9564
18.0964 2955.63 43.9619 -10.4851 0.1 62.9405
18.1066 2956.08 43.8545 -10.4819 0.1 62.9564
18.1169 2956.53 43.7468 -10.4784 0.1 62.9405
18.1272 2956.98 43.6389 -10.4751 0.1 62.9565
18.1375 2957.43 43.5307 -10.4716 0.1 62.9404
18.1479 2957.88 43.4223 -10.4684 0.1 62.9565
18.1582 2958.33 43.3137 -10.4649 0.1 62.9404
18.1687 2958.78 43.2049 -10.4616 0.1 62.9566
18.1791 2959.23 43.0958 -10.4581 0.1 62.9403
18.1895 2959.68 42.9864 -10.4549 0.1 62.9566
18.2 2960.13 42.8769 -10.4514 0.1 62.9403
18.2105 2960.58 42.767 -10.4482 0.1 62.9566
18.2211 2961.03 42.657 -10.4447 0.1 62.9403
18.2316 2961.48 42.5466 -10.4415 0.1 62.9567
18.2422 2961.93 42.4361 -10.438 0.1 62.9402
18.2528 2962.38 42.3252 -10.4347 0.1 62.9567
18.2635 2962.83 42.2141 -10.4313 0.1 62.9402
18.2742 2963.28 42.1028 -10.428 0.1 62.9568
18.2849 2963.73 41.9912 -10.4246 0.1 62.9401
18.2956 2964.18 41.8793 -10.4213 0.1 62.9568
18.3064 2964.63 41.7672 -10.4179 0.1 62.9401
18.3172 2965.08 41.6548 -10.4146 0.1 62.9569
18.328 2965.53 41.5422 -10.4112 0.1 62.94
18.3388 2965.98 41.4292 -10.408 0.1 62.9569
18.3497 2966.43 41.316 -10.4045 0.1 62.94
18.3606 2966.88 41.2026 -10.4013 0.1 62.957
18.3715 2967.33 41.0888 -10.3978 0.1 62.9399
18.3825 2967.78 40.9748 -10.3946 0.1 62.957
18.3935 2968.23 40.8605 -10.3911 0.1 62.9399
18.4045 2968.68 40.7459 -10.3879 0.1 62.957
18.4156 2969.13 40.631 -10.3845 0.1 62.9398
18.4267 2969.58 40.5158 -10.3813 0.1 62.9571
18.4378 2970.03 40.4004 -10.3778 0.1 62.9398
18.449 2970.48 40.2846 -10.3746 0.1 62.9571
18.4602 2970.93 40.1685 -10.3711 0.1 62.9397
18.4714 2971.38 40.0522 -10.3679 0.1 62.9572
18.4814 2971.78 39.9485 -10.365 0.1 62.9572
18.4914 2972.18 39.8446 -10.362 0.1 62.9572
18.5015 2972.58 39.7404 -10.3591 0.1 62.9573
18.5116 2972.98 39.636 -10.3561 0.1 62.9573
18.5217 2973.38 39.5314 -10.3532 0.1 62.9573
18.5318 2973.78 39.4265 -10.3502 0.1 62.9573
18.542 2974.18 39.3213 -10.3473 0.1 62.9574
18.5521 2974.58 39.2159 -10.3443 0.1 62.9574
18.5624 2974.98 39.1103 -10.3414 0.1 62.9574
18.5726 2975.38 39.0044 -10.3384 0.1 62.9574
18.5829 2975.78 38.8982 -10.3355 0.1 62.9575
18.5932 2976.18 38.7918 -10.3325 0.1 62.9575
18.6035 2976.58 38.6851 -10.3296 0.1 62.9575
18.6139 2976.98 38.5781 -10.3267 0.1 62.9575
18.6242 2977.38 38.4709 -10.3237 0.1 62.9576
18.6347 2977.78 38.3634 -10.3208 0.1 62.9576
18.6451 2978.18 38.2556 -10.3178 0.1 62.9576
18.6556 2978.58 38.1476 -10.3149 0.1 62.9576
18.6661 2978.98 38.0393 -10.312 0.1 62.9577
18.6766 2979.38 37.9307 -10.309 0.1 62.9577
18.6872 2979.78 37.8218 -10.3061 0.1 62.9577
18.6978 2980.18 37.7127 -10.3032 0.1 62.9577
18.7084 2980.58 37.6032 -10.3002 0.1 62.9578
18.719 2980.98 37.4935 -10.2973 0.1 62.9578
18.7297 2981.38 37.3835 -10.2944 0.1 62.9578
18.7404 2981.78 37.2732 -10.2915 0.1 62.9578
18.7512 2982.18 37.1626 -10.2885 0.1 62.9579
18.762 2982.58 37.0517 -10.2856 0.1 62.9579
18.7728 2982.98 36.9404 -10.2827 0.1 62.9579
18.7836 2983.38 36.8289 -10.2798 0.1 62.958
18.7945 2983.78 36.7171 -10.2768 0.1 62.958
18.8054 2984.18 36.605 -10.2739 0.1 62.958
18.8164 2984.58 36.4925 -10.271 0.1 62.958
18.8274 2984.98 36.3798 -10.2681 0.1 62.9581
18.8384 2985.38 36.2667 -10.2652 0.1 62.9581
18.8494 2985.78 36.1533 -10.2622 0.1 62.9581
18.8605 2986.18 36.0396 -10.2593 0.1 62.9582
18.8716 2986.58 35.9255 -10.2564 0.1 62.9582
18.8828 2986.98 35.8111 -10.2535 0.1 62.9582
18.894 2987.38 35.6964 -10.2506 0.1 62.9583
18.9052 2987.78 35.5814 -10.2477 0.1 62.9583
18.9165 2988.18 35.466 -10.2448 0.1 62.9583
18.9278 2988.58 35.3502 -10.2419 0.1 62.9584
18.9391 2988.98 35.2341 -10.239 0.1 62.9584
18.9505 2989.38 35.1177 -10.236 0.1 62.9584
18.9619 2989.78 35.0009 -10.2331 0.1 62.9585
18.9719 2990.13 34.8984 -10.2305 0.1 62.9384
18.9819 2990.48 34.7957 -10.2281 0.1 62.9585
18.992 2990.83 34.6926 -10.2254 0.1 62.9384
19.0021 2991.18 34.5893 -10.223 0.1 62.9586
19.0123 2991.53 34.4857 -10.2203 0.1 62.9383
19.0224 2991.88 34.3818 -10.2179 0.1 62.9586
19.0326 2992.23 34.2776 -10.2153 0.1 62.9383
19.0428 2992.58 34.1732 -10.2128 0.1 62.9587
19.0531 2992.93 34.0684 -10.2102 0.1 62.9382
19.0634 2993.28 33.9633 -10.2078 0.1 62.9588
19.0737 2993.63 33.858 -10.2051 0.1 62.9381
19.0841 2993.98 33.7523 -10.2027 0.1 62.9588
19.0945 2994.33 33.6463 -10.2 0.1 62.9381
19.1049 2994.68 33.54 -10.1976 0.1 62.9589
19.1153 2995.03 33.4335 -10.195 0.1 62.938
19.1258 2995.38 33.3265 -10.1926 0.1 62.959
19.1363 2995.73 33.2193 -10.1899 0.1 62.9379
19.1469 2996.08 33.1118 -10.1875 0.1 62.959
19.1575 2996.43 33.0039 -10.1849 0.1 62.9379
19.1681 2996.78 32.8957 -10.1824 0.1 62.9591
19.1788 2997.13 32.7872 -10.1798 0.1 62.9378
19.1895 2997.48 32.6783 -10.1774 0.1 62.9592
19.2002 2997.83 32.5691 -10.1748 0.1 62.9377
19.211 2998.18 32.4596 -10.1723 0.1 62.9592
19.2218 2998.53 32.3497 -10.1697 0.1 62.9376
19.2326 2998.88 32.2395 -10.1673 0.1 62.9593
19.2435 2999.23 32.1289 -10.1647 0.1 62.9376
19.2544 2999.58 32.018 -10.1623 0.1 62.9594
19.2654 2999.93 31.9067 -10.1596 0.1 62.9375
19.2764 3000.28 31.795 -10.1572 0.1 62.9595
19.2874 3000.63 31.683 -10.1546 0.1 62.9374
19.2985 3000.98 31.5706 -10.1522 0.1 62.9595
19.3096 3001.33 31.4578 -10.1496 0.1 62.9373
19.3207 3001.68 31.3447 -10.1471 0.1 62.9596
19.3319 3002.03 31.2312 -10.1445 0.1 62.9373
19.3431 3002.38 31.1173 -10.1421 0.1 62.9597
19.3544 3002.73 31.003 -10.1395 0.1 62.9372
19.3657 3003.08 30.8883 -10.1371 0.1 62.9598
19.3771 3003.43 30.7732 -10.1345 0.1 62.9371
19.3885 3003.78 30.6577 -10.1321 0.1 62.9599
19.3999 3004.13 30.5418 -10.1294 0.1 62.937
19.4114 3004.48 30.4255 -10.127 0.1 62.96
19.4229 3004.83 30.3087 -10.1244 0.1 62.9369
19.4345 3005.18 30.1916 -10.122 0.1 62.96
19.4461 3005.53 30.074 -10.1194 0.1 62.9368
19.4578 3005.88 29.956 -10.117 0.1 62.9601
19.4678 3006.18 29.8545 -10.1148 0.1 62.9602
19.4779 3006.48 29.7526 -10.1127 0.1 62.9602
19.488 3006.78 29.6505 -10.1105 0.1 62.9603
19.4981 3007.08 29.548 -10.1084 0.1 62.9603
19.5083 3007.38 29.4452 -10.1062 0.1 62.9603
19.5185 3007.68 29.342 -10.1041 0.1 62.9604
19.5288 3007.98 29.2385 -10.1019 0.1 62.9604
19.539 3008.28 29.1346 -10.0998 0.1 62.9605
19.5494 3008.58 29.0304 -10.0976 0.1 62.9605
19.5597 3008.88 28.9259 -10.0955 0.1 62.9606
19.5701 3009.18 28.821 -10.0933 0.1 62.9606
19.5805 3009.48 28.7157 -10.0912 0.1 62.9606
19.591 3009.78 28.6101 -10.0891 0.1 62.9607
19.6015 3010.08 28.504 -10.0869 0.1 62.9607
19.6121 3010.38 28.3977 -10.0848 0.1 62.9608
19.6226 3010.68 28.2909 -10.0826 0.1 62.9608
19.6333 3010.98 28.1838 -10.0805 0.1 62.9609
19.6439 3011.28 28.0762 -10.0783 0.1 62.9609
19.6547 3011.58 27.9683 -10.0762 0.1 62.961
19.6654 3011.88 27.86 -10.074 0.1 62.961
19.6762 3012.18 27.7513 -10.0719 0.1 62.9611
19.687 3012.48 27.6422 -10.0697 0.1 62.9611
19.6979 3012.78 27.5327 -10.0676 0.1 62.9612
19.7088 3013.08 27.4227 -10.0655 0.1 62.9612
19.7198 3013.38 27.3124 -10.0633 0.1 62.9613
19.7308 3013.68 27.2016 -10.0612 0.1 62.9613
19.7419 3013.98 27.0904 -10.059 0.1 62.9614
19.753 3014.28 26.9787 -10.0569 0.1 62.9614
19.7641 3014.58 26.8666 -10.0548 0.1 62.9615
19.7753 3014.88 26.7541 -10.0526 0.1 62.9615
19.7865 3015.18 26.6411 -10.0505 0.1 62.9616
19.7978 3015.48 26.5277 -10.0483 0.1 62.9616
19.8092 3015.78 26.4137 -10.0462 0.1 62.9617
19.8206 3016.08 26.2994 -10.044 0.1 62.9618
19.832 3016.38 26.1845 -10.0419 0.1 62.9618
19.8435 3016.68 26.0692 -10.0398 0.1 62.9619
19.855 3016.98 25.9534 -10.0376 0.1 62.9619
19.8666 3017.28 25.8371 -10.0355 0.1 62.962
19.8782 3017.58 25.7202 -10.0333 0.1 62.9621
19.8899 3017.88 25.6029 -10.0312 0.1 62.9621
19.9017 3018.18 25.4851 -10.0291 0.1 62.9622
19.9135 3018.48 25.3667 -10.0269 0.1 62.9623
19.9254 3018.78 25.2478 -10.0248 0.1 62.9623
19.9373 3019.08 25.1284 -10.0226 0.1 62.9624
19.9492 3019.38 25.0084 -10.0205 0.1 62.9624
19.9593 3019.63 24.908 -10.0186 0.1 62.9344
19.9693 3019.88 24.8072 -10.0169 0.1 62.9626
19.9794 3020.13 24.706 -10.0151 0.1 62.9343
19.9896 3020.38 24.6044 -10.0134 0.1 62.9627
19.9998 3020.63 24.5025 -10.0115 0.1 62.9342
20.01 3020.88 24.4001 -10.0098 0.1 62.9628
20.0203 3021.13 24.2973 -10.0079 0.1 62.9341
20.0306 3021.38 24.194 -10.0062 0.1 62.9629
20.0409 3021.63 24.0904 -10.0044 0.1 62.9339
20.0513 3021.88 23.9863 -10.0027 0.1 62.963
20.0618 3022.13 23.8818 -10.0008 0.1 62.9338
20.0723 3022.38 23.7768 -9.9991 0.1 62.9632
20.0828 3022.63 23.6714 -9.99724 0.1 62.9337
20.0934 3022.88 23.5656 -9.99553 0.1 62.9633
20.1041 3023.13 23.4592 -9.99367 0.1 62.9335
20.1147 3023.38 23.3525 -9.99196 0.1 62.9634
20.1255 3023.63 23.2452 -9.9901 0.1 62.9334
20.1363 3023.88 23.1375 -9.98838 0.1 62.9636
20.1471 3024.13 23.0293 -9.98653 0.1 62.9333
20.158 3024.38 22.9206 -9.98481 0.1 62.9637
20.1689 3024.63 22.8114 -9.98295 0.1 62.9331
20.1799 3024.88 22.7016 -9.98124 0.1 62.9639
20.191 3025.13 22.5914 -9.97938 0.1 62.933
20.2021 3025.38 22.4807 -9.97766 0.1 62.964
20.2132 3025.63 22.3694 -9.9758 0.1 62.9328
20.2244 3025.88 22.2576 -9.97408 0.1 62.9642
20.2357 3026.13 22.1452 -9.97222 0.1 62.9327
20.247 3026.38 22.0323 -9.9705 0.1 62.9643
20.2584 3026.63 21.9188 -9.96864 0.1 62.9325
20.2698 3026.88 21.8048 -9.96692 0.1 62.9645
20.2813 3027.13 21.6902 -9.96506 0.1 62.9323
20.2929 3027.38 21.575 -9.96333 0.1 62.9647
20.3045 3027.63 21.4591 -9.96147 0.1 62.9322
20.3162 3027.88 21.3427 -9.95975 0.1 62.9648
20.328 3028.13 21.2257 -9.95788 0.1 62.932
20.3398 3028.38 21.108 -9.95615 0.1 62.965
20.3517 3028.63 20.9897 -9.95429 0.1 62.9318
20.3636 3028.88 20.8708 -9.95256 0.1 62.9652
20.3756 3029.13 20.7512 -9.9507 0.1 62.9316
20.3877 3029.38 20.6309 -9.94896 0.1 62.9654
20.3999 3029.63 20.5099 -9.9471 0.1 62.9314
20.4121 3029.88 20.3882 -9.94536 0.1 62.9656
20.4244 3030.13 20.2659 -9.94349 0.1 62.9312
20.4368 3030.38 20.1428 -9.94175 0.1 62.9658
20.4493 3030.63 20.0189 -9.93988 0.1 62.931
20.4593 3030.83 19.9193 -9.93844 0.1 62.9309
20.4694 3031.03 19.8192 -9.93699 0.1 62.9308
20.4795 3031.23 19.7186 -9.93554 0.1 62.9307
20.4897 3031.43 19.6175 -9.93409 0.1 62.9306
20.4999 3031.63 19.5159 -9.93265 0.1 62.9305
20.5102 3031.83 19.4138 -9.93119 0.1 62.9304
20.5205 3032.03 19.3112 -9.92974 0.1 62.9303
20.5309 3032.23 19.208 -9.92829 0.1 62.9303
20.5413 3032.43 19.1043 -9.92684 0.1 62.9302
20.5518 3032.63 19 -9.92538 0.1 62.9301
20.5624 3032.83 18.8952 -9.92393 0.1 62.9299
20.573 3033.03 18.7898 -9.92247 0.1 62.9298
20.5837 3033.23 18.6838 -9.92101 0.1 62.9297
20.5945 3033.43 18.5773 -9.91955 0.1 62.9296
20.6053 3033.63 18.4701 -9.91809 0.1 62.9295
20.6161 3033.83 18.3623 -9.91662 0.1 62.9294
20.6271 3034.03 18.2539 -9.91516 0.1 62.9293
20.6381 3034.23 18.1449 -9.91369 0.1 62.9292
20.6491 3034.43 18.0352 -9.91222 0.1 62.9291
20.6602 3034.63 17.9249 -9.91075 0.1 62.9289
20.6715 3034.83 17.8139 -9.90928 0.1 62.9288
20.6827 3035.03 17.7022 -9.9078 0.1 62.9287
20.6941 3035.23 17.5898 -9.90633 0.1 62.9286
20.7055 3035.43 17.4767 -9.90485 0.1 62.9284
20.717 3035.63 17.3629 -9.90337 0.1 62.9283
20.7285 3035.83 17.2484 -9.90188 0.1 62.9282
20.7402 3036.03 17.1331 -9.90039 0.1 62.928
20.7519 3036.23 17.017 -9.89891 0.1 62.9279
20.7637 3036.43 16.9002 -9.89741 0.1 62.9278
20.7756 3036.63 16.7826 -9.89592 0.1 62.9276
20.7876 3036.83 16.6641 -9.89442 0.1 62.9275
20.7996 3037.03 16.5449 -9.89292 0.1 62.9273
20.8118 3037.23 16.4247 -9.89141 0.1 62.9272
20.824 3037.43 16.3038 -9.88991 0.1 62.927
20.8363 3037.63 16.1819 -9.8884 0.1 62.9269
20.8487 3037.83 16.0591 -9.88688 0.1 62.9267
20.8613 3038.03 15.9354 -9.88536 0.1 62.9265
20.8739 3038.23 15.8107 -9.88384 0.1 62.9263
20.8866 3038.43 15.6851 -9.88231 0.1 62.9262
20.8994 3038.63 15.5584 -9.88077 0.1 62.926
20.9123 3038.83 15.4308 -9.87924 0.1 62.9258
20.9253 3039.03 15.3021 -9.87769 0.1 62.9256
20.9385 3039.23 15.1723 -9.87614 0.1 62.9254
20.9517 3039.43 15.0414 -9.87459 0.1 62.9252
20.9618 3039.58 14.9425 -9.87347 0.1 62.9719
20.9718 3039.73 14.843 -9.87225 0.1 62.9249
20.982 3039.88 14.7428 -9.87111 0.1 62.9722
20.9922 3040.03 14.6419 -9.86989 0.1 62.9246
21.0025 3040.18 14.5403 -9.86875 0.1 62.9725
21.0129 3040.33 14.438 -9.86751 0.1 62.9242
21.0233 3040.48 14.335 -9.86636 0.1 62.9728
21.0338 3040.63 14.2313 -9.86512 0.1 62.9239
21.0444 3040.78 14.1268 -9.86396 0.1 62.9732
21.0551 3040.93 14.0216 -9.86271 0.1 62.9235
21.0658 3041.08 13.9155 -9.86154 0.1 62.9736
21.0767 3041.23 13.8087 -9.86027 0.1 62.9231
21.0876 3041.38 13.701 -9.85909 0.1 62.974
21.0986 3041.53 13.5925 -9.85782 0.1 62.9227
21.1097 3041.68 13.4832 -9.85662 0.1 62.9744
21.1209 3041.83 13.3729 -9.85533 0.1 62.9223
21.1322 3041.98 13.2618 -9.85412 0.1 62.9748
21.1435 3042.13 13.1497 -9.85282 0.1 62.9219
21.155 3042.28 13.0366 -9.8516 0.1 62.9753
21.1666 3042.43 12.9226 -9.85028 0.1 62.9214
21.1783 3042.58 12.8076 -9.84904 0.1 62.9757
21.19 3042.73 12.6916 -9.8477 0.1 62.9209
21.2019 3042.88 12.5745 -9.84644 0.1 62.9763
21.2139 3043.03 12.4563 -9.84508 0.1 62.9204
21.2261 3043.18 12.337 -9.8438 0.1 62.9768
21.2383 3043.33 12.2165 -9.84242 0.1 62.9199
21.2507 3043.48 12.0949 -9.84111 0.1 62.9773
21.2631 3043.63 11.972 -9.83971 0.1 62.9193
21.2758 3043.78 11.8479 -9.83837 0.1 62.9779
21.2885 3043.93 11.7225 -9.83695 0.1 62.9187
21.3014 3044.08 11.5957 -9.83558 0.1 62.9786
21.3144 3044.23 11.4675 -9.83412 0.1 62.918
21.3276 3044.38 11.3379 -9.83271 0.1 62.9793
21.3409 3044.53 11.2068 -9.83121 0.1 62.9173
21.3544 3044.68 11.0742 -9.82977 0.1 62.98
21.3681 3044.83 10.94 -9.82823 0.1 62.9165
21.3819 3044.98 10.8041 -9.82673 0.1 62.9808
21.3959 3045.13 10.6665 -9.82515 0.1 62.9157
21.4101 3045.28 10.5272 -9.8236 0.1 62.9816
21.4245 3045.43 10.386 -9.82195 0.1 62.9148
21.4391 3045.58 10.2428 -9.82034 0.1 62.9825
21.4538 3045.73 10.0976 -9.81863 0.1 62.9139
21.4688 3045.88 9.95036 -9.81694 0.1 62.9835
21.479 3045.98 9.85097 -9.81577 0.1 62.9839
21.4892 3046.08 9.75057 -9.81458 0.1 62.9843
21.4995 3046.18 9.64913 -9.81337 0.1 62.9846
21.51 3046.28 9.54662 -9.81214 0.1 62.985
21.5205 3046.38 9.44301 -9.81088 0.1 62.9854
21.5312 3046.48 9.33825 -9.8096 0.1 62.9858
21.542 3046.58 9.23231 -9.80829 0.1 62.9863
21.5529 3046.68 9.12515 -9.80695 0.1 62.9867
21.564 3046.78 9.01672 -9.80557 0.1 62.9872
21.5752 3046.88 8.90698 -9.80417 0.1 62.9876
21.5865 3046.98 8.79588 -9.80273 0.1 62.9881
21.598 3047.08 8.68337 -9.80124 0.1 62.9886
21.6096 3047.18 8.56939 -9.79972 0.1 62.9892
21.6214 3047.28 8.45388 -9.79815 0.1 62.9897
21.6334 3047.38 8.33677 -9.79653 0.1 62.9903
21.6455 3047.48 8.21801 -9.79486 0.1 62.9909
21.6578 3047.58 8.09751 -9.79312 0.1 62.9915
21.6703 3047.68 7.97521 -9.79133 0.1 62.9922
21.683 3047.78 7.851 -9.78946 0.1 62.9929
21.6959 3047.88 7.72481 -9.78751 0.1 62.9936
21.709 3047.98 7.59653 -9.78548 0.1 62.9943
21.7223 3048.08 7.46605 -9.78336 0.1 62.9951
21.7359 3048.18 7.33326 -9.78113 0.1 62.996
21.7497 3048.28 7.19804 -9.77879 0.1 62.9969
21.7638 3048.38 7.06023 -9.77631 0.1 62.9978
21.7782 3048.48 6.91969 -9.77369 0.1 62.9988
21.7929 3048.58 6.77625 -9.77091 0.1 62.9998
21.8079 3048.68 6.62971 -9.76794 0.1 63.001
21.8232 3048.78 6.47987 -9.76475 0.1 63.0022
21.8389 3048.88 6.32649 -9.76133 0.1 63.0034
21.855 3048.98 6.16931 -9.75763 0.1 63.0048
21.8716 3049.08 6.00804 -9.7536 0.1 63.0063
21.8886 3049.18 5.84232 -9.74919 0.1 63.0079
21.9061 3049.28 5.67178 -9.74433 0.1 63.0097
21.9241 3049.38 5.49596 -9.73895 0.1 63.0116
21.9428 3049.48 5.31434 -9.73291 0.1 63.0137
21.9621 3049.58 5.1263 -9.72609 0.1 63.0161
21.9822 3049.68 4.9311 -9.7183 0.1 63.0187
21.9925 3049.73 4.83056 -9.71396 0.1 62.8768
22.0031 3049.78 4.72788 -9.70929 0.1 63.0217
22.0139 3049.83 4.62292 -9.70421 0.1 62.8736
22.025 3049.88 4.51553 -9.69872 0.1 63.025
22.0364 3049.93 4.40552 -9.69268 0.1 62.87
22.048 3049.98 4.2927 -9.68609 0.1 63.0289
22.06 3050.03 4.17684 -9.67878 0.1 62.8658
22.0723 3050.08 4.05767 -9.67069 0.1 63.0334
22.085 3050.13 3.9349 -9.66162 0.1 62.8609
22.0981 3050.18 3.80818 -9.65143 0.1 63.0388
22.1117 3050.23 3.6771 -9.63984 0.1 62.855
22.1258 3050.28 3.54118 -9.62658 0.1 63.0454
22.1406 3050.33 3.39983 -9.61119 0.1 62.8477
22.1559 3050.38 3.25235 -9.59315 0.1 63.0536
22.1721 3050.43 3.09787 -9.57164 0.1 62.8384
22.1891 3050.48 2.93526 -9.54558 0.1 63.0643
22.2072 3050.53 2.76312 -9.51328 0.1 62.8258
22.2266 3050.58 2.57951 -9.47219 0.1 63.0792
22.2476 3050.63 2.3818 -9.41806 0.1 62.8078
22.2707 3050.68 2.16613 -9.34347 0.1 63.1017
22.2966 3050.73 1.92647 -9.23391 0.1 62.7785
22.3269 3050.78 1.65242 -9.05691 0.1 63.1419
22.3647 3050.83 1.32278 -8.72094 0.1 62.7183
22.4217 3050.88 0.876936 -7.8195 0.1 63.2475
22.4787 3050.97 0 -0 0.1 62.4492
