Simulation created and run on: 
Fri Mar 10 13:05:10 2023


Time (s), Height (m), Velocity (m/s), Acceleration (m/s^2), Deployment Angle (degrees)
3.6 719.88 284.08 -9.80665 0.1 0
3.61004 722.73 283.793 -28.6163 0.1 0.138059
3.62009 725.58 283.505 -28.5719 0.1 0.278725
3.63014 728.43 283.218 -28.5278 0.1 0.419533
3.64021 731.28 282.931 -28.4841 0.1 0.560484
3.65029 734.13 282.644 -28.4407 0.1 0.701578
3.66038 736.98 282.358 -28.3977 0.1 0.842815
3.67048 739.83 282.071 -28.3549 0.1 0.984196
3.68059 742.68 281.785 -28.3126 0.1 1.12572
3.69071 745.53 281.498 -28.2705 0.1 1.26739
3.70084 748.38 281.212 -28.2287 0.1 1.4092
3.71097 751.23 280.926 -28.1873 0.1 1.55116
3.72113 754.08 280.64 -28.1462 0.1 1.69326
3.73129 756.93 280.354 -28.1054 0.1 1.83551
3.74146 759.78 280.069 -28.065 0.1 1.9779
3.75146 762.58 279.788 -28.0255 0.1 2.11793
3.76147 765.38 279.508 -27.9864 0.1 2.25811
3.77149 768.18 279.228 -27.9476 0.1 2.39842
3.78153 770.98 278.947 -27.9091 0.1 2.53888
3.79157 773.78 278.667 -27.8708 0.1 2.67948
3.80162 776.58 278.387 -27.8329 0.1 2.82021
3.81169 779.38 278.107 -27.7953 0.1 2.9611
3.82176 782.18 277.828 -27.758 0.1 3.10212
3.83184 784.98 277.548 -27.7209 0.1 3.24328
3.84194 787.78 277.268 -27.6842 0.1 3.38459
3.85204 790.58 276.989 -27.6477 0.1 3.52604
3.86215 793.38 276.709 -27.6116 0.1 3.66763
3.87228 796.18 276.43 -27.5757 0.1 3.80937
3.88241 798.98 276.151 -27.5401 0.1 3.95124
3.89256 801.78 275.871 -27.5048 0.1 4.09327
3.90271 804.58 275.592 -27.4698 0.1 4.23543
3.91288 807.38 275.313 -27.4351 0.1 4.37774
3.92305 810.18 275.034 -27.4007 0.1 4.5202
3.93306 812.93 274.76 -27.3671 0.1 4.66025
3.94307 815.68 274.486 -27.3338 0.1 4.80044
3.95309 818.43 274.213 -27.3008 0.1 4.94077
3.96313 821.18 273.939 -27.268 0.1 5.08124
3.97317 823.93 273.665 -27.2356 0.1 5.22185
3.98323 826.68 273.392 -27.2033 0.1 5.3626
3.99329 829.43 273.118 -27.1714 0.1 5.5035
4.00336 832.18 272.844 -27.1397 0.1 5.64453
4.01345 834.93 272.571 -27.1082 0.1 5.78571
4.02354 837.68 272.297 -27.0771 0.1 5.92702
4.03365 840.43 272.024 -27.0461 0.1 6.06848
4.04376 843.18 271.751 -27.0155 0.1 6.21008
4.05389 845.93 271.477 -26.9851 0.1 6.35183
4.06402 848.68 271.204 -26.9549 0.1 6.49371
4.07417 851.43 270.93 -26.925 0.1 6.63574
4.08432 854.18 270.657 -26.8954 0.1 6.77792
4.09449 856.93 270.384 -26.8659 0.1 6.92023
4.10466 859.68 270.111 -26.8368 0.1 7.0627
4.11466 862.38 269.842 -26.8084 0.1 7.20271
4.12468 865.08 269.574 -26.7802 0.1 7.34286
4.1347 867.78 269.306 -26.7523 0.1 7.48315
4.14473 870.48 269.038 -26.7246 0.1 7.62358
4.15477 873.18 268.77 -26.6972 0.1 7.76414
4.16482 875.88 268.501 -26.67 0.1 7.90485
4.17488 878.58 268.233 -26.643 0.1 8.04571
4.18495 881.28 267.965 -26.6162 0.1 8.1867
4.19503 883.98 267.697 -26.5897 0.1 8.32783
4.20512 886.68 267.429 -26.5634 0.1 8.4691
4.21522 889.38 267.16 -26.5373 0.1 8.61052
4.22534 892.08 266.892 -26.5114 0.1 8.75208
4.23546 894.78 266.624 -26.4858 0.1 8.89378
4.24559 897.48 266.356 -26.4604 0.1 9.03562
4.25573 900.18 266.088 -26.4352 0.1 9.1776
4.26588 902.88 265.819 -26.4102 0.1 9.31973
4.27605 905.58 265.551 -26.3854 0.1 9.46201
4.28622 908.28 265.283 -26.3609 0.1 9.60442
4.2964 910.98 265.015 -26.3365 0.1 9.74698
4.30641 913.63 264.751 -26.3129 0.1 9.88704
4.31642 916.28 264.488 -26.2894 0.1 10.0272
4.32645 918.93 264.224 -26.2661 0.1 10.1676
4.33648 921.58 263.961 -26.2431 0.1 10.3081
4.34652 924.23 263.697 -26.2202 0.1 10.4487
4.35658 926.88 263.434 -26.1975 0.1 10.5894
4.36664 929.53 263.17 -26.175 0.1 10.7303
4.37672 932.18 262.907 -26.1528 0.1 10.8714
4.3868 934.83 262.643 -26.1307 0.1 11.0126
4.3969 937.48 262.379 -26.1088 0.1 11.1539
4.407 940.13 262.116 -26.0871 0.1 11.2954
4.41712 942.78 261.852 -26.0656 0.1 11.437
4.42724 945.43 261.588 -26.0443 0.1 11.5787
4.43738 948.08 261.324 -26.0232 0.1 11.7206
4.44752 950.73 261.06 -26.0022 0.1 11.8627
4.45768 953.38 260.796 -25.9815 0.1 12.0048
4.46785 956.03 260.532 -25.9609 0.1 12.1472
4.47802 958.68 260.268 -25.9406 0.1 12.2896
4.48821 961.33 260.004 -25.9204 0.1 12.4323
4.49822 963.93 259.745 -25.9007 0.1 12.5723
4.50823 966.53 259.486 -25.8813 0.1 12.7125
4.51826 969.13 259.226 -25.862 0.1 12.8529
4.52829 971.73 258.967 -25.8429 0.1 12.9934
4.53834 974.33 258.707 -25.8239 0.1 13.134
4.54839 976.93 258.448 -25.8051 0.1 13.2748
4.55846 979.53 258.188 -25.7865 0.1 13.4157
4.56853 982.13 257.928 -25.7681 0.1 13.5567
4.57862 984.73 257.669 -25.7498 0.1 13.6979
4.58871 987.33 257.409 -25.7317 0.1 13.8393
4.59882 989.93 257.149 -25.7137 0.1 13.9807
4.60893 992.53 256.889 -25.6959 0.1 14.1224
4.61906 995.13 256.629 -25.6783 0.1 14.2641
4.6292 997.73 256.368 -25.6608 0.1 14.406
4.63934 1000.33 256.108 -25.6435 0.1 14.5481
4.6495 1002.93 255.848 -25.6264 0.1 14.6903
4.65967 1005.53 255.587 -25.6094 0.1 14.8326
4.66985 1008.13 255.327 -25.5925 0.1 14.9751
4.68004 1010.73 255.066 -25.5759 0.1 15.1178
4.69004 1013.28 254.81 -25.5596 0.1 15.2578
4.70005 1015.83 254.555 -25.5436 0.1 15.398
4.71007 1018.38 254.299 -25.5276 0.1 15.5383
4.72011 1020.93 254.043 -25.5119 0.1 15.6787
4.73015 1023.48 253.786 -25.4962 0.1 15.8193
4.7402 1026.03 253.53 -25.4807 0.1 15.9601
4.75026 1028.58 253.274 -25.4654 0.1 16.1009
4.76034 1031.13 253.017 -25.4357 0.1 16.1479
4.77042 1033.68 252.761 -25.3993 0.1 16.1507
4.78052 1036.23 252.505 -25.3621 0.1 16.1479
4.79062 1038.78 252.249 -25.3258 0.1 16.1507
4.80073 1041.33 251.993 -25.2888 0.1 16.1479
4.81086 1043.88 251.737 -25.2526 0.1 16.1507
4.82099 1046.43 251.481 -25.2157 0.1 16.1479
4.83114 1048.98 251.226 -25.1797 0.1 16.1507
4.84129 1051.53 250.97 -25.1429 0.1 16.1479
4.85146 1054.08 250.715 -25.107 0.1 16.1507
4.86164 1056.63 250.459 -25.0704 0.1 16.1479
4.87182 1059.18 250.204 -25.0346 0.1 16.1507
4.88202 1061.73 249.949 -24.9981 0.1 16.1479
4.89203 1064.23 249.699 -24.9628 0.1 16.1479
4.90204 1066.73 249.449 -24.9275 0.1 16.1479
4.91207 1069.23 249.2 -24.8923 0.1 16.1479
4.92211 1071.73 248.95 -24.8572 0.1 16.1479
4.93216 1074.23 248.7 -24.8221 0.1 16.1479
4.94221 1076.73 248.451 -24.7871 0.1 16.1479
4.95228 1079.23 248.201 -24.7521 0.1 16.1479
4.96236 1081.73 247.952 -24.7172 0.1 16.1479
4.97245 1084.23 247.703 -24.6824 0.1 16.1479
4.98254 1086.73 247.454 -24.6476 0.1 16.1479
4.99265 1089.23 247.205 -24.6129 0.1 16.1479
5.00277 1091.73 246.956 -24.5783 0.1 16.1479
5.0129 1094.23 246.707 -24.5437 0.1 16.1479
5.02304 1096.73 246.459 -24.5092 0.1 16.1479
5.03319 1099.23 246.21 -24.4747 0.1 16.1479
5.04335 1101.73 245.962 -24.4403 0.1 16.1479
5.05351 1104.23 245.713 -24.406 0.1 16.1479
5.06369 1106.73 245.465 -24.3717 0.1 16.1479
5.07388 1109.23 245.217 -24.3375 0.1 16.1479
5.08408 1111.73 244.969 -24.3033 0.1 16.1479
5.09409 1114.18 244.726 -24.2703 0.1 16.1508
5.10411 1116.63 244.483 -24.2366 0.1 16.1479
5.11413 1119.08 244.24 -24.2037 0.1 16.1508
5.12417 1121.53 243.997 -24.17 0.1 16.1479
5.13422 1123.98 243.755 -24.1372 0.1 16.1508
5.14427 1126.43 243.512 -24.1037 0.1 16.1479
5.15434 1128.88 243.27 -24.071 0.1 16.1508
5.16441 1131.33 243.027 -24.0376 0.1 16.1479
5.1745 1133.78 242.785 -24.0051 0.1 16.1508
5.1846 1136.23 242.543 -23.9718 0.1 16.1479
5.1947 1138.68 242.301 -23.9393 0.1 16.1508
5.20482 1141.13 242.059 -23.9062 0.1 16.1479
5.21495 1143.58 241.817 -23.8738 0.1 16.1508
5.22508 1146.03 241.575 -23.8408 0.1 16.1479
5.23523 1148.48 241.333 -23.8085 0.1 16.1508
5.24539 1150.93 241.092 -23.7756 0.1 16.1479
5.25556 1153.38 240.85 -23.7435 0.1 16.1508
5.26573 1155.83 240.608 -23.7106 0.1 16.1479
5.27592 1158.28 240.367 -23.6787 0.1 16.1508
5.28612 1160.73 240.126 -23.6459 0.1 16.1479
5.29633 1163.18 239.885 -23.614 0.1 16.1508
5.30634 1165.58 239.648 -23.5825 0.1 16.1508
5.31636 1167.98 239.412 -23.551 0.1 16.1508
5.32639 1170.38 239.176 -23.5195 0.1 16.1508
5.33643 1172.78 238.94 -23.4881 0.1 16.1508
5.34648 1175.18 238.704 -23.4568 0.1 16.1508
5.35653 1177.58 238.469 -23.4255 0.1 16.1508
5.3666 1179.98 238.233 -23.3942 0.1 16.1508
5.37668 1182.38 237.997 -23.363 0.1 16.1508
5.38677 1184.78 237.762 -23.3319 0.1 16.1508
5.39687 1187.18 237.526 -23.3008 0.1 16.1508
5.40698 1189.58 237.291 -23.2698 0.1 16.1508
5.4171 1191.98 237.055 -23.2388 0.1 16.1508
5.42723 1194.38 236.82 -23.2079 0.1 16.1508
5.43737 1196.78 236.585 -23.177 0.1 16.1508
5.44752 1199.18 236.35 -23.1462 0.1 16.1508
5.45768 1201.58 236.115 -23.1154 0.1 16.1508
5.46785 1203.98 235.88 -23.0847 0.1 16.1508
5.47803 1206.38 235.645 -23.054 0.1 16.1508
5.48822 1208.78 235.41 -23.0234 0.1 16.1508
5.49842 1211.18 235.176 -22.9929 0.1 16.1508
5.50863 1213.58 234.941 -22.9624 0.1 16.1508
5.51864 1215.93 234.712 -22.9322 0.1 16.1478
5.52865 1218.28 234.482 -22.9028 0.1 16.1508
5.53868 1220.63 234.253 -22.8727 0.1 16.1478
5.54872 1222.98 234.023 -22.8434 0.1 16.1508
5.55876 1225.33 233.794 -22.8134 0.1 16.1478
5.56882 1227.68 233.564 -22.7842 0.1 16.1508
5.57889 1230.03 233.335 -22.7543 0.1 16.1478
5.58896 1232.38 233.106 -22.7252 0.1 16.1508
5.59905 1234.73 232.877 -22.6954 0.1 16.1478
5.60915 1237.08 232.648 -22.6664 0.1 16.1508
5.61925 1239.43 232.419 -22.6366 0.1 16.1478
5.62937 1241.78 232.19 -22.6077 0.1 16.1508
5.63949 1244.13 231.962 -22.5781 0.1 16.1478
5.64963 1246.48 231.733 -22.5493 0.1 16.1508
5.65978 1248.83 231.504 -22.5198 0.1 16.1478
5.66993 1251.18 231.276 -22.4911 0.1 16.1508
5.6801 1253.53 231.047 -22.4617 0.1 16.1478
5.69027 1255.88 230.819 -22.4331 0.1 16.1508
5.70046 1258.23 230.59 -22.4037 0.1 16.1478
5.71066 1260.58 230.362 -22.3752 0.1 16.1508
5.72086 1262.93 230.134 -22.346 0.1 16.1478
5.73108 1265.28 229.906 -22.3176 0.1 16.1508
5.74109 1267.58 229.682 -22.2894 0.1 16.1508
5.75111 1269.88 229.459 -22.2613 0.1 16.1508
5.76114 1272.18 229.236 -22.2333 0.1 16.1508
5.77118 1274.48 229.013 -22.2053 0.1 16.1508
5.78122 1276.78 228.79 -22.1773 0.1 16.1509
5.79128 1279.08 228.567 -22.1494 0.1 16.1509
5.80135 1281.38 228.344 -22.1215 0.1 16.1509
5.81143 1283.68 228.122 -22.0937 0.1 16.1509
5.82151 1285.98 227.899 -22.0659 0.1 16.1509
5.83161 1288.28 227.676 -22.0382 0.1 16.1509
5.84172 1290.58 227.454 -22.0105 0.1 16.1509
5.85184 1292.88 227.231 -21.9828 0.1 16.1509
5.86196 1295.18 227.009 -21.9552 0.1 16.1509
5.8721 1297.48 226.786 -21.9277 0.1 16.1509
5.88225 1299.78 226.564 -21.9002 0.1 16.1509
5.8924 1302.08 226.342 -21.8727 0.1 16.1509
5.90257 1304.38 226.119 -21.8453 0.1 16.1509
5.91275 1306.68 225.897 -21.8179 0.1 16.1509
5.92293 1308.98 225.675 -21.7906 0.1 16.1509
5.93313 1311.28 225.453 -21.7633 0.1 16.1509
5.94334 1313.58 225.231 -21.736 0.1 16.1509
5.95355 1315.88 225.009 -21.7088 0.1 16.1509
5.96356 1318.13 224.792 -21.6819 0.1 16.1478
5.97357 1320.38 224.575 -21.6557 0.1 16.1509
5.9836 1322.63 224.358 -21.6289 0.1 16.1478
5.99363 1324.88 224.141 -21.6028 0.1 16.1509
6.00367 1327.13 223.924 -21.5761 0.1 16.1478
6.01373 1329.38 223.708 -21.5501 0.1 16.1509
6.02379 1331.63 223.491 -21.5234 0.1 16.1478
6.03386 1333.88 223.274 -21.4975 0.1 16.1509
6.04394 1336.13 223.058 -21.4709 0.1 16.1478
6.05404 1338.38 222.841 -21.445 0.1 16.1509
6.06414 1340.63 222.625 -21.4185 0.1 16.1477
6.07425 1342.88 222.408 -21.3928 0.1 16.1509
6.08437 1345.13 222.192 -21.3664 0.1 16.1477
6.0945 1347.38 221.975 -21.3407 0.1 16.1509
6.10464 1349.63 221.759 -21.3144 0.1 16.1477
6.11479 1351.88 221.543 -21.2888 0.1 16.1509
6.12496 1354.13 221.327 -21.2625 0.1 16.1477
6.13513 1356.38 221.111 -21.237 0.1 16.1509
6.14531 1358.63 220.895 -21.2108 0.1 16.1477
6.1555 1360.88 220.679 -21.1854 0.1 16.1509
6.1657 1363.13 220.463 -21.1593 0.1 16.1477
6.17591 1365.38 220.247 -21.134 0.1 16.1509
6.18613 1367.63 220.031 -21.108 0.1 16.1477
6.19613 1369.83 219.82 -21.0829 0.1 16.1477
6.20615 1372.03 219.609 -21.0579 0.1 16.1477
6.21617 1374.23 219.398 -21.0329 0.1 16.1477
6.2262 1376.43 219.187 -21.008 0.1 16.1477
6.23624 1378.63 218.976 -20.9831 0.1 16.1477
6.2463 1380.83 218.765 -20.9582 0.1 16.1477
6.25636 1383.03 218.555 -20.9334 0.1 16.1477
6.26643 1385.23 218.344 -20.9086 0.1 16.1477
6.27651 1387.43 218.133 -20.8839 0.1 16.1477
6.2866 1389.63 217.923 -20.8592 0.1 16.1477
6.2967 1391.83 217.712 -20.8345 0.1 16.1477
6.30681 1394.03 217.502 -20.8099 0.1 16.1477
6.31693 1396.23 217.291 -20.7853 0.1 16.1477
6.32706 1398.43 217.081 -20.7608 0.1 16.1477
6.3372 1400.63 216.87 -20.7363 0.1 16.1477
6.34735 1402.83 216.66 -20.7118 0.1 16.1477
6.35751 1405.03 216.45 -20.6873 0.1 16.1477
6.36768 1407.23 216.239 -20.6629 0.1 16.1477
6.37786 1409.43 216.029 -20.6386 0.1 16.1477
6.38805 1411.63 215.819 -20.6143 0.1 16.1477
6.39824 1413.83 215.609 -20.59 0.1 16.1477
6.40845 1416.03 215.399 -20.5657 0.1 16.1477
6.41867 1418.23 215.189 -20.5415 0.1 16.1477
6.4289 1420.43 214.979 -20.5173 0.1 16.1477
6.43891 1422.58 214.774 -20.4941 0.1 16.151
6.44892 1424.73 214.569 -20.4702 0.1 16.1477
6.45895 1426.88 214.363 -20.447 0.1 16.151
6.46898 1429.03 214.158 -20.4232 0.1 16.1477
6.47903 1431.18 213.953 -20.4001 0.1 16.151
6.48908 1433.33 213.748 -20.3763 0.1 16.1477
6.49914 1435.48 213.543 -20.3533 0.1 16.151
6.50922 1437.63 213.339 -20.3296 0.1 16.1477
6.5193 1439.78 213.134 -20.3066 0.1 16.151
6.52939 1441.93 212.929 -20.283 0.1 16.1477
6.53949 1444.08 212.724 -20.2601 0.1 16.151
6.54961 1446.23 212.519 -20.2366 0.1 16.1477
6.55973 1448.38 212.315 -20.2138 0.1 16.151
6.56986 1450.53 212.11 -20.1903 0.1 16.1477
6.58 1452.68 211.905 -20.1675 0.1 16.151
6.59015 1454.83 211.701 -20.1441 0.1 16.1477
6.60031 1456.98 211.496 -20.1214 0.1 16.151
6.61048 1459.13 211.292 -20.0981 0.1 16.1477
6.62066 1461.28 211.087 -20.0755 0.1 16.151
6.63085 1463.43 210.883 -20.0522 0.1 16.1477
6.64105 1465.58 210.678 -20.0297 0.1 16.151
6.65126 1467.73 210.474 -20.0065 0.1 16.1477
6.66148 1469.88 210.269 -19.984 0.1 16.151
6.67171 1472.03 210.065 -19.9609 0.1 16.1477
6.68172 1474.13 209.866 -19.9387 0.1 16.1477
6.69173 1476.23 209.666 -19.9165 0.1 16.1477
6.70175 1478.33 209.467 -19.8943 0.1 16.1476
6.71178 1480.43 209.267 -19.8722 0.1 16.1476
6.72182 1482.53 209.068 -19.8501 0.1 16.1476
6.73187 1484.63 208.868 -19.828 0.1 16.1476
6.74193 1486.73 208.669 -19.806 0.1 16.1476
6.752 1488.83 208.47 -19.784 0.1 16.1476
6.76207 1490.93 208.271 -19.7621 0.1 16.1476
6.77216 1493.03 208.071 -19.7401 0.1 16.1476
6.78226 1495.13 207.872 -19.7182 0.1 16.1476
6.79237 1497.23 207.673 -19.6964 0.1 16.1476
6.80248 1499.33 207.474 -19.6745 0.1 16.1476
6.81261 1501.43 207.275 -19.6527 0.1 16.1476
6.82275 1503.53 207.076 -19.6309 0.1 16.1476
6.83289 1505.63 206.876 -19.6092 0.1 16.1476
6.84305 1507.73 206.677 -19.5875 0.1 16.1476
6.85322 1509.83 206.478 -19.5658 0.1 16.1476
6.86339 1511.93 206.279 -19.5442 0.1 16.1476
6.87358 1514.03 206.08 -19.5226 0.1 16.1476
6.88377 1516.13 205.882 -19.501 0.1 16.1476
6.89398 1518.23 205.683 -19.4794 0.1 16.1476
6.90419 1520.33 205.484 -19.4579 0.1 16.1476
6.91442 1522.43 205.285 -19.4364 0.1 16.1476
6.92465 1524.53 205.086 -19.415 0.1 16.1476
6.93465 1526.58 204.892 -19.3944 0.1 16.151
6.94466 1528.63 204.698 -19.3732 0.1 16.1476
6.95468 1530.68 204.504 -19.3527 0.1 16.151
6.96471 1532.73 204.31 -19.3315 0.1 16.1476
6.97475 1534.78 204.116 -19.3111 0.1 16.151
6.9848 1536.83 203.922 -19.29 0.1 16.1476
6.99486 1538.88 203.728 -19.2696 0.1 16.151
7.00492 1540.93 203.534 -19.2485 0.1 16.1476
7.015 1542.98 203.34 -19.2282 0.1 16.151
7.02509 1545.03 203.147 -19.2072 0.1 16.1476
7.03518 1547.08 202.953 -19.1869 0.1 16.151
7.04529 1549.13 202.759 -19.166 0.1 16.1476
7.0554 1551.18 202.565 -19.1458 0.1 16.151
7.06553 1553.23 202.372 -19.1249 0.1 16.1476
7.07566 1555.28 202.178 -19.1048 0.1 16.1511
7.08581 1557.33 201.984 -19.084 0.1 16.1476
7.09596 1559.38 201.79 -19.0638 0.1 16.1511
7.10613 1561.43 201.597 -19.0431 0.1 16.1476
7.1163 1563.48 201.403 -19.0231 0.1 16.1511
7.12648 1565.53 201.209 -19.0024 0.1 16.1476
7.13668 1567.58 201.016 -18.9824 0.1 16.1511
7.14688 1569.63 200.822 -18.9618 0.1 16.1476
7.15709 1571.68 200.629 -18.9418 0.1 16.1511
7.16732 1573.73 200.435 -18.9213 0.1 16.1476
7.17755 1575.78 200.242 -18.9014 0.1 16.1511
7.18779 1577.83 200.048 -18.8809 0.1 16.1476
7.19779 1579.83 199.859 -18.8612 0.1 16.1476
7.20781 1581.83 199.671 -18.8416 0.1 16.1476
7.21783 1583.83 199.482 -18.822 0.1 16.1476
7.22786 1585.83 199.293 -18.8024 0.1 16.1476
7.2379 1587.83 199.105 -18.7829 0.1 16.1476
7.24795 1589.83 198.916 -18.7634 0.1 16.1476
7.25801 1591.83 198.727 -18.7439 0.1 16.1476
7.26808 1593.83 198.539 -18.7244 0.1 16.1476
7.27816 1595.83 198.35 -18.705 0.1 16.1476
7.28824 1597.83 198.161 -18.6856 0.1 16.1476
7.29834 1599.83 197.973 -18.6662 0.1 16.1476
7.30845 1601.83 197.784 -18.6468 0.1 16.1476
7.31857 1603.83 197.596 -18.6275 0.1 16.1475
7.32869 1605.83 197.407 -18.6082 0.1 16.1475
7.33883 1607.83 197.219 -18.5889 0.1 16.1475
7.34897 1609.83 197.03 -18.5696 0.1 16.1475
7.35913 1611.83 196.842 -18.5504 0.1 16.1475
7.3693 1613.83 196.653 -18.5312 0.1 16.1475
7.37947 1615.83 196.465 -18.5121 0.1 16.1475
7.38966 1617.83 196.276 -18.4929 0.1 16.1475
7.39985 1619.83 196.088 -18.4738 0.1 16.1475
7.41006 1621.83 195.899 -18.4547 0.1 16.1475
7.42027 1623.83 195.711 -18.4356 0.1 16.1475
7.43049 1625.83 195.523 -18.4166 0.1 16.1475
7.44073 1627.83 195.334 -18.3976 0.1 16.1475
7.45097 1629.83 195.146 -18.3786 0.1 16.1475
7.46123 1631.83 194.958 -18.3597 0.1 16.1475
7.47123 1633.78 194.774 -18.3415 0.1 16.1511
7.48125 1635.73 194.59 -18.3228 0.1 16.1475
7.49127 1637.68 194.407 -18.3047 0.1 16.1511
7.50131 1639.63 194.223 -18.286 0.1 16.1475
7.51136 1641.58 194.04 -18.2679 0.1 16.1511
7.52141 1643.53 193.856 -18.2493 0.1 16.1475
7.53147 1645.48 193.672 -18.2313 0.1 16.1511
7.54155 1647.43 193.489 -18.2127 0.1 16.1475
7.55163 1649.38 193.305 -18.1947 0.1 16.1511
7.56172 1651.33 193.122 -18.1762 0.1 16.1475
7.57182 1653.28 192.938 -18.1583 0.1 16.1511
7.58194 1655.23 192.755 -18.1398 0.1 16.1475
7.59206 1657.18 192.571 -18.122 0.1 16.1511
7.60219 1659.13 192.388 -18.1035 0.1 16.1475
7.61233 1661.08 192.204 -18.0857 0.1 16.1511
7.62248 1663.03 192.021 -18.0673 0.1 16.1475
7.63264 1664.98 191.837 -18.0496 0.1 16.1511
7.64281 1666.93 191.654 -18.0312 0.1 16.1475
7.65299 1668.88 191.47 -18.0135 0.1 16.1511
7.66318 1670.83 191.287 -17.9952 0.1 16.1475
7.67338 1672.78 191.103 -17.9776 0.1 16.1512
7.68359 1674.73 190.92 -17.9593 0.1 16.1475
7.69381 1676.68 190.737 -17.9417 0.1 16.1512
7.70403 1678.63 190.553 -17.9235 0.1 16.1475
7.71427 1680.58 190.37 -17.9059 0.1 16.1512
7.72452 1682.53 190.186 -17.8878 0.1 16.1475
7.73478 1684.48 190.003 -17.8703 0.1 16.1512
7.74478 1686.38 189.824 -17.8529 0.1 16.1512
7.7548 1688.28 189.646 -17.8356 0.1 16.1512
7.76482 1690.18 189.467 -17.8183 0.1 16.1512
7.77485 1692.08 189.288 -17.8011 0.1 16.1512
7.7849 1693.98 189.11 -17.7838 0.1 16.1512
7.79495 1695.88 188.931 -17.7666 0.1 16.1512
7.80501 1697.78 188.752 -17.7494 0.1 16.1512
7.81508 1699.68 188.574 -17.7322 0.1 16.1512
7.82516 1701.58 188.395 -17.7151 0.1 16.1512
7.83525 1703.48 188.216 -17.6979 0.1 16.1512
7.84535 1705.38 188.038 -17.6808 0.1 16.1512
7.85546 1707.28 187.859 -17.6637 0.1 16.1512
7.86558 1709.18 187.68 -17.6467 0.1 16.1512
7.87571 1711.08 187.502 -17.6296 0.1 16.1512
7.88585 1712.98 187.323 -17.6126 0.1 16.1512
7.89599 1714.88 187.144 -17.5956 0.1 16.1512
7.90615 1716.78 186.966 -17.5786 0.1 16.1512
7.91632 1718.68 186.787 -17.5617 0.1 16.1512
7.9265 1720.58 186.608 -17.5447 0.1 16.1512
7.93668 1722.48 186.43 -17.5278 0.1 16.1512
7.94688 1724.38 186.251 -17.511 0.1 16.1512
7.95709 1726.28 186.073 -17.4941 0.1 16.1512
7.9673 1728.18 185.894 -17.4773 0.1 16.1512
7.97753 1730.08 185.715 -17.4604 0.1 16.1512
7.98776 1731.98 185.537 -17.4436 0.1 16.1512
7.99801 1733.88 185.358 -17.4269 0.1 16.1512
8.00826 1735.78 185.179 -17.4101 0.1 16.1512
8.01853 1737.68 185.001 -17.3934 0.1 16.1512
8.02854 1739.53 184.827 -17.3768 0.1 16.1474
8.03855 1741.38 184.653 -17.3609 0.1 16.1512
8.04857 1743.23 184.479 -17.3444 0.1 16.1474
8.05861 1745.08 184.305 -17.3284 0.1 16.1512
8.06865 1746.93 184.131 -17.312 0.1 16.1474
8.0787 1748.78 183.957 -17.2961 0.1 16.1512
8.08876 1750.63 183.783 -17.2797 0.1 16.1474
8.09883 1752.48 183.609 -17.2638 0.1 16.1512
8.10891 1754.33 183.435 -17.2474 0.1 16.1474
8.119 1756.18 183.261 -17.2316 0.1 16.1512
8.1291 1758.03 183.087 -17.2153 0.1 16.1474
8.13921 1759.88 182.913 -17.1995 0.1 16.1512
8.14933 1761.73 182.739 -17.1832 0.1 16.1474
8.15946 1763.58 182.566 -17.1675 0.1 16.1512
8.1696 1765.43 182.392 -17.1512 0.1 16.1474
8.17975 1767.28 182.218 -17.1356 0.1 16.1512
8.18991 1769.13 182.044 -17.1194 0.1 16.1474
8.20007 1770.98 181.87 -17.1037 0.1 16.1512
8.21025 1772.83 181.696 -17.0875 0.1 16.1474
8.22044 1774.68 181.522 -17.0719 0.1 16.1512
8.23063 1776.53 181.348 -17.0558 0.1 16.1474
8.24084 1778.38 181.174 -17.0402 0.1 16.1513
8.25106 1780.23 181 -17.0242 0.1 16.1474
8.26128 1782.08 180.826 -17.0086 0.1 16.1513
8.27152 1783.93 180.652 -16.9926 0.1 16.1474
8.28176 1785.78 180.478 -16.9771 0.1 16.1513
8.29202 1787.63 180.304 -16.9611 0.1 16.1474
8.30228 1789.48 180.13 -16.9457 0.1 16.1513
8.31256 1791.33 179.956 -16.9297 0.1 16.1474
8.32257 1793.13 179.786 -16.9144 0.1 16.1474
8.33258 1794.93 179.617 -16.8992 0.1 16.1474
8.34261 1796.73 179.447 -16.884 0.1 16.1474
8.35265 1798.53 179.278 -16.8688 0.1 16.1474
8.36269 1800.33 179.109 -16.8536 0.1 16.1474
8.37275 1802.13 178.939 -16.8385 0.1 16.1474
8.38281 1803.93 178.77 -16.8233 0.1 16.1474
8.39288 1805.73 178.601 -16.8082 0.1 16.1474
8.40297 1807.53 178.431 -16.7931 0.1 16.1474
8.41306 1809.33 178.262 -16.778 0.1 16.1474
8.42316 1811.13 178.092 -16.763 0.1 16.1474
8.43327 1812.93 177.923 -16.7479 0.1 16.1474
8.4434 1814.73 177.753 -16.7329 0.1 16.1474
8.45353 1816.53 177.584 -16.7179 0.1 16.1473
8.46367 1818.33 177.415 -16.7029 0.1 16.1473
8.47382 1820.13 177.245 -16.688 0.1 16.1473
8.48398 1821.93 177.076 -16.673 0.1 16.1473
8.49415 1823.73 176.906 -16.6581 0.1 16.1473
8.50433 1825.53 176.737 -16.6432 0.1 16.1473
8.51452 1827.33 176.567 -16.6283 0.1 16.1473
8.52472 1829.13 176.398 -16.6134 0.1 16.1473
8.53493 1830.93 176.228 -16.5985 0.1 16.1473
8.54515 1832.73 176.058 -16.5837 0.1 16.1473
8.55538 1834.53 175.889 -16.5689 0.1 16.1473
8.56562 1836.33 175.719 -16.5541 0.1 16.1473
8.57586 1838.13 175.55 -16.5393 0.1 16.1473
8.58612 1839.93 175.38 -16.5245 0.1 16.1473
8.59639 1841.73 175.211 -16.5098 0.1 16.1473
8.60667 1843.53 175.041 -16.4951 0.1 16.1473
8.61667 1845.28 174.876 -16.481 0.1 16.1513
8.62668 1847.03 174.711 -16.4665 0.1 16.1473
8.63671 1848.78 174.546 -16.4525 0.1 16.1513
8.64674 1850.53 174.381 -16.438 0.1 16.1473
8.65678 1852.28 174.216 -16.424 0.1 16.1513
8.66683 1854.03 174.051 -16.4095 0.1 16.1473
8.67689 1855.78 173.886 -16.3956 0.1 16.1513
8.68695 1857.53 173.721 -16.3812 0.1 16.1473
8.69703 1859.28 173.556 -16.3673 0.1 16.1513
8.70712 1861.03 173.391 -16.3528 0.1 16.1473
8.71722 1862.78 173.226 -16.339 0.1 16.1513
8.72733 1864.53 173.061 -16.3246 0.1 16.1473
8.73744 1866.28 172.896 -16.3108 0.1 16.1513
8.74757 1868.03 172.731 -16.2964 0.1 16.1473
8.75771 1869.78 172.566 -16.2826 0.1 16.1513
8.76785 1871.53 172.401 -16.2683 0.1 16.1473
8.77801 1873.28 172.235 -16.2546 0.1 16.1514
8.78817 1875.03 172.07 -16.2403 0.1 16.1473
8.79835 1876.78 171.905 -16.2266 0.1 16.1514
8.80853 1878.53 171.74 -16.2123 0.1 16.1473
8.81873 1880.28 171.575 -16.1986 0.1 16.1514
8.82893 1882.03 171.41 -16.1844 0.1 16.1473
8.83915 1883.78 171.244 -16.1708 0.1 16.1514
8.84937 1885.53 171.079 -16.1566 0.1 16.1473
8.85961 1887.28 170.914 -16.143 0.1 16.1514
8.86985 1889.03 170.748 -16.1289 0.1 16.1473
8.88011 1890.78 170.583 -16.1152 0.1 16.1514
8.89037 1892.53 170.418 -16.1012 0.1 16.1473
8.90064 1894.28 170.252 -16.0876 0.1 16.1514
8.91093 1896.03 170.087 -16.0735 0.1 16.1473
8.92122 1897.78 169.922 -16.06 0.1 16.1514
8.93123 1899.48 169.761 -16.0466 0.1 16.1514
8.94125 1901.18 169.6 -16.0332 0.1 16.1514
8.95128 1902.88 169.44 -16.0199 0.1 16.1514
8.96132 1904.58 169.279 -16.0066 0.1 16.1514
8.97136 1906.28 169.118 -15.9933 0.1 16.1514
8.98142 1907.98 168.957 -15.98 0.1 16.1514
8.99149 1909.68 168.796 -15.9667 0.1 16.1514
9.00156 1911.38 168.636 -15.9534 0.1 16.1514
9.01165 1913.08 168.475 -15.9401 0.1 16.1514
9.02174 1914.78 168.314 -15.9269 0.1 16.1514
9.03185 1916.48 168.153 -15.9137 0.1 16.1514
9.04196 1918.18 167.992 -15.9005 0.1 16.1514
9.05209 1919.88 167.831 -15.8873 0.1 16.1514
9.06222 1921.58 167.67 -15.8741 0.1 16.1514
9.07237 1923.28 167.509 -15.8609 0.1 16.1514
9.08252 1924.98 167.348 -15.8478 0.1 16.1514
9.09268 1926.68 167.187 -15.8347 0.1 16.1514
9.10286 1928.38 167.026 -15.8216 0.1 16.1514
9.11304 1930.08 166.865 -15.8085 0.1 16.1514
9.12323 1931.78 166.704 -15.7954 0.1 16.1514
9.13344 1933.48 166.543 -15.7823 0.1 16.1514
9.14365 1935.18 166.382 -15.7693 0.1 16.1514
9.15387 1936.88 166.221 -15.7562 0.1 16.1514
9.1641 1938.58 166.06 -15.7432 0.1 16.1514
9.17435 1940.28 165.899 -15.7302 0.1 16.1514
9.1846 1941.98 165.737 -15.7172 0.1 16.1514
9.19486 1943.68 165.576 -15.7042 0.1 16.1514
9.20513 1945.38 165.415 -15.6913 0.1 16.1514
9.21542 1947.08 165.254 -15.6783 0.1 16.1514
9.22571 1948.78 165.092 -15.6654 0.1 16.1514
9.23601 1950.48 164.931 -15.6525 0.1 16.1514
9.24602 1952.13 164.774 -15.6397 0.1 16.1472
9.25604 1953.78 164.618 -15.6274 0.1 16.1514
9.26607 1955.43 164.461 -15.6147 0.1 16.1472
9.2761 1957.08 164.305 -15.6025 0.1 16.1515
9.28615 1958.73 164.148 -15.5898 0.1 16.1472
9.29621 1960.38 163.991 -15.5776 0.1 16.1515
9.30628 1962.03 163.834 -15.5649 0.1 16.1472
9.31635 1963.68 163.678 -15.5527 0.1 16.1515
9.32644 1965.33 163.521 -15.5401 0.1 16.1472
9.33653 1966.98 163.364 -15.5279 0.1 16.1515
9.34664 1968.63 163.207 -15.5153 0.1 16.1472
9.35675 1970.28 163.05 -15.5032 0.1 16.1515
9.36688 1971.93 162.893 -15.4906 0.1 16.1472
9.37701 1973.58 162.736 -15.4785 0.1 16.1515
9.38716 1975.23 162.58 -15.4659 0.1 16.1472
9.39731 1976.88 162.423 -15.4538 0.1 16.1515
9.40747 1978.53 162.266 -15.4413 0.1 16.1472
9.41765 1980.18 162.108 -15.4293 0.1 16.1515
9.42783 1981.83 161.951 -15.4168 0.1 16.1472
9.43802 1983.48 161.794 -15.4047 0.1 16.1515
9.44823 1985.13 161.637 -15.3923 0.1 16.1472
9.45844 1986.78 161.48 -15.3803 0.1 16.1515
9.46866 1988.43 161.323 -15.3678 0.1 16.1472
9.4789 1990.08 161.166 -15.3559 0.1 16.1515
9.48914 1991.73 161.009 -15.3435 0.1 16.1471
9.49939 1993.38 160.851 -15.3315 0.1 16.1515
9.50966 1995.03 160.694 -15.3191 0.1 16.1471
9.51993 1996.68 160.537 -15.3072 0.1 16.1515
9.53021 1998.33 160.379 -15.2949 0.1 16.1471
9.54051 1999.98 160.222 -15.283 0.1 16.1515
9.55081 2001.63 160.065 -15.2707 0.1 16.1471
9.56081 2003.23 159.912 -15.2589 0.1 16.1471
9.57082 2004.83 159.759 -15.2472 0.1 16.1471
9.58084 2006.43 159.606 -15.2355 0.1 16.1471
9.59087 2008.03 159.454 -15.2239 0.1 16.1471
9.60091 2009.63 159.301 -15.2122 0.1 16.1471
9.61096 2011.23 159.148 -15.2005 0.1 16.1471
9.62102 2012.83 158.995 -15.1889 0.1 16.1471
9.63108 2014.43 158.842 -15.1773 0.1 16.1471
9.64116 2016.03 158.69 -15.1657 0.1 16.1471
9.65125 2017.63 158.537 -15.154 0.1 16.1471
9.66135 2019.23 158.384 -15.1425 0.1 16.1471
9.67145 2020.83 158.231 -15.1309 0.1 16.1471
9.68157 2022.43 158.078 -15.1193 0.1 16.1471
9.6917 2024.03 157.925 -15.1078 0.1 16.1471
9.70183 2025.63 157.772 -15.0962 0.1 16.1471
9.71198 2027.23 157.618 -15.0847 0.1 16.1471
9.72214 2028.83 157.465 -15.0732 0.1 16.1471
9.7323 2030.43 157.312 -15.0617 0.1 16.1471
9.74248 2032.03 157.159 -15.0502 0.1 16.1471
9.75266 2033.63 157.006 -15.0387 0.1 16.1471
9.76286 2035.23 156.852 -15.0273 0.1 16.1471
9.77307 2036.83 156.699 -15.0158 0.1 16.1471
9.78328 2038.43 156.546 -15.0044 0.1 16.1471
9.79351 2040.03 156.392 -14.9929 0.1 16.1471
9.80374 2041.63 156.239 -14.9815 0.1 16.1471
9.81399 2043.23 156.086 -14.9701 0.1 16.1471
9.82425 2044.83 155.932 -14.9587 0.1 16.1471
9.83451 2046.43 155.779 -14.9474 0.1 16.1471
9.84479 2048.03 155.625 -14.936 0.1 16.1471
9.85507 2049.63 155.471 -14.9247 0.1 16.1471
9.86537 2051.23 155.318 -14.9133 0.1 16.1471
9.87568 2052.83 155.164 -14.902 0.1 16.1471
9.88599 2054.43 155.01 -14.8907 0.1 16.1471
9.896 2055.98 154.862 -14.88 0.1 16.1516
9.90601 2057.53 154.713 -14.8688 0.1 16.1471
9.91604 2059.08 154.564 -14.8581 0.1 16.1516
9.92607 2060.63 154.415 -14.847 0.1 16.1471
9.93611 2062.18 154.266 -14.8363 0.1 16.1516
9.94617 2063.73 154.116 -14.8252 0.1 16.147
9.95623 2065.28 153.967 -14.8145 0.1 16.1516
9.9663 2066.83 153.818 -14.8034 0.1 16.147
9.97638 2068.38 153.669 -14.7928 0.1 16.1516
9.98647 2069.93 153.52 -14.7818 0.1 16.147
9.99657 2071.48 153.37 -14.7711 0.1 16.1516
10.0067 2073.03 153.221 -14.7601 0.1 16.147
10.0168 2074.58 153.072 -14.7495 0.1 16.1516
10.0269 2076.13 152.922 -14.7385 0.1 16.147
10.0371 2077.68 152.773 -14.7279 0.1 16.1516
10.0472 2079.23 152.624 -14.717 0.1 16.147
10.0574 2080.78 152.474 -14.7064 0.1 16.1516
10.0676 2082.33 152.325 -14.6954 0.1 16.147
10.0777 2083.88 152.175 -14.6849 0.1 16.1516
10.0879 2085.43 152.025 -14.674 0.1 16.147
10.0981 2086.98 151.876 -14.6635 0.1 16.1516
10.1083 2088.53 151.726 -14.6526 0.1 16.147
10.1186 2090.08 151.576 -14.6421 0.1 16.1516
10.1288 2091.63 151.427 -14.6312 0.1 16.147
10.139 2093.18 151.277 -14.6207 0.1 16.1516
10.1493 2094.73 151.127 -14.6099 0.1 16.147
10.1596 2096.28 150.977 -14.5994 0.1 16.1516
10.1698 2097.83 150.827 -14.5886 0.1 16.147
10.1801 2099.38 150.677 -14.5782 0.1 16.1516
10.1904 2100.93 150.527 -14.5674 0.1 16.147
10.2007 2102.48 150.377 -14.557 0.1 16.1516
10.211 2104.03 150.227 -14.5462 0.1 16.147
10.2213 2105.58 150.077 -14.5358 0.1 16.1517
10.2317 2107.13 149.927 -14.525 0.1 16.147
10.2417 2108.63 149.782 -14.5148 0.1 16.147
10.2517 2110.13 149.636 -14.5046 0.1 16.147
10.2617 2111.63 149.491 -14.4944 0.1 16.147
10.2718 2113.13 149.345 -14.4842 0.1 16.147
10.2818 2114.63 149.2 -14.4741 0.1 16.147
10.2919 2116.13 149.054 -14.4639 0.1 16.147
10.3019 2117.63 148.909 -14.4537 0.1 16.147
10.312 2119.13 148.763 -14.4436 0.1 16.147
10.3221 2120.63 148.618 -14.4335 0.1 16.147
10.3322 2122.13 148.472 -14.4234 0.1 16.147
10.3423 2123.63 148.326 -14.4132 0.1 16.147
10.3524 2125.13 148.18 -14.4031 0.1 16.147
10.3626 2126.63 148.035 -14.3931 0.1 16.147
10.3727 2128.13 147.889 -14.383 0.1 16.147
10.3828 2129.63 147.743 -14.3729 0.1 16.147
10.393 2131.13 147.597 -14.3629 0.1 16.1469
10.4032 2132.63 147.451 -14.3528 0.1 16.1469
10.4134 2134.13 147.305 -14.3428 0.1 16.1469
10.4235 2135.63 147.159 -14.3327 0.1 16.1469
10.4337 2137.13 147.013 -14.3227 0.1 16.1469
10.4439 2138.63 146.866 -14.3127 0.1 16.1469
10.4542 2140.13 146.72 -14.3027 0.1 16.1469
10.4644 2141.63 146.574 -14.2927 0.1 16.1469
10.4746 2143.13 146.428 -14.2828 0.1 16.1469
10.4849 2144.63 146.281 -14.2728 0.1 16.1469
10.4951 2146.13 146.135 -14.2629 0.1 16.1469
10.5054 2147.63 145.989 -14.2529 0.1 16.1469
10.5157 2149.13 145.842 -14.243 0.1 16.1469
10.526 2150.63 145.696 -14.2331 0.1 16.1469
10.5363 2152.13 145.549 -14.2231 0.1 16.1469
10.5466 2153.63 145.402 -14.2132 0.1 16.1469
10.5569 2155.13 145.256 -14.2034 0.1 16.1469
10.5672 2156.63 145.109 -14.1935 0.1 16.1469
10.5776 2158.13 144.962 -14.1836 0.1 16.1469
10.5876 2159.58 144.82 -14.1743 0.1 16.1517
10.5976 2161.03 144.678 -14.1645 0.1 16.1469
10.6076 2162.48 144.537 -14.1552 0.1 16.1517
10.6177 2163.93 144.394 -14.1455 0.1 16.1469
10.6277 2165.38 144.252 -14.1362 0.1 16.1517
10.6378 2166.83 144.11 -14.1266 0.1 16.1469
10.6479 2168.28 143.968 -14.1173 0.1 16.1518
10.6579 2169.73 143.826 -14.1076 0.1 16.1469
10.668 2171.18 143.684 -14.0984 0.1 16.1518
10.6781 2172.63 143.541 -14.0887 0.1 16.1469
10.6882 2174.08 143.399 -14.0795 0.1 16.1518
10.6983 2175.53 143.257 -14.0698 0.1 16.1469
10.7085 2176.98 143.114 -14.0606 0.1 16.1518
10.7186 2178.43 142.972 -14.051 0.1 16.1469
10.7287 2179.88 142.829 -14.0418 0.1 16.1518
10.7389 2181.33 142.687 -14.0322 0.1 16.1469
10.7491 2182.78 142.544 -14.0231 0.1 16.1518
10.7592 2184.23 142.401 -14.0135 0.1 16.1469
10.7694 2185.68 142.259 -14.0043 0.1 16.1518
10.7796 2187.13 142.116 -13.9948 0.1 16.1469
10.7898 2188.58 141.973 -13.9856 0.1 16.1518
10.8001 2190.03 141.83 -13.9761 0.1 16.1469
10.8103 2191.48 141.687 -13.967 0.1 16.1518
10.8205 2192.93 141.544 -13.9574 0.1 16.1468
10.8308 2194.38 141.401 -13.9483 0.1 16.1518
10.841 2195.83 141.258 -13.9388 0.1 16.1468
10.8513 2197.28 141.115 -13.9298 0.1 16.1518
10.8616 2198.73 140.972 -13.9203 0.1 16.1468
10.8719 2200.18 140.829 -13.9112 0.1 16.1518
10.8822 2201.63 140.686 -13.9018 0.1 16.1468
10.8925 2203.08 140.542 -13.8927 0.1 16.1518
10.9028 2204.53 140.399 -13.8833 0.1 16.1468
10.9131 2205.98 140.255 -13.8742 0.1 16.1518
10.9235 2207.43 140.112 -13.8648 0.1 16.1468
10.9338 2208.88 139.968 -13.8558 0.1 16.1518
10.9439 2210.28 139.83 -13.8469 0.1 16.1518
10.9539 2211.68 139.691 -13.838 0.1 16.1518
10.9639 2213.08 139.552 -13.8292 0.1 16.1518
10.9739 2214.48 139.414 -13.8203 0.1 16.1518
10.984 2215.88 139.275 -13.8114 0.1 16.1518
10.994 2217.28 139.136 -13.8026 0.1 16.1518
11.0041 2218.68 138.997 -13.7938 0.1 16.1518
11.0142 2220.08 138.858 -13.7849 0.1 16.1518
11.0243 2221.48 138.719 -13.7761 0.1 16.1518
11.0344 2222.88 138.58 -13.7673 0.1 16.1518
11.0445 2224.28 138.441 -13.7585 0.1 16.1518
11.0546 2225.68 138.302 -13.7497 0.1 16.1519
11.0647 2227.08 138.163 -13.7409 0.1 16.1519
11.0749 2228.48 138.023 -13.7322 0.1 16.1519
11.085 2229.88 137.884 -13.7234 0.1 16.1519
11.0952 2231.28 137.745 -13.7146 0.1 16.1519
11.1053 2232.68 137.605 -13.7059 0.1 16.1519
11.1155 2234.08 137.466 -13.6971 0.1 16.1519
11.1257 2235.48 137.326 -13.6884 0.1 16.1519
11.1359 2236.88 137.187 -13.6797 0.1 16.1519
11.1461 2238.28 137.047 -13.671 0.1 16.1519
11.1563 2239.68 136.907 -13.6623 0.1 16.1519
11.1666 2241.08 136.768 -13.6536 0.1 16.1519
11.1768 2242.48 136.628 -13.6449 0.1 16.1519
11.1871 2243.88 136.488 -13.6362 0.1 16.1519
11.1973 2245.28 136.348 -13.6275 0.1 16.1519
11.2076 2246.68 136.208 -13.6188 0.1 16.1519
11.2179 2248.08 136.068 -13.6102 0.1 16.1519
11.2282 2249.48 135.928 -13.6015 0.1 16.1519
11.2385 2250.88 135.788 -13.5929 0.1 16.1519
11.2488 2252.28 135.648 -13.5843 0.1 16.1519
11.2591 2253.68 135.508 -13.5756 0.1 16.1519
11.2695 2255.08 135.367 -13.567 0.1 16.1519
11.2798 2256.48 135.227 -13.5584 0.1 16.1519
11.2902 2257.88 135.087 -13.5498 0.1 16.1519
11.3005 2259.28 134.946 -13.5412 0.1 16.1519
11.3105 2260.63 134.811 -13.5328 0.1 16.1467
11.3206 2261.98 134.675 -13.5247 0.1 16.1519
11.3306 2263.33 134.539 -13.5162 0.1 16.1467
11.3406 2264.68 134.404 -13.5082 0.1 16.1519
11.3507 2266.03 134.268 -13.4997 0.1 16.1467
11.3607 2267.38 134.132 -13.4917 0.1 16.1519
11.3708 2268.73 133.997 -13.4833 0.1 16.1467
11.3809 2270.08 133.861 -13.4752 0.1 16.1519
11.391 2271.43 133.725 -13.4668 0.1 16.1467
11.4011 2272.78 133.589 -13.4588 0.1 16.1519
11.4112 2274.13 133.453 -13.4504 0.1 16.1467
11.4213 2275.48 133.317 -13.4424 0.1 16.1519
11.4315 2276.83 133.18 -13.434 0.1 16.1467
11.4416 2278.18 133.044 -13.4261 0.1 16.152
11.4517 2279.53 132.908 -13.4177 0.1 16.1467
11.4619 2280.88 132.772 -13.4097 0.1 16.152
11.4721 2282.23 132.635 -13.4014 0.1 16.1467
11.4823 2283.58 132.499 -13.3934 0.1 16.152
11.4925 2284.93 132.362 -13.3851 0.1 16.1467
11.5027 2286.28 132.226 -13.3772 0.1 16.152
11.5129 2287.63 132.089 -13.3688 0.1 16.1467
11.5231 2288.98 131.953 -13.3609 0.1 16.152
11.5333 2290.33 131.816 -13.3526 0.1 16.1467
11.5436 2291.68 131.679 -13.3447 0.1 16.152
11.5538 2293.03 131.542 -13.3364 0.1 16.1467
11.5641 2294.38 131.405 -13.3285 0.1 16.152
11.5744 2295.73 131.268 -13.3203 0.1 16.1467
11.5847 2297.08 131.131 -13.3124 0.1 16.152
11.595 2298.43 130.994 -13.3041 0.1 16.1466
11.6053 2299.78 130.857 -13.2963 0.1 16.152
11.6156 2301.13 130.72 -13.288 0.1 16.1466
11.626 2302.48 130.583 -13.2802 0.1 16.152
11.6363 2303.83 130.445 -13.272 0.1 16.1466
11.6466 2305.18 130.308 -13.2641 0.1 16.152
11.657 2306.53 130.17 -13.2559 0.1 16.1466
11.6674 2307.88 130.033 -13.2481 0.1 16.152
11.6774 2309.18 129.9 -13.2404 0.1 16.152
11.6874 2310.48 129.768 -13.2327 0.1 16.152
11.6974 2311.78 129.635 -13.225 0.1 16.152
11.7075 2313.08 129.503 -13.2173 0.1 16.152
11.7175 2314.38 129.37 -13.2096 0.1 16.152
11.7276 2315.68 129.237 -13.202 0.1 16.152
11.7376 2316.98 129.104 -13.1943 0.1 16.152
11.7477 2318.28 128.972 -13.1866 0.1 16.152
11.7578 2319.58 128.839 -13.179 0.1 16.152
11.7679 2320.88 128.706 -13.1713 0.1 16.152
11.778 2322.18 128.572 -13.1637 0.1 16.152
11.7881 2323.48 128.439 -13.1561 0.1 16.152
11.7982 2324.78 128.306 -13.1484 0.1 16.152
11.8084 2326.08 128.173 -13.1408 0.1 16.1521
11.8185 2327.38 128.04 -13.1332 0.1 16.1521
11.8287 2328.68 127.906 -13.1256 0.1 16.1521
11.8388 2329.98 127.773 -13.118 0.1 16.1521
11.849 2331.28 127.639 -13.1104 0.1 16.1521
11.8592 2332.58 127.506 -13.1028 0.1 16.1521
11.8694 2333.88 127.372 -13.0953 0.1 16.1521
11.8796 2335.18 127.238 -13.0877 0.1 16.1521
11.8899 2336.48 127.105 -13.0801 0.1 16.1521
11.9001 2337.78 126.971 -13.0726 0.1 16.1521
11.9103 2339.08 126.837 -13.065 0.1 16.1521
11.9206 2340.38 126.703 -13.0575 0.1 16.1521
11.9308 2341.68 126.569 -13.0499 0.1 16.1521
11.9411 2342.98 126.435 -13.0424 0.1 16.1521
11.9514 2344.28 126.301 -13.0349 0.1 16.1521
11.9617 2345.58 126.167 -13.0274 0.1 16.1521
11.972 2346.88 126.032 -13.0199 0.1 16.1521
11.9823 2348.18 125.898 -13.0124 0.1 16.1521
11.9927 2349.48 125.764 -13.0049 0.1 16.1521
12.003 2350.78 125.629 -12.9974 0.1 16.1521
12.0134 2352.08 125.495 -12.9899 0.1 16.1521
12.0237 2353.38 125.36 -12.9824 0.1 16.1521
12.0341 2354.68 125.225 -12.975 0.1 16.1521
12.0445 2355.98 125.091 -12.9675 0.1 16.1521
12.0549 2357.28 124.956 -12.96 0.1 16.1521
12.0649 2358.53 124.826 -12.9527 0.1 16.1465
12.0749 2359.78 124.696 -12.9457 0.1 16.1521
12.085 2361.03 124.567 -12.9384 0.1 16.1465
12.095 2362.28 124.437 -12.9314 0.1 16.1521
12.105 2363.53 124.307 -12.9241 0.1 16.1465
12.1151 2364.78 124.177 -12.9172 0.1 16.1521
12.1252 2366.03 124.047 -12.9099 0.1 16.1465
12.1353 2367.28 123.917 -12.9029 0.1 16.1521
12.1454 2368.53 123.786 -12.8956 0.1 16.1465
12.1555 2369.78 123.656 -12.8887 0.1 16.1522
12.1656 2371.03 123.526 -12.8814 0.1 16.1465
12.1757 2372.28 123.395 -12.8745 0.1 16.1522
12.1858 2373.53 123.265 -12.8673 0.1 16.1465
12.196 2374.78 123.135 -12.8603 0.1 16.1522
12.2061 2376.03 123.004 -12.8531 0.1 16.1465
12.2163 2377.28 122.873 -12.8462 0.1 16.1522
12.2265 2378.53 122.743 -12.839 0.1 16.1465
12.2367 2379.78 122.612 -12.8321 0.1 16.1522
12.2469 2381.03 122.481 -12.8249 0.1 16.1465
12.2571 2382.28 122.35 -12.818 0.1 16.1522
12.2673 2383.53 122.219 -12.8108 0.1 16.1465
12.2775 2384.78 122.088 -12.8039 0.1 16.1522
12.2878 2386.03 121.957 -12.7967 0.1 16.1465
12.298 2387.28 121.826 -12.7899 0.1 16.1522
12.3083 2388.53 121.694 -12.7827 0.1 16.1464
12.3186 2389.78 121.563 -12.7758 0.1 16.1522
12.3289 2391.03 121.432 -12.7687 0.1 16.1464
12.3392 2392.28 121.3 -12.7618 0.1 16.1522
12.3495 2393.53 121.169 -12.7547 0.1 16.1464
12.3598 2394.78 121.037 -12.7479 0.1 16.1522
12.3701 2396.03 120.905 -12.7407 0.1 16.1464
12.3805 2397.28 120.774 -12.7339 0.1 16.1522
12.3908 2398.53 120.642 -12.7268 0.1 16.1464
12.4012 2399.78 120.51 -12.72 0.1 16.1522
12.4116 2401.03 120.378 -12.7129 0.1 16.1464
12.422 2402.28 120.246 -12.7061 0.1 16.1522
12.4324 2403.53 120.114 -12.699 0.1 16.1464
12.4428 2404.78 119.981 -12.6922 0.1 16.1522
12.4528 2405.98 119.854 -12.6856 0.1 16.1522
12.4628 2407.18 119.727 -12.6789 0.1 16.1522
12.4728 2408.38 119.6 -12.6723 0.1 16.1522
12.4829 2409.58 119.473 -12.6656 0.1 16.1522
12.4929 2410.78 119.346 -12.659 0.1 16.1523
12.503 2411.98 119.219 -12.6524 0.1 16.1523
12.5131 2413.18 119.091 -12.6458 0.1 16.1523
12.5231 2414.38 118.964 -12.6391 0.1 16.1523
12.5332 2415.58 118.836 -12.6325 0.1 16.1523
12.5433 2416.78 118.709 -12.6259 0.1 16.1523
12.5535 2417.98 118.581 -12.6193 0.1 16.1523
12.5636 2419.18 118.453 -12.6127 0.1 16.1523
12.5737 2420.38 118.325 -12.6062 0.1 16.1523
12.5839 2421.58 118.197 -12.5996 0.1 16.1523
12.594 2422.78 118.07 -12.593 0.1 16.1523
12.6042 2423.98 117.942 -12.5864 0.1 16.1523
12.6144 2425.18 117.813 -12.5799 0.1 16.1523
12.6246 2426.38 117.685 -12.5733 0.1 16.1523
12.6348 2427.58 117.557 -12.5667 0.1 16.1523
12.645 2428.78 117.429 -12.5602 0.1 16.1523
12.6552 2429.98 117.3 -12.5537 0.1 16.1523
12.6654 2431.18 117.172 -12.5471 0.1 16.1523
12.6757 2432.38 117.043 -12.5406 0.1 16.1523
12.6859 2433.58 116.915 -12.5341 0.1 16.1523
12.6962 2434.78 116.786 -12.5275 0.1 16.1523
12.7065 2435.98 116.657 -12.521 0.1 16.1523
12.7168 2437.18 116.528 -12.5145 0.1 16.1523
12.7271 2438.38 116.399 -12.508 0.1 16.1523
12.7374 2439.58 116.27 -12.5015 0.1 16.1523
12.7477 2440.78 116.141 -12.495 0.1 16.1523
12.7581 2441.98 116.012 -12.4885 0.1 16.1523
12.7684 2443.18 115.883 -12.482 0.1 16.1523
12.7788 2444.38 115.754 -12.4756 0.1 16.1523
12.7892 2445.58 115.624 -12.4691 0.1 16.1523
12.7995 2446.78 115.495 -12.4626 0.1 16.1524
12.8099 2447.98 115.365 -12.4561 0.1 16.1524
12.8203 2449.18 115.236 -12.4497 0.1 16.1524
12.8308 2450.38 115.106 -12.4432 0.1 16.1524
12.8412 2451.58 114.976 -12.4368 0.1 16.1524
12.8512 2452.73 114.852 -12.4305 0.1 16.1463
12.8612 2453.88 114.727 -12.4245 0.1 16.1524
12.8712 2455.03 114.603 -12.4181 0.1 16.1463
12.8813 2456.18 114.478 -12.4121 0.1 16.1524
12.8913 2457.33 114.353 -12.4058 0.1 16.1463
12.9014 2458.48 114.229 -12.3998 0.1 16.1524
12.9115 2459.63 114.104 -12.3935 0.1 16.1463
12.9216 2460.78 113.979 -12.3875 0.1 16.1524
12.9317 2461.93 113.854 -12.3813 0.1 16.1462
12.9418 2463.08 113.729 -12.3753 0.1 16.1524
12.9519 2464.23 113.604 -12.369 0.1 16.1462
12.962 2465.38 113.478 -12.363 0.1 16.1524
12.9721 2466.53 113.353 -12.3568 0.1 16.1462
12.9823 2467.68 113.228 -12.3508 0.1 16.1524
12.9925 2468.83 113.102 -12.3446 0.1 16.1462
13.0026 2469.98 112.977 -12.3386 0.1 16.1524
13.0128 2471.13 112.851 -12.3324 0.1 16.1462
13.023 2472.28 112.725 -12.3264 0.1 16.1524
13.0332 2473.43 112.599 -12.3202 0.1 16.1462
13.0434 2474.58 112.474 -12.3143 0.1 16.1524
13.0537 2475.73 112.348 -12.308 0.1 16.1462
13.0639 2476.88 112.222 -12.3021 0.1 16.1524
13.0742 2478.03 112.095 -12.2959 0.1 16.1462
13.0844 2479.18 111.969 -12.29 0.1 16.1524
13.0947 2480.33 111.843 -12.2838 0.1 16.1462
13.105 2481.48 111.717 -12.2779 0.1 16.1525
13.1153 2482.63 111.59 -12.2717 0.1 16.1462
13.1256 2483.78 111.464 -12.2658 0.1 16.1525
13.1359 2484.93 111.337 -12.2596 0.1 16.1462
13.1463 2486.08 111.21 -12.2537 0.1 16.1525
13.1566 2487.23 111.084 -12.2476 0.1 16.1462
13.167 2488.38 110.957 -12.2417 0.1 16.1525
13.1773 2489.53 110.83 -12.2355 0.1 16.1462
13.1877 2490.68 110.703 -12.2297 0.1 16.1525
13.1981 2491.83 110.576 -12.2235 0.1 16.1462
13.2085 2492.98 110.449 -12.2176 0.1 16.1525
13.2189 2494.13 110.321 -12.2115 0.1 16.1461
13.2294 2495.28 110.194 -12.2056 0.1 16.1525
13.2398 2496.43 110.067 -12.1995 0.1 16.1461
13.2503 2497.58 109.939 -12.1937 0.1 16.1525
13.2603 2498.68 109.817 -12.188 0.1 16.1525
13.2703 2499.78 109.695 -12.1822 0.1 16.1525
13.2803 2500.88 109.573 -12.1765 0.1 16.1525
13.2904 2501.98 109.451 -12.1708 0.1 16.1525
13.3004 2503.08 109.328 -12.1651 0.1 16.1525
13.3105 2504.18 109.206 -12.1594 0.1 16.1525
13.3206 2505.28 109.083 -12.1537 0.1 16.1525
13.3307 2506.38 108.961 -12.148 0.1 16.1525
13.3408 2507.48 108.838 -12.1424 0.1 16.1525
13.3509 2508.58 108.715 -12.1367 0.1 16.1525
13.361 2509.68 108.592 -12.131 0.1 16.1525
13.3712 2510.78 108.469 -12.1253 0.1 16.1525
13.3813 2511.88 108.346 -12.1197 0.1 16.1526
13.3915 2512.98 108.223 -12.114 0.1 16.1526
13.4016 2514.08 108.1 -12.1083 0.1 16.1526
13.4118 2515.18 107.977 -12.1027 0.1 16.1526
13.422 2516.28 107.854 -12.097 0.1 16.1526
13.4322 2517.38 107.73 -12.0914 0.1 16.1526
13.4424 2518.48 107.607 -12.0858 0.1 16.1526
13.4527 2519.58 107.483 -12.0801 0.1 16.1526
13.4629 2520.68 107.359 -12.0745 0.1 16.1526
13.4731 2521.78 107.236 -12.0689 0.1 16.1526
13.4834 2522.88 107.112 -12.0632 0.1 16.1526
13.4937 2523.98 106.988 -12.0576 0.1 16.1526
13.504 2525.08 106.864 -12.052 0.1 16.1526
13.5143 2526.18 106.74 -12.0464 0.1 16.1526
13.5246 2527.28 106.615 -12.0408 0.1 16.1526
13.5349 2528.38 106.491 -12.0352 0.1 16.1526
13.5452 2529.48 106.367 -12.0296 0.1 16.1526
13.5556 2530.58 106.242 -12.024 0.1 16.1526
13.566 2531.68 106.118 -12.0184 0.1 16.1526
13.5763 2532.78 105.993 -12.0128 0.1 16.1526
13.5867 2533.88 105.869 -12.0072 0.1 16.1526
13.5971 2534.98 105.744 -12.0016 0.1 16.1526
13.6075 2536.08 105.619 -11.9961 0.1 16.1526
13.6179 2537.18 105.494 -11.9905 0.1 16.1526
13.6284 2538.28 105.369 -11.9849 0.1 16.1526
13.6388 2539.38 105.244 -11.9794 0.1 16.1526
13.6493 2540.48 105.118 -11.9738 0.1 16.1526
13.6597 2541.58 104.993 -11.9683 0.1 16.1527
13.6698 2542.63 104.873 -11.9628 0.1 16.146
13.6798 2543.68 104.753 -11.9577 0.1 16.1527
13.6898 2544.73 104.634 -11.9523 0.1 16.146
13.6998 2545.78 104.514 -11.9471 0.1 16.1527
13.7099 2546.83 104.393 -11.9417 0.1 16.146
13.72 2547.88 104.273 -11.9366 0.1 16.1527
13.73 2548.93 104.153 -11.9311 0.1 16.146
13.7401 2549.98 104.033 -11.926 0.1 16.1527
13.7502 2551.03 103.912 -11.9206 0.1 16.146
13.7603 2552.08 103.792 -11.9155 0.1 16.1527
13.7705 2553.13 103.671 -11.9101 0.1 16.1459
13.7806 2554.18 103.551 -11.905 0.1 16.1527
13.7907 2555.23 103.43 -11.8996 0.1 16.1459
13.8009 2556.28 103.309 -11.8945 0.1 16.1527
13.8111 2557.33 103.188 -11.8891 0.1 16.1459
13.8212 2558.38 103.067 -11.884 0.1 16.1527
13.8314 2559.43 102.946 -11.8786 0.1 16.1459
13.8416 2560.48 102.825 -11.8735 0.1 16.1527
13.8519 2561.53 102.703 -11.8682 0.1 16.1459
13.8621 2562.58 102.582 -11.8631 0.1 16.1527
13.8723 2563.63 102.461 -11.8577 0.1 16.1459
13.8826 2564.68 102.339 -11.8527 0.1 16.1527
13.8929 2565.73 102.217 -11.8473 0.1 16.1459
13.9031 2566.78 102.096 -11.8422 0.1 16.1527
13.9134 2567.83 101.974 -11.8369 0.1 16.1459
13.9237 2568.88 101.852 -11.8318 0.1 16.1528
13.934 2569.93 101.73 -11.8265 0.1 16.1459
13.9444 2570.98 101.608 -11.8214 0.1 16.1528
13.9547 2572.03 101.485 -11.8161 0.1 16.1459
13.9651 2573.08 101.363 -11.8111 0.1 16.1528
13.9754 2574.13 101.241 -11.8058 0.1 16.1459
13.9858 2575.18 101.118 -11.8007 0.1 16.1528
13.9962 2576.23 100.996 -11.7954 0.1 16.1459
14.0066 2577.28 100.873 -11.7904 0.1 16.1528
14.017 2578.33 100.75 -11.7851 0.1 16.1458
14.0274 2579.38 100.627 -11.78 0.1 16.1528
14.0379 2580.43 100.504 -11.7748 0.1 16.1458
14.0483 2581.48 100.381 -11.7697 0.1 16.1528
14.0588 2582.53 100.258 -11.7644 0.1 16.1458
14.0693 2583.58 100.135 -11.7594 0.1 16.1528
14.0798 2584.63 100.012 -11.7542 0.1 16.1458
14.0898 2585.63 99.894 -11.7493 0.1 16.1458
14.0998 2586.63 99.7763 -11.7444 0.1 16.1458
14.1098 2587.63 99.6586 -11.7395 0.1 16.1458
14.1199 2588.63 99.5407 -11.7346 0.1 16.1458
14.1299 2589.63 99.4228 -11.7297 0.1 16.1458
14.14 2590.63 99.3047 -11.7248 0.1 16.1458
14.1501 2591.63 99.1866 -11.72 0.1 16.1458
14.1602 2592.63 99.0684 -11.7151 0.1 16.1458
14.1703 2593.63 98.9501 -11.7102 0.1 16.1458
14.1804 2594.63 98.8317 -11.7054 0.1 16.1458
14.1905 2595.63 98.7132 -11.7005 0.1 16.1458
14.2006 2596.63 98.5947 -11.6956 0.1 16.1458
14.2108 2597.63 98.476 -11.6908 0.1 16.1458
14.2209 2598.63 98.3572 -11.6859 0.1 16.1458
14.2311 2599.63 98.2384 -11.6811 0.1 16.1458
14.2413 2600.63 98.1194 -11.6762 0.1 16.1458
14.2515 2601.63 98.0003 -11.6714 0.1 16.1457
14.2617 2602.63 97.8812 -11.6666 0.1 16.1457
14.2719 2603.63 97.762 -11.6617 0.1 16.1457
14.2822 2604.63 97.6426 -11.6569 0.1 16.1457
14.2924 2605.63 97.5232 -11.6521 0.1 16.1457
14.3027 2606.63 97.4037 -11.6473 0.1 16.1457
14.3129 2607.63 97.284 -11.6424 0.1 16.1457
14.3232 2608.63 97.1643 -11.6376 0.1 16.1457
14.3335 2609.63 97.0445 -11.6328 0.1 16.1457
14.3438 2610.63 96.9245 -11.628 0.1 16.1457
14.3542 2611.63 96.8045 -11.6232 0.1 16.1457
14.3645 2612.63 96.6844 -11.6184 0.1 16.1457
14.3749 2613.63 96.5642 -11.6136 0.1 16.1457
14.3852 2614.63 96.4439 -11.6088 0.1 16.1457
14.3956 2615.63 96.3234 -11.604 0.1 16.1457
14.406 2616.63 96.2029 -11.5992 0.1 16.1457
14.4164 2617.63 96.0823 -11.5944 0.1 16.1457
14.4268 2618.63 95.9616 -11.5896 0.1 16.1457
14.4372 2619.63 95.8407 -11.5848 0.1 16.1457
14.4477 2620.63 95.7198 -11.5801 0.1 16.1457
14.4581 2621.63 95.5988 -11.5753 0.1 16.1457
14.4686 2622.63 95.4776 -11.5705 0.1 16.1457
14.4791 2623.63 95.3564 -11.5658 0.1 16.1457
14.4896 2624.63 95.2351 -11.561 0.1 16.1456
14.5001 2625.63 95.1136 -11.5562 0.1 16.1456
14.5106 2626.63 94.992 -11.5515 0.1 16.1456
14.5206 2627.58 94.8765 -11.5471 0.1 16.153
14.5306 2628.53 94.7608 -11.5424 0.1 16.1456
14.5406 2629.48 94.645 -11.5381 0.1 16.153
14.5507 2630.43 94.5292 -11.5334 0.1 16.1456
14.5607 2631.38 94.4132 -11.5291 0.1 16.153
14.5708 2632.33 94.2972 -11.5244 0.1 16.1456
14.5809 2633.28 94.181 -11.5201 0.1 16.153
14.591 2634.23 94.0647 -11.5154 0.1 16.1456
14.6011 2635.18 93.9484 -11.5111 0.1 16.153
14.6112 2636.13 93.8319 -11.5064 0.1 16.1456
14.6213 2637.08 93.7154 -11.5021 0.1 16.1531
14.6315 2638.03 93.5987 -11.4975 0.1 16.1456
14.6416 2638.98 93.482 -11.4931 0.1 16.1531
14.6518 2639.93 93.3651 -11.4885 0.1 16.1456
14.662 2640.88 93.2482 -11.4842 0.1 16.1531
14.6722 2641.83 93.1311 -11.4796 0.1 16.1456
14.6824 2642.78 93.014 -11.4752 0.1 16.1531
14.6926 2643.73 92.8967 -11.4706 0.1 16.1456
14.7029 2644.68 92.7794 -11.4663 0.1 16.1531
14.7131 2645.63 92.6619 -11.4617 0.1 16.1455
14.7234 2646.58 92.5443 -11.4574 0.1 16.1531
14.7336 2647.53 92.4267 -11.4528 0.1 16.1455
14.7439 2648.48 92.3089 -11.4485 0.1 16.1531
14.7542 2649.43 92.191 -11.4439 0.1 16.1455
14.7645 2650.38 92.073 -11.4396 0.1 16.1531
14.7748 2651.33 91.955 -11.435 0.1 16.1455
14.7852 2652.28 91.8368 -11.4307 0.1 16.1531
14.7955 2653.23 91.7185 -11.4261 0.1 16.1455
14.8059 2654.18 91.6001 -11.4218 0.1 16.1531
14.8163 2655.13 91.4815 -11.4173 0.1 16.1455
14.8267 2656.08 91.3629 -11.413 0.1 16.1532
14.8371 2657.03 91.2442 -11.4084 0.1 16.1455
14.8475 2657.98 91.1254 -11.4041 0.1 16.1532
14.8579 2658.93 91.0064 -11.3996 0.1 16.1455
14.8684 2659.88 90.8874 -11.3953 0.1 16.1532
14.8788 2660.83 90.7682 -11.3908 0.1 16.1455
14.8893 2661.78 90.6489 -11.3865 0.1 16.1532
14.8998 2662.73 90.5295 -11.3819 0.1 16.1455
14.9103 2663.68 90.41 -11.3777 0.1 16.1532
14.9208 2664.63 90.2904 -11.3731 0.1 16.1454
14.9313 2665.58 90.1707 -11.3689 0.1 16.1532
14.9419 2666.53 90.0509 -11.3643 0.1 16.1454
14.9519 2667.43 89.9372 -11.3602 0.1 16.1454
14.9619 2668.33 89.8235 -11.356 0.1 16.1454
14.9719 2669.23 89.7096 -11.3519 0.1 16.1454
14.982 2670.13 89.5957 -11.3477 0.1 16.1454
14.992 2671.03 89.4817 -11.3436 0.1 16.1454
15.0021 2671.93 89.3675 -11.3394 0.1 16.1454
15.0122 2672.83 89.2533 -11.3353 0.1 16.1454
15.0222 2673.73 89.1389 -11.3311 0.1 16.1454
15.0324 2674.63 89.0244 -11.327 0.1 16.1454
15.0425 2675.53 88.9099 -11.3228 0.1 16.1454
15.0526 2676.43 88.7952 -11.3187 0.1 16.1454
15.0627 2677.33 88.6804 -11.3146 0.1 16.1454
15.0729 2678.23 88.5655 -11.3104 0.1 16.1454
15.0831 2679.13 88.4505 -11.3063 0.1 16.1454
15.0932 2680.03 88.3354 -11.3022 0.1 16.1454
15.1034 2680.93 88.2202 -11.2981 0.1 16.1454
15.1137 2681.83 88.1049 -11.2939 0.1 16.1453
15.1239 2682.73 87.9895 -11.2898 0.1 16.1453
15.1341 2683.63 87.874 -11.2857 0.1 16.1453
15.1444 2684.53 87.7583 -11.2816 0.1 16.1453
15.1546 2685.43 87.6425 -11.2775 0.1 16.1453
15.1649 2686.33 87.5267 -11.2734 0.1 16.1453
15.1752 2687.23 87.4107 -11.2693 0.1 16.1453
15.1855 2688.13 87.2946 -11.2652 0.1 16.1453
15.1958 2689.03 87.1784 -11.2611 0.1 16.1453
15.2061 2689.93 87.0621 -11.257 0.1 16.1453
15.2165 2690.83 86.9457 -11.2529 0.1 16.1453
15.2268 2691.73 86.8291 -11.2488 0.1 16.1453
15.2372 2692.63 86.7125 -11.2447 0.1 16.1453
15.2476 2693.53 86.5957 -11.2406 0.1 16.1453
15.258 2694.43 86.4788 -11.2365 0.1 16.1453
15.2684 2695.33 86.3618 -11.2324 0.1 16.1453
15.2788 2696.23 86.2447 -11.2284 0.1 16.1453
15.2893 2697.13 86.1274 -11.2243 0.1 16.1453
15.2997 2698.03 86.0101 -11.2202 0.1 16.1453
15.3102 2698.93 85.8926 -11.2161 0.1 16.1452
15.3207 2699.83 85.775 -11.2121 0.1 16.1452
15.3312 2700.73 85.6573 -11.208 0.1 16.1452
15.3417 2701.63 85.5395 -11.2039 0.1 16.1452
15.3522 2702.53 85.4216 -11.1999 0.1 16.1452
15.3628 2703.43 85.3035 -11.1958 0.1 16.1452
15.3733 2704.33 85.1853 -11.1918 0.1 16.1452
15.3839 2705.23 85.067 -11.1877 0.1 16.1452
15.3945 2706.13 84.9486 -11.1837 0.1 16.1452
15.4045 2706.98 84.8366 -11.18 0.1 16.1534
15.4145 2707.83 84.7245 -11.176 0.1 16.1452
15.4246 2708.68 84.6124 -11.1723 0.1 16.1535
15.4346 2709.53 84.5001 -11.1684 0.1 16.1452
15.4447 2710.38 84.3877 -11.1647 0.1 16.1535
15.4548 2711.23 84.2751 -11.1608 0.1 16.1452
15.4649 2712.08 84.1625 -11.1571 0.1 16.1535
15.475 2712.93 84.0498 -11.1531 0.1 16.1452
15.4851 2713.78 83.9369 -11.1494 0.1 16.1535
15.4952 2714.63 83.824 -11.1455 0.1 16.1451
15.5054 2715.48 83.7109 -11.1418 0.1 16.1535
15.5155 2716.33 83.5977 -11.1379 0.1 16.1451
15.5257 2717.18 83.4844 -11.1342 0.1 16.1535
15.5359 2718.03 83.3709 -11.1303 0.1 16.1451
15.5461 2718.88 83.2574 -11.1267 0.1 16.1535
15.5563 2719.73 83.1437 -11.1228 0.1 16.1451
15.5666 2720.58 83.03 -11.1191 0.1 16.1535
15.5768 2721.43 82.9161 -11.1152 0.1 16.1451
15.5871 2722.28 82.8021 -11.1115 0.1 16.1535
15.5973 2723.13 82.688 -11.1076 0.1 16.1451
15.6076 2723.98 82.5737 -11.104 0.1 16.1536
15.6179 2724.83 82.4593 -11.1001 0.1 16.1451
15.6282 2725.68 82.3449 -11.0964 0.1 16.1536
15.6386 2726.53 82.2302 -11.0925 0.1 16.1451
15.6489 2727.38 82.1155 -11.0889 0.1 16.1536
15.6593 2728.23 82.0007 -11.085 0.1 16.1451
15.6697 2729.08 81.8857 -11.0813 0.1 16.1536
15.68 2729.93 81.7706 -11.0775 0.1 16.145
15.6904 2730.78 81.6554 -11.0738 0.1 16.1536
15.7009 2731.63 81.5401 -11.0699 0.1 16.145
15.7113 2732.48 81.4246 -11.0663 0.1 16.1536
15.7217 2733.33 81.309 -11.0624 0.1 16.145
15.7322 2734.18 81.1933 -11.0588 0.1 16.1536
15.7427 2735.03 81.0775 -11.0549 0.1 16.145
15.7532 2735.88 80.9615 -11.0513 0.1 16.1536
15.7637 2736.73 80.8454 -11.0474 0.1 16.145
15.7742 2737.58 80.7292 -11.0438 0.1 16.1537
15.7847 2738.43 80.6128 -11.04 0.1 16.145
15.7953 2739.28 80.4964 -11.0363 0.1 16.1537
15.8059 2740.13 80.3797 -11.0325 0.1 16.145
15.8164 2740.98 80.263 -11.0288 0.1 16.1537
15.827 2741.83 80.1461 -11.025 0.1 16.145
15.8376 2742.68 80.0292 -11.0214 0.1 16.1537
15.8477 2743.48 79.9189 -11.0179 0.1 16.1537
15.8577 2744.28 79.8086 -11.0144 0.1 16.1537
15.8677 2745.08 79.6981 -11.0109 0.1 16.1537
15.8777 2745.88 79.5875 -11.0074 0.1 16.1537
15.8878 2746.68 79.4768 -11.0039 0.1 16.1537
15.8979 2747.48 79.366 -11.0004 0.1 16.1537
15.908 2748.28 79.255 -10.9969 0.1 16.1537
15.9181 2749.08 79.144 -10.9934 0.1 16.1537
15.9282 2749.88 79.0328 -10.9899 0.1 16.1537
15.9383 2750.68 78.9215 -10.9864 0.1 16.1538
15.9485 2751.48 78.81 -10.9829 0.1 16.1538
15.9586 2752.28 78.6985 -10.9794 0.1 16.1538
15.9688 2753.08 78.5868 -10.9759 0.1 16.1538
15.979 2753.88 78.475 -10.9724 0.1 16.1538
15.9892 2754.68 78.3631 -10.969 0.1 16.1538
15.9994 2755.48 78.251 -10.9655 0.1 16.1538
16.0096 2756.28 78.1389 -10.962 0.1 16.1538
16.0199 2757.08 78.0266 -10.9585 0.1 16.1538
16.0301 2757.88 77.9142 -10.9551 0.1 16.1538
16.0404 2758.68 77.8016 -10.9516 0.1 16.1538
16.0507 2759.48 77.6889 -10.9481 0.1 16.1538
16.061 2760.28 77.5761 -10.9446 0.1 16.1538
16.0713 2761.08 77.4632 -10.9412 0.1 16.1538
16.0817 2761.88 77.3501 -10.9377 0.1 16.1538
16.092 2762.68 77.2369 -10.9343 0.1 16.1539
16.1024 2763.48 77.1236 -10.9308 0.1 16.1539
16.1128 2764.28 77.0102 -10.9273 0.1 16.1539
16.1232 2765.08 76.8966 -10.9239 0.1 16.1539
16.1336 2765.88 76.7828 -10.9204 0.1 16.1539
16.144 2766.68 76.669 -10.917 0.1 16.1539
16.1544 2767.48 76.555 -10.9135 0.1 16.1539
16.1649 2768.28 76.4409 -10.9101 0.1 16.1539
16.1754 2769.08 76.3266 -10.9066 0.1 16.1539
16.1859 2769.88 76.2123 -10.9032 0.1 16.1539
16.1964 2770.68 76.0977 -10.8997 0.1 16.1539
16.2069 2771.48 75.9831 -10.8963 0.1 16.1539
16.2174 2772.28 75.8683 -10.8929 0.1 16.1539
16.228 2773.08 75.7533 -10.8894 0.1 16.1539
16.2385 2773.88 75.6383 -10.886 0.1 16.1539
16.2491 2774.68 75.5231 -10.8826 0.1 16.154
16.2597 2775.48 75.4077 -10.8791 0.1 16.154
16.2703 2776.28 75.2922 -10.8757 0.1 16.154
16.281 2777.08 75.1766 -10.8723 0.1 16.154
16.2916 2777.88 75.0608 -10.8689 0.1 16.154
16.3023 2778.68 74.9449 -10.8654 0.1 16.154
16.3123 2779.43 74.8361 -10.8621 0.1 16.1446
16.3223 2780.18 74.7272 -10.859 0.1 16.154
16.3324 2780.93 74.6181 -10.8557 0.1 16.1446
16.3424 2781.68 74.5089 -10.8526 0.1 16.154
16.3525 2782.43 74.3996 -10.8493 0.1 16.1446
16.3626 2783.18 74.2902 -10.8462 0.1 16.154
16.3727 2783.93 74.1806 -10.8429 0.1 16.1446
16.3828 2784.68 74.0709 -10.8398 0.1 16.154
16.393 2785.43 73.9611 -10.8365 0.1 16.1446
16.4031 2786.18 73.8511 -10.8334 0.1 16.1541
16.4133 2786.93 73.7411 -10.8301 0.1 16.1446
16.4235 2787.68 73.6308 -10.827 0.1 16.1541
16.4337 2788.43 73.5205 -10.8238 0.1 16.1446
16.4439 2789.18 73.41 -10.8207 0.1 16.1541
16.4541 2789.93 73.2994 -10.8174 0.1 16.1445
16.4643 2790.68 73.1886 -10.8143 0.1 16.1541
16.4746 2791.43 73.0777 -10.811 0.1 16.1445
16.4849 2792.18 72.9667 -10.8079 0.1 16.1541
16.4951 2792.93 72.8555 -10.8047 0.1 16.1445
16.5054 2793.68 72.7442 -10.8016 0.1 16.1541
16.5158 2794.43 72.6328 -10.7983 0.1 16.1445
16.5261 2795.18 72.5212 -10.7952 0.1 16.1541
16.5364 2795.93 72.4095 -10.792 0.1 16.1445
16.5468 2796.68 72.2976 -10.7889 0.1 16.1542
16.5572 2797.43 72.1857 -10.7856 0.1 16.1445
16.5676 2798.18 72.0735 -10.7826 0.1 16.1542
16.578 2798.93 71.9612 -10.7793 0.1 16.1445
16.5884 2799.68 71.8488 -10.7762 0.1 16.1542
16.5989 2800.43 71.7362 -10.773 0.1 16.1444
16.6094 2801.18 71.6235 -10.7699 0.1 16.1542
16.6198 2801.93 71.5107 -10.7667 0.1 16.1444
16.6303 2802.68 71.3977 -10.7636 0.1 16.1542
16.6408 2803.43 71.2845 -10.7604 0.1 16.1444
16.6514 2804.18 71.1713 -10.7573 0.1 16.1542
16.6619 2804.93 71.0578 -10.7541 0.1 16.1444
16.6725 2805.68 70.9442 -10.751 0.1 16.1543
16.6831 2806.43 70.8305 -10.7478 0.1 16.1444
16.6937 2807.18 70.7166 -10.7447 0.1 16.1543
16.7043 2807.93 70.6026 -10.7415 0.1 16.1444
16.7149 2808.68 70.4884 -10.7384 0.1 16.1543
16.7256 2809.43 70.374 -10.7352 0.1 16.1443
16.7362 2810.18 70.2596 -10.7321 0.1 16.1543
16.7469 2810.93 70.1449 -10.7289 0.1 16.1443
16.7576 2811.68 70.0301 -10.7259 0.1 16.1543
16.7676 2812.38 69.9228 -10.7229 0.1 16.1543
16.7776 2813.08 69.8154 -10.72 0.1 16.1543
16.7877 2813.78 69.7079 -10.7171 0.1 16.1543
16.7977 2814.48 69.6002 -10.7142 0.1 16.1543
16.8078 2815.18 69.4923 -10.7112 0.1 16.1544
16.8179 2815.88 69.3844 -10.7083 0.1 16.1544
16.828 2816.58 69.2763 -10.7054 0.1 16.1544
16.8381 2817.28 69.168 -10.7025 0.1 16.1544
16.8482 2817.98 69.0596 -10.6996 0.1 16.1544
16.8583 2818.68 68.9511 -10.6967 0.1 16.1544
16.8685 2819.38 68.8424 -10.6938 0.1 16.1544
16.8787 2820.08 68.7336 -10.6908 0.1 16.1544
16.8889 2820.78 68.6247 -10.6879 0.1 16.1544
16.8991 2821.48 68.5156 -10.685 0.1 16.1544
16.9093 2822.18 68.4063 -10.6821 0.1 16.1544
16.9196 2822.88 68.2969 -10.6792 0.1 16.1544
16.9298 2823.58 68.1874 -10.6763 0.1 16.1545
16.9401 2824.28 68.0777 -10.6734 0.1 16.1545
16.9504 2824.98 67.9679 -10.6705 0.1 16.1545
16.9607 2825.68 67.8579 -10.6676 0.1 16.1545
16.971 2826.38 67.7478 -10.6647 0.1 16.1545
16.9814 2827.08 67.6375 -10.6618 0.1 16.1545
16.9917 2827.78 67.5271 -10.6589 0.1 16.1545
17.0021 2828.48 67.4165 -10.656 0.1 16.1545
17.0125 2829.18 67.3058 -10.6531 0.1 16.1545
17.0229 2829.88 67.1949 -10.6503 0.1 16.1545
17.0333 2830.58 67.0839 -10.6474 0.1 16.1545
17.0438 2831.28 66.9727 -10.6445 0.1 16.1545
17.0542 2831.98 66.8614 -10.6416 0.1 16.1546
17.0647 2832.68 66.7499 -10.6387 0.1 16.1546
17.0752 2833.38 66.6382 -10.6358 0.1 16.1546
17.0857 2834.08 66.5264 -10.6329 0.1 16.1546
17.0962 2834.78 66.4145 -10.6301 0.1 16.1546
17.1068 2835.48 66.3023 -10.6272 0.1 16.1546
17.1174 2836.18 66.19 -10.6243 0.1 16.1546
17.1279 2836.88 66.0776 -10.6214 0.1 16.1546
17.1385 2837.58 65.965 -10.6186 0.1 16.1546
17.1492 2838.28 65.8522 -10.6157 0.1 16.1546
17.1598 2838.98 65.7393 -10.6128 0.1 16.1546
17.1705 2839.68 65.6262 -10.6099 0.1 16.1547
17.1811 2840.38 65.5129 -10.6071 0.1 16.1547
17.1918 2841.08 65.3995 -10.6042 0.1 16.1547
17.2025 2841.78 65.2859 -10.6013 0.1 16.1547
17.2133 2842.48 65.1722 -10.5985 0.1 16.1547
17.224 2843.18 65.0583 -10.5956 0.1 16.1547
17.2348 2843.88 64.9442 -10.5927 0.1 16.1547
17.2448 2844.53 64.8381 -10.59 0.1 16.1439
17.2549 2845.18 64.7318 -10.5874 0.1 16.1547
17.2649 2845.83 64.6254 -10.5847 0.1 16.1439
17.275 2846.48 64.5189 -10.5821 0.1 16.1547
17.2851 2847.13 64.4122 -10.5794 0.1 16.1439
17.2952 2847.78 64.3053 -10.5768 0.1 16.1548
17.3053 2848.43 64.1984 -10.5741 0.1 16.1439
17.3154 2849.08 64.0912 -10.5715 0.1 16.1548
17.3256 2849.73 63.9839 -10.5688 0.1 16.1439
17.3357 2850.38 63.8765 -10.5662 0.1 16.1548
17.3459 2851.03 63.7689 -10.5635 0.1 16.1438
17.3561 2851.68 63.6611 -10.5609 0.1 16.1548
17.3663 2852.33 63.5532 -10.5582 0.1 16.1438
17.3766 2852.98 63.4451 -10.5557 0.1 16.1548
17.3868 2853.63 63.3369 -10.5529 0.1 16.1438
17.3971 2854.28 63.2285 -10.5504 0.1 16.1549
17.4074 2854.93 63.12 -10.5477 0.1 16.1438
17.4177 2855.58 63.0113 -10.5451 0.1 16.1549
17.428 2856.23 62.9024 -10.5424 0.1 16.1438
17.4384 2856.88 62.7934 -10.5398 0.1 16.1549
17.4487 2857.53 62.6842 -10.5371 0.1 16.1437
17.4591 2858.18 62.5748 -10.5346 0.1 16.1549
17.4695 2858.83 62.4653 -10.5319 0.1 16.1437
17.4799 2859.48 62.3556 -10.5293 0.1 16.1549
17.4903 2860.13 62.2458 -10.5266 0.1 16.1437
17.5008 2860.78 62.1358 -10.5241 0.1 16.155
17.5113 2861.43 62.0256 -10.5214 0.1 16.1437
17.5218 2862.08 61.9152 -10.5188 0.1 16.155
17.5323 2862.73 61.8047 -10.5161 0.1 16.1437
17.5428 2863.38 61.694 -10.5136 0.1 16.155
17.5533 2864.03 61.5832 -10.5109 0.1 16.1436
17.5639 2864.68 61.4721 -10.5083 0.1 16.155
17.5745 2865.33 61.3609 -10.5056 0.1 16.1436
17.5851 2865.98 61.2495 -10.5031 0.1 16.155
17.5957 2866.63 61.138 -10.5004 0.1 16.1436
17.6064 2867.28 61.0263 -10.4979 0.1 16.1551
17.617 2867.93 60.9143 -10.4952 0.1 16.1436
17.6277 2868.58 60.8023 -10.4926 0.1 16.1551
17.6384 2869.23 60.69 -10.4899 0.1 16.1436
17.6491 2869.88 60.5775 -10.4874 0.1 16.1551
17.6599 2870.53 60.4649 -10.4847 0.1 16.1435
17.6706 2871.18 60.3521 -10.4822 0.1 16.1551
17.6814 2871.83 60.2391 -10.4795 0.1 16.1435
17.6922 2872.48 60.1259 -10.477 0.1 16.1551
17.703 2873.13 60.0126 -10.4743 0.1 16.1435
17.713 2873.73 59.9078 -10.4719 0.1 16.1435
17.7231 2874.33 59.8028 -10.4695 0.1 16.1435
17.7331 2874.93 59.6977 -10.4671 0.1 16.1435
17.7432 2875.53 59.5924 -10.4647 0.1 16.1434
17.7532 2876.13 59.4869 -10.4623 0.1 16.1434
17.7633 2876.73 59.3813 -10.4599 0.1 16.1434
17.7735 2877.33 59.2755 -10.4575 0.1 16.1434
17.7836 2877.93 59.1696 -10.4551 0.1 16.1434
17.7937 2878.53 59.0635 -10.4527 0.1 16.1434
17.8039 2879.13 58.9572 -10.4503 0.1 16.1434
17.8141 2879.73 58.8508 -10.4479 0.1 16.1434
17.8243 2880.33 58.7442 -10.4455 0.1 16.1434
17.8345 2880.93 58.6374 -10.4431 0.1 16.1434
17.8448 2881.53 58.5304 -10.4407 0.1 16.1433
17.855 2882.13 58.4233 -10.4384 0.1 16.1433
17.8653 2882.73 58.316 -10.436 0.1 16.1433
17.8756 2883.33 58.2085 -10.4336 0.1 16.1433
17.8859 2883.93 58.1009 -10.4312 0.1 16.1433
17.8963 2884.53 57.9931 -10.4288 0.1 16.1433
17.9066 2885.13 57.8851 -10.4264 0.1 16.1433
17.917 2885.73 57.7769 -10.424 0.1 16.1433
17.9274 2886.33 57.6686 -10.4217 0.1 16.1433
17.9378 2886.93 57.56 -10.4193 0.1 16.1432
17.9482 2887.53 57.4513 -10.4169 0.1 16.1432
17.9587 2888.13 57.3424 -10.4145 0.1 16.1432
17.9692 2888.73 57.2334 -10.4121 0.1 16.1432
17.9797 2889.33 57.1241 -10.4098 0.1 16.1432
17.9902 2889.93 57.0147 -10.4074 0.1 16.1432
18.0007 2890.53 56.9051 -10.405 0.1 16.1432
18.0113 2891.13 56.7952 -10.4026 0.1 16.1432
18.0218 2891.73 56.6852 -10.4003 0.1 16.1431
18.0324 2892.33 56.5751 -10.3979 0.1 16.1431
18.043 2892.93 56.4647 -10.3955 0.1 16.1431
18.0537 2893.53 56.3541 -10.3932 0.1 16.1431
18.0643 2894.13 56.2434 -10.3908 0.1 16.1431
18.075 2894.73 56.1324 -10.3884 0.1 16.1431
18.0857 2895.33 56.0213 -10.3861 0.1 16.1431
18.0964 2895.93 55.9099 -10.3837 0.1 16.1431
18.1072 2896.53 55.7984 -10.3813 0.1 16.143
18.118 2897.13 55.6866 -10.379 0.1 16.143
18.1287 2897.73 55.5747 -10.3766 0.1 16.143
18.1395 2898.33 55.4626 -10.3742 0.1 16.143
18.1504 2898.93 55.3502 -10.3719 0.1 16.143
18.1612 2899.53 55.2377 -10.3695 0.1 16.143
18.1721 2900.13 55.1249 -10.3671 0.1 16.143
18.183 2900.73 55.012 -10.3648 0.1 16.143
18.193 2901.28 54.9083 -10.3627 0.1 16.1557
18.203 2901.83 54.8044 -10.3605 0.1 16.1429
18.2131 2902.38 54.7003 -10.3584 0.1 16.1557
18.2231 2902.93 54.596 -10.3562 0.1 16.1429
18.2332 2903.48 54.4916 -10.3541 0.1 16.1557
18.2433 2904.03 54.387 -10.3518 0.1 16.1429
18.2535 2904.58 54.2822 -10.3497 0.1 16.1558
18.2636 2905.13 54.1773 -10.3475 0.1 16.1429
18.2738 2905.68 54.0721 -10.3454 0.1 16.1558
18.2839 2906.23 53.9668 -10.3432 0.1 16.1428
18.2942 2906.78 53.8613 -10.3411 0.1 16.1558
18.3044 2907.33 53.7556 -10.3389 0.1 16.1428
18.3146 2907.88 53.6497 -10.3368 0.1 16.1558
18.3249 2908.43 53.5436 -10.3346 0.1 16.1428
18.3352 2908.98 53.4374 -10.3325 0.1 16.1559
18.3455 2909.53 53.3309 -10.3303 0.1 16.1428
18.3558 2910.08 53.2243 -10.3282 0.1 16.1559
18.3661 2910.63 53.1174 -10.326 0.1 16.1427
18.3765 2911.18 53.0104 -10.3239 0.1 16.1559
18.3869 2911.73 52.9032 -10.3217 0.1 16.1427
18.3973 2912.28 52.7958 -10.3196 0.1 16.1559
18.4077 2912.83 52.6882 -10.3174 0.1 16.1427
18.4182 2913.38 52.5804 -10.3154 0.1 16.156
18.4286 2913.93 52.4723 -10.3131 0.1 16.1427
18.4391 2914.48 52.3641 -10.3111 0.1 16.156
18.4497 2915.03 52.2557 -10.3089 0.1 16.1426
18.4602 2915.58 52.1471 -10.3068 0.1 16.156
18.4708 2916.13 52.0383 -10.3046 0.1 16.1426
18.4813 2916.68 51.9293 -10.3025 0.1 16.1561
18.4919 2917.23 51.82 -10.3003 0.1 16.1426
18.5026 2917.78 51.7106 -10.2982 0.1 16.1561
18.5132 2918.33 51.601 -10.296 0.1 16.1425
18.5239 2918.88 51.4911 -10.294 0.1 16.1561
18.5346 2919.43 51.381 -10.2918 0.1 16.1425
18.5453 2919.98 51.2707 -10.2897 0.1 16.1561
18.556 2920.53 51.1602 -10.2875 0.1 16.1425
18.5668 2921.08 51.0495 -10.2854 0.1 16.1562
18.5776 2921.63 50.9386 -10.2832 0.1 16.1425
18.5884 2922.18 50.8274 -10.2812 0.1 16.1562
18.5992 2922.73 50.7161 -10.279 0.1 16.1424
18.6101 2923.28 50.6045 -10.2769 0.1 16.1562
18.621 2923.83 50.4927 -10.2747 0.1 16.1424
18.6319 2924.38 50.3806 -10.2727 0.1 16.1563
18.6428 2924.93 50.2684 -10.2705 0.1 16.1424
18.6538 2925.48 50.1559 -10.2684 0.1 16.1563
18.6647 2926.03 50.0431 -10.2662 0.1 16.1423
18.6747 2926.53 49.9404 -10.2643 0.1 16.1423
18.6848 2927.03 49.8376 -10.2624 0.1 16.1423
18.6948 2927.53 49.7345 -10.2604 0.1 16.1423
18.7049 2928.03 49.6313 -10.2585 0.1 16.1423
18.715 2928.53 49.5278 -10.2566 0.1 16.1423
18.7251 2929.03 49.4241 -10.2546 0.1 16.1422
18.7352 2929.53 49.3203 -10.2527 0.1 16.1422
18.7453 2930.03 49.2162 -10.2508 0.1 16.1422
18.7555 2930.53 49.112 -10.2489 0.1 16.1422
18.7657 2931.03 49.0075 -10.2469 0.1 16.1422
18.7759 2931.53 48.9029 -10.245 0.1 16.1422
18.7862 2932.03 48.798 -10.2431 0.1 16.1421
18.7964 2932.53 48.693 -10.2412 0.1 16.1421
18.8067 2933.03 48.5877 -10.2392 0.1 16.1421
18.817 2933.53 48.4822 -10.2373 0.1 16.1421
18.8273 2934.03 48.3765 -10.2354 0.1 16.1421
18.8377 2934.53 48.2706 -10.2335 0.1 16.1421
18.848 2935.03 48.1645 -10.2316 0.1 16.1421
18.8584 2935.53 48.0581 -10.2296 0.1 16.142
18.8689 2936.03 47.9516 -10.2277 0.1 16.142
18.8793 2936.53 47.8448 -10.2258 0.1 16.142
18.8898 2937.03 47.7378 -10.2239 0.1 16.142
18.9002 2937.53 47.6306 -10.222 0.1 16.142
18.9108 2938.03 47.5232 -10.22 0.1 16.142
18.9213 2938.53 47.4156 -10.2181 0.1 16.1419
18.9318 2939.03 47.3077 -10.2162 0.1 16.1419
18.9424 2939.53 47.1996 -10.2143 0.1 16.1419
18.953 2940.03 47.0913 -10.2124 0.1 16.1419
18.9637 2940.53 46.9827 -10.2105 0.1 16.1419
18.9743 2941.03 46.8739 -10.2086 0.1 16.1419
18.985 2941.53 46.7649 -10.2066 0.1 16.1418
18.9957 2942.03 46.6556 -10.2047 0.1 16.1418
19.0064 2942.53 46.5461 -10.2028 0.1 16.1418
19.0172 2943.03 46.4364 -10.2009 0.1 16.1418
19.028 2943.53 46.3264 -10.199 0.1 16.1418
19.0388 2944.03 46.2162 -10.1971 0.1 16.1417
19.0496 2944.53 46.1058 -10.1952 0.1 16.1417
19.0605 2945.03 45.9951 -10.1933 0.1 16.1417
19.0714 2945.53 45.8841 -10.1914 0.1 16.1417
19.0823 2946.03 45.7729 -10.1895 0.1 16.1417
19.0932 2946.53 45.6615 -10.1876 0.1 16.1417
19.1042 2947.03 45.5498 -10.1857 0.1 16.1416
19.1152 2947.53 45.4378 -10.1837 0.1 16.1416
19.1262 2948.03 45.3256 -10.1818 0.1 16.1416
19.1372 2948.53 45.2132 -10.1799 0.1 16.1416
19.1483 2949.03 45.1005 -10.178 0.1 16.1416
19.1594 2949.53 44.9875 -10.1761 0.1 16.1415
19.1694 2949.98 44.8856 -10.1745 0.1 16.1571
19.1795 2950.43 44.7834 -10.1727 0.1 16.1415
19.1895 2950.88 44.6811 -10.1711 0.1 16.1572
19.1996 2951.33 44.5786 -10.1693 0.1 16.1415
19.2097 2951.78 44.4758 -10.1676 0.1 16.1572
19.2198 2952.23 44.3728 -10.1659 0.1 16.1414
19.23 2952.68 44.2696 -10.1642 0.1 16.1572
19.2402 2953.13 44.1661 -10.1625 0.1 16.1414
19.2504 2953.58 44.0624 -10.1608 0.1 16.1573
19.2606 2954.03 43.9585 -10.159 0.1 16.1414
19.2709 2954.48 43.8544 -10.1574 0.1 16.1573
19.2811 2954.93 43.7501 -10.1556 0.1 16.1413
19.2914 2955.38 43.6455 -10.154 0.1 16.1573
19.3018 2955.83 43.5407 -10.1522 0.1 16.1413
19.3121 2956.28 43.4356 -10.1506 0.1 16.1574
19.3225 2956.73 43.3303 -10.1488 0.1 16.1412
19.3329 2957.18 43.2248 -10.1472 0.1 16.1574
19.3433 2957.63 43.119 -10.1454 0.1 16.1412
19.3538 2958.08 43.013 -10.1438 0.1 16.1575
19.3642 2958.53 42.9067 -10.142 0.1 16.1412
19.3747 2958.98 42.8002 -10.1404 0.1 16.1575
19.3853 2959.43 42.6935 -10.1386 0.1 16.1411
19.3958 2959.88 42.5865 -10.137 0.1 16.1575
19.4064 2960.33 42.4792 -10.1352 0.1 16.1411
19.417 2960.78 42.3717 -10.1336 0.1 16.1576
19.4276 2961.23 42.2639 -10.1318 0.1 16.141
19.4383 2961.68 42.1559 -10.1302 0.1 16.1576
19.449 2962.13 42.0476 -10.1284 0.1 16.141
19.4597 2962.58 41.9391 -10.1268 0.1 16.1577
19.4705 2963.03 41.8303 -10.125 0.1 16.141
19.4812 2963.48 41.7212 -10.1234 0.1 16.1577
19.492 2963.93 41.6119 -10.1216 0.1 16.1409
19.5029 2964.38 41.5023 -10.12 0.1 16.1578
19.5137 2964.83 41.3924 -10.1182 0.1 16.1409
19.5246 2965.28 41.2822 -10.1166 0.1 16.1578
19.5355 2965.73 41.1718 -10.1148 0.1 16.1408
19.5465 2966.18 41.0611 -10.1132 0.1 16.1578
19.5574 2966.63 40.9501 -10.1114 0.1 16.1408
19.5685 2967.08 40.8388 -10.1098 0.1 16.1579
19.5795 2967.53 40.7273 -10.1081 0.1 16.1407
19.5906 2967.98 40.6154 -10.1064 0.1 16.1579
19.6016 2968.43 40.5033 -10.1047 0.1 16.1407
19.6128 2968.88 40.3909 -10.103 0.1 16.158
19.6239 2969.33 40.2782 -10.1013 0.1 16.1406
19.6351 2969.78 40.1651 -10.0997 0.1 16.158
19.6463 2970.23 40.0518 -10.0979 0.1 16.1406
19.6563 2970.63 39.9508 -10.0964 0.1 16.1406
19.6664 2971.03 39.8496 -10.0949 0.1 16.1405
19.6764 2971.43 39.7481 -10.0934 0.1 16.1405
19.6865 2971.83 39.6464 -10.0919 0.1 16.1405
19.6966 2972.23 39.5445 -10.0904 0.1 16.1405
19.7067 2972.63 39.4423 -10.0889 0.1 16.1404
19.7169 2973.03 39.3398 -10.0874 0.1 16.1404
19.7271 2973.43 39.2371 -10.0859 0.1 16.1404
19.7373 2973.83 39.1341 -10.0844 0.1 16.1404
19.7475 2974.23 39.0309 -10.0829 0.1 16.1404
19.7578 2974.63 38.9274 -10.0814 0.1 16.1403
19.7681 2975.03 38.8237 -10.0799 0.1 16.1403
19.7784 2975.43 38.7197 -10.0784 0.1 16.1403
19.7887 2975.83 38.6154 -10.0769 0.1 16.1403
19.7991 2976.23 38.5109 -10.0754 0.1 16.1402
19.8095 2976.63 38.4061 -10.0739 0.1 16.1402
19.8199 2977.03 38.301 -10.0724 0.1 16.1402
19.8304 2977.43 38.1957 -10.0709 0.1 16.1402
19.8409 2977.83 38.0901 -10.0694 0.1 16.1401
19.8514 2978.23 37.9842 -10.0679 0.1 16.1401
19.862 2978.63 37.878 -10.0664 0.1 16.1401
19.8725 2979.03 37.7715 -10.0649 0.1 16.1401
19.8831 2979.43 37.6648 -10.0635 0.1 16.14
19.8938 2979.83 37.5577 -10.062 0.1 16.14
19.9045 2980.23 37.4504 -10.0605 0.1 16.14
19.9151 2980.63 37.3428 -10.059 0.1 16.1399
19.9259 2981.03 37.2349 -10.0575 0.1 16.1399
19.9366 2981.43 37.1267 -10.056 0.1 16.1399
19.9474 2981.83 37.0181 -10.0545 0.1 16.1399
19.9583 2982.23 36.9093 -10.053 0.1 16.1398
19.9691 2982.63 36.8002 -10.0515 0.1 16.1398
19.98 2983.03 36.6908 -10.05 0.1 16.1398
19.9909 2983.43 36.581 -10.0485 0.1 16.1398
20.0019 2983.83 36.471 -10.047 0.1 16.1397
20.0129 2984.23 36.3606 -10.0455 0.1 16.1397
20.0239 2984.63 36.2499 -10.0441 0.1 16.1397
20.0349 2985.03 36.1389 -10.0426 0.1 16.1396
20.046 2985.43 36.0276 -10.0411 0.1 16.1396
20.0571 2985.83 35.9159 -10.0396 0.1 16.1396
20.0683 2986.23 35.8039 -10.0381 0.1 16.1395
20.0795 2986.63 35.6916 -10.0366 0.1 16.1395
20.0907 2987.03 35.5789 -10.0351 0.1 16.1395
20.102 2987.43 35.4659 -10.0336 0.1 16.1395
20.1133 2987.83 35.3525 -10.0321 0.1 16.1394
20.1246 2988.23 35.2388 -10.0306 0.1 16.1394
20.136 2988.63 35.1248 -10.0292 0.1 16.1394
20.1474 2989.03 35.0103 -10.0277 0.1 16.1393
20.1574 2989.38 34.9099 -10.0264 0.1 16.1593
20.1674 2989.73 34.8093 -10.0251 0.1 16.1393
20.1775 2990.08 34.7083 -10.0238 0.1 16.1594
20.1876 2990.43 34.6071 -10.0225 0.1 16.1392
20.1978 2990.78 34.5055 -10.0212 0.1 16.1595
20.2079 2991.13 34.4037 -10.0199 0.1 16.1391
20.2181 2991.48 34.3016 -10.0186 0.1 16.1595
20.2283 2991.83 34.1992 -10.0173 0.1 16.1391
20.2386 2992.18 34.0965 -10.016 0.1 16.1596
20.2489 2992.53 33.9936 -10.0147 0.1 16.139
20.2592 2992.88 33.8903 -10.0134 0.1 16.1596
20.2695 2993.23 33.7867 -10.0121 0.1 16.139
20.2799 2993.58 33.6828 -10.0108 0.1 16.1597
20.2903 2993.93 33.5786 -10.0095 0.1 16.1389
20.3007 2994.28 33.4741 -10.0082 0.1 16.1598
20.3112 2994.63 33.3693 -10.0069 0.1 16.1388
20.3217 2994.98 33.2641 -10.0056 0.1 16.1598
20.3323 2995.33 33.1587 -10.0043 0.1 16.1388
20.3428 2995.68 33.0529 -10.003 0.1 16.1599
20.3535 2996.03 32.9468 -10.0017 0.1 16.1387
20.3641 2996.38 32.8403 -10.0004 0.1 16.16
20.3748 2996.73 32.7336 -9.99908 0.1 16.1386
20.3855 2997.08 32.6264 -9.99782 0.1 16.16
20.3962 2997.43 32.519 -9.99648 0.1 16.1386
20.407 2997.78 32.4112 -9.99523 0.1 16.1601
20.4178 2998.13 32.3031 -9.99389 0.1 16.1385
20.4287 2998.48 32.1946 -9.99263 0.1 16.1602
20.4396 2998.83 32.0858 -9.99129 0.1 16.1384
20.4505 2999.18 31.9766 -9.99004 0.1 16.1603
20.4615 2999.53 31.867 -9.9887 0.1 16.1383
20.4725 2999.88 31.7571 -9.98744 0.1 16.1603
20.4835 3000.23 31.6468 -9.9861 0.1 16.1383
20.4946 3000.58 31.5362 -9.98485 0.1 16.1604
20.5057 3000.93 31.4251 -9.98351 0.1 16.1382
20.5169 3001.28 31.3137 -9.98225 0.1 16.1605
20.5281 3001.63 31.2019 -9.98092 0.1 16.1381
20.5393 3001.98 31.0897 -9.97966 0.1 16.1606
20.5506 3002.33 30.9772 -9.97832 0.1 16.138
20.5619 3002.68 30.8642 -9.97707 0.1 16.1607
20.5733 3003.03 30.7508 -9.97573 0.1 16.1379
20.5847 3003.38 30.6371 -9.97447 0.1 16.1607
20.5962 3003.73 30.5229 -9.97314 0.1 16.1379
20.6076 3004.08 30.4083 -9.97188 0.1 16.1608
20.6192 3004.43 30.2933 -9.97055 0.1 16.1378
20.6308 3004.78 30.1778 -9.96929 0.1 16.1609
20.6424 3005.13 30.062 -9.96795 0.1 16.1377
20.654 3005.48 29.9457 -9.96669 0.1 16.161
20.6641 3005.78 29.8456 -9.96558 0.1 16.161
20.6742 3006.08 29.7453 -9.96447 0.1 16.1611
20.6843 3006.38 29.6446 -9.96336 0.1 16.1611
20.6944 3006.68 29.5435 -9.96225 0.1 16.1612
20.7046 3006.98 29.4422 -9.96114 0.1 16.1612
20.7148 3007.28 29.3405 -9.96003 0.1 16.1612
20.725 3007.58 29.2385 -9.95892 0.1 16.1613
20.7353 3007.88 29.1361 -9.9578 0.1 16.1613
20.7456 3008.18 29.0333 -9.95669 0.1 16.1614
20.756 3008.48 28.9302 -9.95558 0.1 16.1614
20.7664 3008.78 28.8268 -9.95447 0.1 16.1615
20.7768 3009.08 28.723 -9.95336 0.1 16.1615
20.7873 3009.38 28.6188 -9.95225 0.1 16.1615
20.7978 3009.68 28.5143 -9.95113 0.1 16.1616
20.8083 3009.98 28.4094 -9.95002 0.1 16.1616
20.8189 3010.28 28.3041 -9.94891 0.1 16.1617
20.8295 3010.58 28.1984 -9.9478 0.1 16.1617
20.8402 3010.88 28.0923 -9.94669 0.1 16.1618
20.8509 3011.18 27.9859 -9.94557 0.1 16.1618
20.8616 3011.48 27.879 -9.94446 0.1 16.1619
20.8724 3011.78 27.7718 -9.94335 0.1 16.1619
20.8833 3012.08 27.6642 -9.94224 0.1 16.162
20.8941 3012.38 27.5561 -9.94112 0.1 16.162
20.905 3012.68 27.4476 -9.94001 0.1 16.1621
20.916 3012.98 27.3387 -9.9389 0.1 16.1621
20.927 3013.28 27.2294 -9.93779 0.1 16.1622
20.938 3013.58 27.1197 -9.93667 0.1 16.1622
20.9491 3013.88 27.0095 -9.93556 0.1 16.1623
20.9603 3014.18 26.8989 -9.93444 0.1 16.1623
20.9714 3014.48 26.7878 -9.93333 0.1 16.1624
20.9827 3014.78 26.6763 -9.93222 0.1 16.1624
20.9939 3015.08 26.5644 -9.9311 0.1 16.1625
21.0053 3015.38 26.4519 -9.92999 0.1 16.1625
21.0166 3015.68 26.3391 -9.92887 0.1 16.1626
21.028 3015.98 26.2257 -9.92776 0.1 16.1627
21.0395 3016.28 26.1118 -9.92664 0.1 16.1627
21.051 3016.58 25.9975 -9.92552 0.1 16.1628
21.0626 3016.88 25.8827 -9.92441 0.1 16.1628
21.0742 3017.18 25.7674 -9.92329 0.1 16.1629
21.0859 3017.48 25.6515 -9.92218 0.1 16.163
21.0976 3017.78 25.5352 -9.92106 0.1 16.163
21.1094 3018.08 25.4183 -9.91994 0.1 16.1631
21.1212 3018.38 25.3009 -9.91882 0.1 16.1631
21.1331 3018.68 25.183 -9.9177 0.1 16.1632
21.1451 3018.98 25.0646 -9.91658 0.1 16.1633
21.1571 3019.28 24.9455 -9.91547 0.1 16.1633
21.1671 3019.53 24.8459 -9.9145 0.1 16.1352
21.1772 3019.78 24.7459 -9.9136 0.1 16.1635
21.1873 3020.03 24.6455 -9.91263 0.1 16.1351
21.1975 3020.28 24.5448 -9.91173 0.1 16.1636
21.2077 3020.53 24.4436 -9.91077 0.1 16.135
21.218 3020.78 24.3419 -9.90986 0.1 16.1637
21.2283 3021.03 24.2399 -9.9089 0.1 16.1349
21.2386 3021.28 24.1375 -9.90799 0.1 16.1638
21.249 3021.53 24.0346 -9.90702 0.1 16.1348
21.2594 3021.78 23.9313 -9.90612 0.1 16.1639
21.2699 3022.03 23.8275 -9.90515 0.1 16.1346
21.2804 3022.28 23.7233 -9.90424 0.1 16.1641
21.291 3022.53 23.6187 -9.90328 0.1 16.1345
21.3016 3022.78 23.5136 -9.90237 0.1 16.1642
21.3122 3023.03 23.408 -9.9014 0.1 16.1344
21.323 3023.28 23.302 -9.90049 0.1 16.1643
21.3337 3023.53 23.1955 -9.89952 0.1 16.1342
21.3445 3023.78 23.0885 -9.89861 0.1 16.1645
21.3554 3024.03 22.981 -9.89764 0.1 16.1341
21.3663 3024.28 22.8731 -9.89672 0.1 16.1646
21.3772 3024.53 22.7646 -9.89575 0.1 16.134
21.3883 3024.78 22.6556 -9.89484 0.1 16.1648
21.3993 3025.03 22.5461 -9.89386 0.1 16.1338
21.4104 3025.28 22.4361 -9.89295 0.1 16.1649
21.4216 3025.53 22.3255 -9.89197 0.1 16.1337
21.4329 3025.78 22.2144 -9.89106 0.1 16.1651
21.4441 3026.03 22.1028 -9.89008 0.1 16.1335
21.4555 3026.28 21.9906 -9.88916 0.1 16.1652
21.4669 3026.53 21.8778 -9.88818 0.1 16.1333
21.4784 3026.78 21.7645 -9.88726 0.1 16.1654
21.4899 3027.03 21.6506 -9.88628 0.1 16.1332
21.5015 3027.28 21.5361 -9.88536 0.1 16.1656
21.5131 3027.53 21.4209 -9.88438 0.1 16.133
21.5248 3027.78 21.3052 -9.88345 0.1 16.1657
21.5366 3028.03 21.1889 -9.88247 0.1 16.1328
21.5484 3028.28 21.0719 -9.88154 0.1 16.1659
21.5603 3028.53 20.9543 -9.88056 0.1 16.1326
21.5723 3028.78 20.836 -9.87963 0.1 16.1661
21.5843 3029.03 20.717 -9.87864 0.1 16.1324
21.5965 3029.28 20.5974 -9.8777 0.1 16.1663
21.6086 3029.53 20.4771 -9.87672 0.1 16.1322
21.6209 3029.78 20.3561 -9.87578 0.1 16.1665
21.6332 3030.03 20.2344 -9.87479 0.1 16.132
21.6456 3030.28 20.112 -9.87385 0.1 16.1667
21.6581 3030.53 19.9888 -9.87285 0.1 16.1318
21.6681 3030.73 19.8897 -9.87208 0.1 16.1317
21.6782 3030.93 19.7901 -9.8713 0.1 16.1316
21.6883 3031.13 19.69 -9.87052 0.1 16.1316
21.6985 3031.33 19.5895 -9.86974 0.1 16.1315
21.7088 3031.53 19.4884 -9.86896 0.1 16.1314
21.7191 3031.73 19.3868 -9.86818 0.1 16.1313
21.7294 3031.93 19.2846 -9.8674 0.1 16.1312
21.7398 3032.13 19.182 -9.86661 0.1 16.1311
21.7503 3032.33 19.0787 -9.86583 0.1 16.131
21.7608 3032.53 18.975 -9.86504 0.1 16.1309
21.7714 3032.73 18.8706 -9.86425 0.1 16.1308
21.782 3032.93 18.7657 -9.86346 0.1 16.1307
21.7927 3033.13 18.6603 -9.86267 0.1 16.1306
21.8035 3033.33 18.5542 -9.86188 0.1 16.1305
21.8143 3033.53 18.4475 -9.86108 0.1 16.1304
21.8252 3033.73 18.3402 -9.86028 0.1 16.1303
21.8361 3033.93 18.2323 -9.85949 0.1 16.1301
21.8471 3034.13 18.1237 -9.85868 0.1 16.13
21.8582 3034.33 18.0145 -9.85788 0.1 16.1299
21.8694 3034.53 17.9047 -9.85708 0.1 16.1298
21.8806 3034.73 17.7941 -9.85627 0.1 16.1297
21.8918 3034.93 17.6829 -9.85546 0.1 16.1295
21.9032 3035.13 17.571 -9.85465 0.1 16.1294
21.9146 3035.33 17.4584 -9.85383 0.1 16.1293
21.9261 3035.53 17.3451 -9.85302 0.1 16.1292
21.9377 3035.73 17.231 -9.8522 0.1 16.129
21.9494 3035.93 17.1162 -9.85138 0.1 16.1289
21.9611 3036.13 17.0006 -9.85055 0.1 16.1288
21.9729 3036.33 16.8842 -9.84973 0.1 16.1286
21.9848 3036.53 16.767 -9.84889 0.1 16.1285
21.9968 3036.73 16.649 -9.84806 0.1 16.1283
22.0089 3036.93 16.5302 -9.84722 0.1 16.1282
22.021 3037.13 16.4105 -9.84638 0.1 16.128
22.0333 3037.33 16.29 -9.84554 0.1 16.1279
22.0456 3037.53 16.1685 -9.84469 0.1 16.1277
22.058 3037.73 16.0462 -9.84384 0.1 16.1275
22.0705 3037.93 15.9229 -9.84298 0.1 16.1274
22.0832 3038.13 15.7987 -9.84212 0.1 16.1272
22.0959 3038.33 15.6735 -9.84125 0.1 16.127
22.1087 3038.53 15.5473 -9.84038 0.1 16.1268
22.1216 3038.73 15.42 -9.83951 0.1 16.1266
22.1347 3038.93 15.2918 -9.83862 0.1 16.1265
22.1478 3039.13 15.1624 -9.83774 0.1 16.1263
22.1611 3039.33 15.0319 -9.83684 0.1 16.1261
22.1711 3039.48 14.9334 -9.83619 0.1 16.1727
22.1812 3039.63 14.8341 -9.83549 0.1 16.1258
22.1914 3039.78 14.7342 -9.83483 0.1 16.173
22.2016 3039.93 14.6337 -9.83413 0.1 16.1254
22.2119 3040.08 14.5324 -9.83345 0.1 16.1734
22.2223 3040.23 14.4304 -9.83274 0.1 16.1251
22.2327 3040.38 14.3277 -9.83206 0.1 16.1737
22.2432 3040.53 14.2243 -9.83134 0.1 16.1247
22.2538 3040.68 14.1201 -9.83065 0.1 16.1741
22.2645 3040.83 14.0152 -9.82992 0.1 16.1244
22.2753 3040.98 13.9094 -9.82922 0.1 16.1745
22.2861 3041.13 13.8029 -9.82848 0.1 16.124
22.297 3041.28 13.6955 -9.82776 0.1 16.1748
22.308 3041.43 13.5873 -9.82701 0.1 16.1236
22.3191 3041.58 13.4783 -9.82628 0.1 16.1753
22.3303 3041.73 13.3683 -9.82552 0.1 16.1232
22.3416 3041.88 13.2575 -9.82477 0.1 16.1757
22.353 3042.03 13.1457 -9.82399 0.1 16.1227
22.3645 3042.18 13.0329 -9.82324 0.1 16.1761
22.376 3042.33 12.9192 -9.82244 0.1 16.1223
22.3877 3042.48 12.8045 -9.82166 0.1 16.1766
22.3995 3042.63 12.6888 -9.82085 0.1 16.1218
22.4114 3042.78 12.572 -9.82006 0.1 16.1771
22.4234 3042.93 12.4541 -9.81922 0.1 16.1213
22.4355 3043.08 12.335 -9.8184 0.1 16.1776
22.4478 3043.23 12.2149 -9.81755 0.1 16.1207
22.4601 3043.38 12.0935 -9.81671 0.1 16.1782
22.4726 3043.53 11.9709 -9.81582 0.1 16.1201
22.4852 3043.68 11.8471 -9.81496 0.1 16.1788
22.498 3043.83 11.722 -9.81404 0.1 16.1195
22.5109 3043.98 11.5955 -9.81315 0.1 16.1794
22.5239 3044.13 11.4676 -9.8122 0.1 16.1189
22.5371 3044.28 11.3383 -9.81127 0.1 16.1801
22.5504 3044.43 11.2075 -9.81029 0.1 16.1182
22.5639 3044.58 11.0751 -9.80931 0.1 16.1809
22.5776 3044.73 10.9412 -9.80829 0.1 16.1174
22.5914 3044.88 10.8056 -9.80727 0.1 16.1816
22.6054 3045.03 10.6684 -9.80619 0.1 16.1166
22.6196 3045.18 10.5293 -9.80512 0.1 16.1825
22.6339 3045.33 10.3883 -9.80399 0.1 16.1157
22.6485 3045.48 10.2455 -9.80285 0.1 16.1834
22.6633 3045.63 10.1006 -9.80165 0.1 16.1148
22.6783 3045.78 9.95363 -9.80044 0.1 16.1844
22.6884 3045.88 9.85444 -9.7996 0.1 16.1847
22.6986 3045.98 9.75424 -9.79874 0.1 16.1851
22.709 3046.08 9.653 -9.79785 0.1 16.1855
22.7194 3046.18 9.55069 -9.79695 0.1 16.1859
22.73 3046.28 9.44728 -9.79602 0.1 16.1863
22.7406 3046.38 9.34273 -9.79507 0.1 16.1867
22.7514 3046.48 9.237 -9.79409 0.1 16.1871
22.7624 3046.58 9.13005 -9.79308 0.1 16.1875
22.7734 3046.68 9.02183 -9.79203 0.1 16.188
22.7846 3046.78 8.91231 -9.79096 0.1 16.1885
22.7959 3046.88 8.80142 -9.78985 0.1 16.189
22.8074 3046.98 8.68913 -9.7887 0.1 16.1895
22.819 3047.08 8.57537 -9.7875 0.1 16.19
22.8308 3047.18 8.46008 -9.78626 0.1 16.1905
22.8427 3047.28 8.34321 -9.78498 0.1 16.1911
22.8548 3047.38 8.22467 -9.78363 0.1 16.1917
22.8671 3047.48 8.10441 -9.78223 0.1 16.1923
22.8796 3047.58 7.98234 -9.78077 0.1 16.193
22.8923 3047.68 7.85839 -9.77923 0.1 16.1937
22.9052 3047.78 7.73244 -9.77762 0.1 16.1944
22.9183 3047.88 7.60442 -9.77592 0.1 16.1952
22.9316 3047.98 7.47421 -9.77413 0.1 16.1959
22.9452 3048.08 7.3417 -9.77224 0.1 16.1968
22.959 3048.18 7.20675 -9.77023 0.1 16.1977
22.973 3048.28 7.06923 -9.76809 0.1 16.1986
22.9874 3048.38 6.92899 -9.76581 0.1 16.1996
23.0021 3048.48 6.78586 -9.76337 0.1 16.2006
23.017 3048.58 6.63965 -9.76074 0.1 16.2017
23.0324 3048.68 6.49015 -9.7579 0.1 16.2029
23.048 3048.78 6.33713 -9.75482 0.1 16.2042
23.0641 3048.88 6.18033 -9.75147 0.1 16.2056
23.0806 3048.98 6.01945 -9.74779 0.1 16.2071
23.0976 3049.08 5.85416 -9.74374 0.1 16.2087
23.1151 3049.18 5.68407 -9.73925 0.1 16.2104
23.1331 3049.28 5.50873 -9.73423 0.1 16.2123
23.1517 3049.38 5.32764 -9.72858 0.1 16.2144
23.171 3049.48 5.14018 -9.72215 0.1 16.2168
23.191 3049.58 4.94562 -9.71477 0.1 16.2194
23.2013 3049.63 4.84541 -9.71064 0.1 16.0778
23.2118 3049.68 4.74309 -9.70619 0.1 16.2223
23.2226 3049.73 4.63852 -9.70134 0.1 16.0747
23.2336 3049.78 4.53154 -9.69607 0.1 16.2256
23.245 3049.83 4.42197 -9.69029 0.1 16.0712
23.2566 3049.88 4.30961 -9.68394 0.1 16.2295
23.2685 3049.93 4.19426 -9.67691 0.1 16.067
23.2807 3049.98 4.07563 -9.66911 0.1 16.2339
23.2934 3050.03 3.95346 -9.66037 0.1 16.0622
23.3065 3050.08 3.82739 -9.65052 0.1 16.2392
23.32 3050.13 3.69702 -9.63933 0.1 16.0563
23.334 3050.18 3.56189 -9.6265 0.1 16.2457
23.3486 3050.23 3.42143 -9.61163 0.1 16.0492
23.3639 3050.28 3.27495 -9.5942 0.1 16.2538
23.3799 3050.33 3.1216 -9.57344 0.1 16.04
23.3968 3050.38 2.96033 -9.54832 0.1 16.2643
23.4147 3050.43 2.78976 -9.51727 0.1 16.0278
23.4339 3050.48 2.60805 -9.47789 0.1 16.2787
23.4546 3050.53 2.41271 -9.42627 0.1 16.0103
23.4774 3050.58 2.20009 -9.35563 0.1 16.3004
23.5028 3050.63 1.9646 -9.25295 0.1 15.9823
23.5323 3050.68 1.69673 -9.08984 0.1 16.3386
23.5686 3050.73 1.37775 -8.78965 0.1 15.926
23.6208 3050.78 0.957857 -8.04391 0.1 16.4341
23.673 3050.88 0 -0 0.1 15.7033
