Simulation created and run on: 
Fri Mar 10 13:05:54 2023


Time (s), Height (m), Velocity (m/s), Acceleration (m/s^2), Deployment Angle (degrees)
3.6 759.88 284.08 -9.80665 0.1 0
3.61004 762.73 283.793 -28.5222 0.1 0.138059
3.62009 765.58 283.507 -28.4781 0.1 0.278724
3.63014 768.43 283.221 -28.4344 0.1 0.419531
3.64021 771.28 282.935 -28.3909 0.1 0.56048
3.65029 774.13 282.649 -28.3479 0.1 0.701572
3.66038 776.98 282.363 -28.3051 0.1 0.842807
3.67048 779.83 282.078 -28.2627 0.1 0.984184
3.68058 782.68 281.792 -28.2206 0.1 1.12571
3.6907 785.53 281.507 -28.1788 0.1 1.26737
3.70083 788.38 281.222 -28.1374 0.1 1.40918
3.71097 791.23 280.936 -28.0962 0.1 1.55113
3.72112 794.08 280.651 -28.0554 0.1 1.69322
3.73128 796.93 280.367 -28.015 0.1 1.83547
3.74145 799.78 280.082 -27.9748 0.1 1.97785
3.75146 802.58 279.802 -27.9356 0.1 2.11788
3.76147 805.38 279.523 -27.8968 0.1 2.25805
3.77149 808.18 279.243 -27.8582 0.1 2.39835
3.78152 810.98 278.964 -27.82 0.1 2.5388
3.79156 813.78 278.685 -27.782 0.1 2.67939
3.80162 816.58 278.406 -27.7444 0.1 2.82012
3.81168 819.38 278.127 -27.707 0.1 2.96099
3.82175 822.18 277.848 -27.67 0.1 3.102
3.83183 824.98 277.569 -27.6332 0.1 3.24316
3.84193 827.78 277.291 -27.5967 0.1 3.38445
3.85203 830.58 277.012 -27.5605 0.1 3.52589
3.86214 833.38 276.733 -27.5246 0.1 3.66747
3.87227 836.18 276.455 -27.489 0.1 3.80919
3.8824 838.98 276.177 -27.4537 0.1 3.95106
3.89254 841.78 275.898 -27.4187 0.1 4.09307
3.9027 844.58 275.62 -27.3839 0.1 4.23522
3.91286 847.38 275.342 -27.3495 0.1 4.37751
3.92304 850.18 275.064 -27.3153 0.1 4.51995
3.93304 852.93 274.791 -27.282 0.1 4.65999
3.94305 855.68 274.518 -27.2489 0.1 4.80016
3.95307 858.43 274.245 -27.2161 0.1 4.94048
3.96311 861.18 273.972 -27.1836 0.1 5.08093
3.97315 863.93 273.699 -27.1514 0.1 5.22153
3.9832 866.68 273.426 -27.1194 0.1 5.36226
3.99326 869.43 273.154 -27.0877 0.1 5.50314
4.00334 872.18 272.881 -27.0562 0.1 5.64415
4.01342 874.93 272.608 -27.025 0.1 5.78531
4.02351 877.68 272.336 -26.9941 0.1 5.92661
4.03362 880.43 272.063 -26.9634 0.1 6.06805
4.04373 883.18 271.791 -26.933 0.1 6.20963
4.05385 885.93 271.518 -26.9028 0.1 6.35135
4.06399 888.68 271.246 -26.8728 0.1 6.49321
4.07413 891.43 270.973 -26.8432 0.1 6.63522
4.08428 894.18 270.701 -26.8137 0.1 6.77737
4.09445 896.93 270.428 -26.7846 0.1 6.91967
4.10462 899.68 270.156 -26.7556 0.1 7.0621
4.11481 902.43 269.884 -26.7269 0.1 7.20469
4.12481 905.13 269.616 -26.699 0.1 7.34481
4.13483 907.83 269.349 -26.6713 0.1 7.48508
4.14486 910.53 269.082 -26.6438 0.1 7.62549
4.1549 913.23 268.814 -26.6166 0.1 7.76603
4.16495 915.93 268.547 -26.5896 0.1 7.90672
4.17501 918.63 268.28 -26.5628 0.1 8.04755
4.18508 921.33 268.012 -26.5362 0.1 8.18851
4.19516 924.03 267.745 -26.5099 0.1 8.32962
4.20525 926.73 267.478 -26.4838 0.1 8.47087
4.21535 929.43 267.21 -26.4579 0.1 8.61226
4.22546 932.13 266.943 -26.4323 0.1 8.75379
4.23558 934.83 266.675 -26.4068 0.1 8.89546
4.24571 937.53 266.408 -26.3816 0.1 9.03728
4.25585 940.23 266.141 -26.3566 0.1 9.17924
4.266 942.93 265.873 -26.3319 0.1 9.32134
4.27616 945.63 265.606 -26.3073 0.1 9.46358
4.28633 948.33 265.338 -26.2829 0.1 9.60597
4.29651 951.03 265.071 -26.2588 0.1 9.7485
4.30651 953.68 264.808 -26.2353 0.1 9.88853
4.31652 956.33 264.546 -26.212 0.1 10.0287
4.32655 958.98 264.283 -26.1889 0.1 10.169
4.33658 961.63 264.021 -26.1661 0.1 10.3095
4.34662 964.28 263.758 -26.1434 0.1 10.45
4.35667 966.93 263.495 -26.1209 0.1 10.5908
4.36674 969.58 263.233 -26.0986 0.1 10.7316
4.37681 972.23 262.97 -26.0765 0.1 10.8726
4.38689 974.88 262.707 -26.0546 0.1 11.0138
4.39698 977.53 262.444 -26.0329 0.1 11.1551
4.40708 980.18 262.181 -26.0114 0.1 11.2965
4.4172 982.83 261.918 -25.9901 0.1 11.4381
4.42732 985.48 261.655 -25.969 0.1 11.5798
4.43745 988.13 261.392 -25.948 0.1 11.7217
4.4476 990.78 261.129 -25.9273 0.1 11.8637
4.45775 993.43 260.866 -25.9067 0.1 12.0058
4.46791 996.08 260.603 -25.8863 0.1 12.1481
4.47809 998.73 260.34 -25.8661 0.1 12.2905
4.48827 1001.38 260.076 -25.8461 0.1 12.4331
4.49827 1003.98 259.818 -25.8266 0.1 12.5731
4.50829 1006.58 259.56 -25.8073 0.1 12.7133
4.51831 1009.18 259.301 -25.7882 0.1 12.8536
4.52834 1011.78 259.042 -25.7692 0.1 12.9941
4.53838 1014.38 258.784 -25.7504 0.1 13.1346
4.54843 1016.98 258.525 -25.7318 0.1 13.2754
4.5585 1019.58 258.266 -25.7134 0.1 13.4162
4.56857 1022.18 258.007 -25.6951 0.1 13.5573
4.57865 1024.78 257.748 -25.677 0.1 13.6984
4.58874 1027.38 257.489 -25.659 0.1 13.8397
4.59885 1029.98 257.23 -25.6412 0.1 13.9811
4.60896 1032.58 256.971 -25.6236 0.1 14.1227
4.61908 1035.18 256.712 -25.6061 0.1 14.2644
4.62922 1037.78 256.452 -25.5888 0.1 14.4063
4.63936 1040.38 256.193 -25.5717 0.1 14.5483
4.64951 1042.98 255.933 -25.5547 0.1 14.6905
4.65968 1045.58 255.673 -25.5378 0.1 14.8327
4.66985 1048.18 255.414 -25.5211 0.1 14.9752
4.68004 1050.78 255.154 -25.5046 0.1 15.1178
4.69023 1053.38 254.894 -25.4882 0.1 15.2605
4.70024 1055.93 254.639 -25.4723 0.1 15.4006
4.71026 1058.48 254.384 -25.4565 0.1 15.5409
4.72029 1061.03 254.129 -25.4409 0.1 15.6813
4.73033 1063.58 253.873 -25.4254 0.1 15.8219
4.74038 1066.13 253.618 -25.41 0.1 15.9625
4.75044 1068.68 253.362 -25.3948 0.1 16.1034
4.76051 1071.23 253.107 -25.3798 0.1 16.2444
4.77059 1073.78 252.851 -25.3648 0.1 16.3855
4.78068 1076.33 252.595 -25.35 0.1 16.5267
4.79078 1078.88 252.339 -25.3354 0.1 16.6681
4.80089 1081.43 252.083 -25.3208 0.1 16.8097
4.81101 1083.98 251.827 -25.3064 0.1 16.9514
4.82114 1086.53 251.57 -25.2922 0.1 17.0932
4.83128 1089.08 251.314 -25.278 0.1 17.2352
4.84144 1091.63 251.057 -25.264 0.1 17.3773
4.8516 1094.18 250.801 -25.2502 0.1 17.5196
4.86177 1096.73 250.544 -25.2364 0.1 17.662
4.87195 1099.28 250.287 -25.2228 0.1 17.8046
4.88215 1101.83 250.03 -25.2093 0.1 17.9473
4.89215 1104.33 249.778 -25.1962 0.1 18.0873
4.90217 1106.83 249.526 -25.1832 0.1 18.2275
4.91219 1109.33 249.273 -25.1703 0.1 18.3678
4.92222 1111.83 249.021 -25.1575 0.1 18.5083
4.93227 1114.33 248.768 -25.1449 0.1 18.6489
4.94232 1116.83 248.515 -25.1324 0.1 18.7897
4.95239 1119.33 248.262 -25.1199 0.1 18.9306
4.96246 1121.83 248.009 -25.1076 0.1 19.0717
4.97255 1124.33 247.756 -25.0954 0.1 19.2129
4.98264 1126.83 247.503 -25.0833 0.1 19.3542
4.99275 1129.33 247.25 -25.0714 0.1 19.4957
5.00287 1131.83 246.996 -25.0595 0.1 19.6373
5.01299 1134.33 246.742 -25.0477 0.1 19.7791
5.02313 1136.83 246.488 -25.0361 0.1 19.921
5.03328 1139.33 246.234 -25.0245 0.1 20.0631
5.04344 1141.83 245.98 -25.0131 0.1 20.2053
5.05361 1144.33 245.726 -25.0017 0.1 20.3476
5.06379 1146.83 245.472 -24.9905 0.1 20.4902
5.07398 1149.33 245.217 -24.9793 0.1 20.6328
5.08418 1151.83 244.962 -24.9683 0.1 20.7756
5.09418 1154.28 244.712 -24.9575 0.1 20.9157
5.1042 1156.73 244.462 -24.9469 0.1 21.0559
5.11423 1159.18 244.212 -24.9364 0.1 21.1963
5.12426 1161.63 243.962 -24.9259 0.1 21.3368
5.13431 1164.08 243.712 -24.9155 0.1 21.4775
5.14437 1166.53 243.461 -24.9053 0.1 21.6183
5.15444 1168.98 243.21 -24.8951 0.1 21.7593
5.16452 1171.43 242.96 -24.885 0.1 21.9004
5.17461 1173.88 242.709 -24.875 0.1 22.0416
5.18471 1176.33 242.457 -24.8586 0.1 22.1484
5.19482 1178.78 242.206 -24.8231 0.1 22.1513
5.20494 1181.23 241.955 -24.7866 0.1 22.1484
5.21507 1183.68 241.704 -24.7512 0.1 22.1513
5.22521 1186.13 241.453 -24.7148 0.1 22.1484
5.23536 1188.58 241.203 -24.6795 0.1 22.1513
5.24553 1191.03 240.952 -24.6433 0.1 22.1484
5.2557 1193.48 240.702 -24.6081 0.1 22.1513
5.26588 1195.93 240.451 -24.572 0.1 22.1484
5.27608 1198.38 240.201 -24.537 0.1 22.1513
5.28628 1200.83 239.951 -24.501 0.1 22.1484
5.29629 1203.23 239.706 -24.4663 0.1 22.1484
5.30631 1205.63 239.461 -24.4317 0.1 22.1484
5.31634 1208.03 239.216 -24.3971 0.1 22.1484
5.32637 1210.43 238.971 -24.3626 0.1 22.1483
5.33642 1212.83 238.727 -24.3282 0.1 22.1483
5.34648 1215.23 238.482 -24.2938 0.1 22.1483
5.35655 1217.63 238.238 -24.2595 0.1 22.1483
5.36663 1220.03 237.993 -24.2253 0.1 22.1483
5.37672 1222.43 237.749 -24.1911 0.1 22.1483
5.38682 1224.83 237.505 -24.1569 0.1 22.1483
5.39693 1227.23 237.261 -24.1229 0.1 22.1483
5.40705 1229.63 237.017 -24.0889 0.1 22.1483
5.41718 1232.03 236.773 -24.0549 0.1 22.1483
5.42732 1234.43 236.529 -24.021 0.1 22.1483
5.43747 1236.83 236.285 -23.9872 0.1 22.1483
5.44764 1239.23 236.042 -23.9534 0.1 22.1483
5.45781 1241.63 235.798 -23.9197 0.1 22.1483
5.46799 1244.03 235.555 -23.8861 0.1 22.1483
5.47819 1246.43 235.312 -23.8525 0.1 22.1483
5.48839 1248.83 235.068 -23.8189 0.1 22.1483
5.49839 1251.18 234.83 -23.7867 0.1 22.1513
5.50841 1253.53 234.592 -23.7534 0.1 22.1483
5.51843 1255.88 234.354 -23.7213 0.1 22.1513
5.52846 1258.23 234.117 -23.6882 0.1 22.1483
5.53851 1260.58 233.879 -23.6561 0.1 22.1513
5.54856 1262.93 233.641 -23.6231 0.1 22.1483
5.55862 1265.28 233.404 -23.5912 0.1 22.1513
5.5687 1267.63 233.166 -23.5583 0.1 22.1483
5.57878 1269.98 232.929 -23.5265 0.1 22.1513
5.58887 1272.33 232.691 -23.4937 0.1 22.1483
5.59898 1274.68 232.454 -23.462 0.1 22.1513
5.60909 1277.03 232.217 -23.4294 0.1 22.1483
5.61922 1279.38 231.98 -23.3978 0.1 22.1513
5.62935 1281.73 231.743 -23.3652 0.1 22.1483
5.6395 1284.08 231.506 -23.3337 0.1 22.1513
5.64966 1286.43 231.269 -23.3013 0.1 22.1483
5.65982 1288.78 231.033 -23.2699 0.1 22.1513
5.67 1291.13 230.796 -23.2376 0.1 22.1483
5.68019 1293.48 230.559 -23.2063 0.1 22.1513
5.69038 1295.83 230.323 -23.1741 0.1 22.1483
5.70059 1298.18 230.086 -23.143 0.1 22.1513
5.71059 1300.48 229.855 -23.112 0.1 22.1513
5.72061 1302.78 229.624 -23.0811 0.1 22.1513
5.73063 1305.08 229.393 -23.0503 0.1 22.1513
5.74066 1307.38 229.162 -23.0195 0.1 22.1513
5.7507 1309.68 228.931 -22.9888 0.1 22.1513
5.76075 1311.98 228.7 -22.9581 0.1 22.1513
5.77081 1314.28 228.469 -22.9275 0.1 22.1513
5.78089 1316.58 228.238 -22.897 0.1 22.1513
5.79097 1318.88 228.007 -22.8664 0.1 22.1513
5.80106 1321.18 227.777 -22.836 0.1 22.1514
5.81116 1323.48 227.546 -22.8056 0.1 22.1514
5.82128 1325.78 227.316 -22.7752 0.1 22.1514
5.8314 1328.08 227.085 -22.7449 0.1 22.1514
5.84153 1330.38 226.855 -22.7146 0.1 22.1514
5.85168 1332.68 226.625 -22.6844 0.1 22.1514
5.86183 1334.98 226.395 -22.6543 0.1 22.1514
5.872 1337.28 226.165 -22.6242 0.1 22.1514
5.88217 1339.58 225.934 -22.5941 0.1 22.1514
5.89236 1341.88 225.705 -22.5641 0.1 22.1514
5.90255 1344.18 225.475 -22.5342 0.1 22.1514
5.91276 1346.48 225.245 -22.5043 0.1 22.1514
5.92298 1348.78 225.015 -22.4744 0.1 22.1514
5.93298 1351.03 224.79 -22.4448 0.1 22.1483
5.94299 1353.28 224.566 -22.4162 0.1 22.1514
5.95302 1355.53 224.341 -22.3866 0.1 22.1483
5.96305 1357.78 224.117 -22.3581 0.1 22.1514
5.9731 1360.03 223.892 -22.3287 0.1 22.1483
5.98315 1362.28 223.668 -22.3002 0.1 22.1514
5.99322 1364.53 223.444 -22.2709 0.1 22.1482
6.00329 1366.78 223.219 -22.2426 0.1 22.1514
6.01338 1369.03 222.995 -22.2133 0.1 22.1482
6.02347 1371.28 222.771 -22.1851 0.1 22.1514
6.03358 1373.53 222.547 -22.1559 0.1 22.1482
6.04369 1375.78 222.323 -22.1278 0.1 22.1514
6.05382 1378.03 222.099 -22.0987 0.1 22.1482
6.06395 1380.28 221.875 -22.0707 0.1 22.1514
6.0741 1382.53 221.652 -22.0417 0.1 22.1482
6.08426 1384.78 221.428 -22.0137 0.1 22.1514
6.09442 1387.03 221.204 -21.9849 0.1 22.1482
6.1046 1389.28 220.981 -21.957 0.1 22.1514
6.11479 1391.53 220.757 -21.9282 0.1 22.1482
6.12498 1393.78 220.534 -21.9005 0.1 22.1514
6.13519 1396.03 220.31 -21.8718 0.1 22.1482
6.14541 1398.28 220.087 -21.8441 0.1 22.1514
6.15541 1400.48 219.869 -21.8166 0.1 22.1514
6.16542 1402.68 219.65 -21.7892 0.1 22.1514
6.17544 1404.88 219.432 -21.7618 0.1 22.1514
6.18547 1407.08 219.214 -21.7344 0.1 22.1514
6.19552 1409.28 218.996 -21.7071 0.1 22.1514
6.20557 1411.48 218.778 -21.6798 0.1 22.1514
6.21563 1413.68 218.56 -21.6526 0.1 22.1514
6.2257 1415.88 218.342 -21.6254 0.1 22.1514
6.23578 1418.08 218.124 -21.5983 0.1 22.1514
6.24587 1420.28 217.906 -21.5712 0.1 22.1514
6.25597 1422.48 217.688 -21.5442 0.1 22.1514
6.26608 1424.68 217.471 -21.5172 0.1 22.1514
6.27621 1426.88 217.253 -21.4902 0.1 22.1514
6.28634 1429.08 217.036 -21.4633 0.1 22.1514
6.29648 1431.28 216.818 -21.4364 0.1 22.1514
6.30663 1433.48 216.601 -21.4096 0.1 22.1514
6.31679 1435.68 216.383 -21.3828 0.1 22.1514
6.32697 1437.88 216.166 -21.3561 0.1 22.1514
6.33715 1440.08 215.948 -21.3294 0.1 22.1514
6.34734 1442.28 215.731 -21.3027 0.1 22.1514
6.35754 1444.48 215.514 -21.2761 0.1 22.1514
6.36776 1446.68 215.297 -21.2495 0.1 22.1514
6.37798 1448.88 215.08 -21.223 0.1 22.1514
6.38798 1451.03 214.868 -21.1967 0.1 22.1482
6.39799 1453.18 214.655 -21.1713 0.1 22.1514
6.40801 1455.33 214.443 -21.145 0.1 22.1482
6.41805 1457.48 214.231 -21.1197 0.1 22.1514
6.42809 1459.63 214.02 -21.0935 0.1 22.1482
6.43814 1461.78 213.808 -21.0683 0.1 22.1515
6.4482 1463.93 213.596 -21.0422 0.1 22.1482
6.45827 1466.08 213.384 -21.0171 0.1 22.1515
6.46835 1468.23 213.172 -20.9911 0.1 22.1482
6.47844 1470.38 212.961 -20.966 0.1 22.1515
6.48854 1472.53 212.749 -20.9401 0.1 22.1482
6.49865 1474.68 212.537 -20.9151 0.1 22.1515
6.50877 1476.83 212.326 -20.8892 0.1 22.1482
6.5189 1478.98 212.114 -20.8643 0.1 22.1515
6.52905 1481.13 211.903 -20.8386 0.1 22.1482
6.5392 1483.28 211.691 -20.8137 0.1 22.1515
6.54936 1485.43 211.48 -20.7881 0.1 22.1482
6.55953 1487.58 211.269 -20.7633 0.1 22.1515
6.56971 1489.73 211.057 -20.7377 0.1 22.1482
6.5799 1491.88 210.846 -20.713 0.1 22.1515
6.59011 1494.03 210.635 -20.6875 0.1 22.1482
6.60032 1496.18 210.424 -20.6629 0.1 22.1515
6.61054 1498.33 210.213 -20.6375 0.1 22.1481
6.62077 1500.48 210.002 -20.6129 0.1 22.1515
6.63078 1502.58 209.796 -20.5886 0.1 22.1515
6.64079 1504.68 209.59 -20.5643 0.1 22.1515
6.65082 1506.78 209.384 -20.54 0.1 22.1515
6.66085 1508.88 209.178 -20.5158 0.1 22.1515
6.6709 1510.98 208.972 -20.4916 0.1 22.1515
6.68095 1513.08 208.766 -20.4674 0.1 22.1515
6.69102 1515.18 208.56 -20.4433 0.1 22.1515
6.70109 1517.28 208.354 -20.4192 0.1 22.1515
6.71117 1519.38 208.148 -20.3952 0.1 22.1515
6.72127 1521.48 207.943 -20.3712 0.1 22.1515
6.73137 1523.58 207.737 -20.3472 0.1 22.1515
6.74149 1525.68 207.531 -20.3233 0.1 22.1515
6.75161 1527.78 207.326 -20.2994 0.1 22.1515
6.76175 1529.88 207.12 -20.2755 0.1 22.1515
6.77189 1531.98 206.914 -20.2517 0.1 22.1515
6.78204 1534.08 206.709 -20.2279 0.1 22.1515
6.79221 1536.18 206.503 -20.2041 0.1 22.1515
6.80238 1538.28 206.298 -20.1804 0.1 22.1515
6.81257 1540.38 206.093 -20.1567 0.1 22.1515
6.82276 1542.48 205.887 -20.1331 0.1 22.1515
6.83297 1544.58 205.682 -20.1095 0.1 22.1515
6.84318 1546.68 205.477 -20.0859 0.1 22.1515
6.85341 1548.78 205.271 -20.0624 0.1 22.1515
6.86364 1550.88 205.066 -20.0389 0.1 22.1515
6.87364 1552.93 204.866 -20.0156 0.1 22.1481
6.88366 1554.98 204.666 -19.9931 0.1 22.1515
6.89368 1557.03 204.465 -19.9698 0.1 22.1481
6.90371 1559.08 204.265 -19.9475 0.1 22.1515
6.91375 1561.13 204.065 -19.9243 0.1 22.1481
6.9238 1563.18 203.865 -19.902 0.1 22.1515
6.93386 1565.23 203.665 -19.8788 0.1 22.1481
6.94393 1567.28 203.465 -19.8566 0.1 22.1515
6.95401 1569.33 203.265 -19.8335 0.1 22.1481
6.9641 1571.38 203.064 -19.8114 0.1 22.1515
6.9742 1573.43 202.865 -19.7884 0.1 22.1481
6.98431 1575.48 202.665 -19.7663 0.1 22.1515
6.99443 1577.53 202.465 -19.7434 0.1 22.1481
7.00456 1579.58 202.265 -19.7213 0.1 22.1515
7.01471 1581.63 202.065 -19.6985 0.1 22.1481
7.02486 1583.68 201.865 -19.6765 0.1 22.1515
7.03502 1585.73 201.665 -19.6537 0.1 22.1481
7.04519 1587.78 201.465 -19.6318 0.1 22.1516
7.05537 1589.83 201.266 -19.6091 0.1 22.1481
7.06556 1591.88 201.066 -19.5872 0.1 22.1516
7.07576 1593.93 200.866 -19.5646 0.1 22.1481
7.08597 1595.98 200.667 -19.5428 0.1 22.1516
7.09619 1598.03 200.467 -19.5202 0.1 22.1481
7.10642 1600.08 200.267 -19.4985 0.1 22.1516
7.11666 1602.13 200.068 -19.476 0.1 22.1481
7.12667 1604.13 199.873 -19.4545 0.1 22.1481
7.13668 1606.13 199.679 -19.433 0.1 22.1481
7.1467 1608.13 199.484 -19.4115 0.1 22.1481
7.15673 1610.13 199.289 -19.3901 0.1 22.1481
7.16677 1612.13 199.095 -19.3687 0.1 22.1481
7.17682 1614.13 198.9 -19.3473 0.1 22.1481
7.18688 1616.13 198.706 -19.326 0.1 22.1481
7.19695 1618.13 198.511 -19.3047 0.1 22.1481
7.20703 1620.13 198.317 -19.2834 0.1 22.148
7.21712 1622.13 198.122 -19.2622 0.1 22.148
7.22722 1624.13 197.928 -19.2409 0.1 22.148
7.23733 1626.13 197.733 -19.2198 0.1 22.148
7.24745 1628.13 197.539 -19.1986 0.1 22.148
7.25758 1630.13 197.345 -19.1775 0.1 22.148
7.26772 1632.13 197.15 -19.1564 0.1 22.148
7.27787 1634.13 196.956 -19.1353 0.1 22.148
7.28803 1636.13 196.762 -19.1143 0.1 22.148
7.2982 1638.13 196.567 -19.0933 0.1 22.148
7.30838 1640.13 196.373 -19.0723 0.1 22.148
7.31857 1642.13 196.179 -19.0514 0.1 22.148
7.32877 1644.13 195.985 -19.0305 0.1 22.148
7.33898 1646.13 195.79 -19.0096 0.1 22.148
7.3492 1648.13 195.596 -18.9888 0.1 22.148
7.35943 1650.13 195.402 -18.9679 0.1 22.148
7.36967 1652.13 195.208 -18.9472 0.1 22.148
7.37992 1654.13 195.014 -18.9264 0.1 22.148
7.38992 1656.08 194.825 -18.9066 0.1 22.1516
7.39994 1658.03 194.635 -18.886 0.1 22.148
7.40996 1659.98 194.446 -18.8663 0.1 22.1516
7.42 1661.93 194.257 -18.8457 0.1 22.148
7.43004 1663.88 194.068 -18.826 0.1 22.1516
7.44009 1665.83 193.879 -18.8056 0.1 22.148
7.45015 1667.78 193.689 -18.7859 0.1 22.1516
7.46023 1669.73 193.5 -18.7655 0.1 22.148
7.47031 1671.68 193.311 -18.746 0.1 22.1516
7.4804 1673.63 193.122 -18.7256 0.1 22.148
7.4905 1675.58 192.933 -18.7061 0.1 22.1516
7.50062 1677.53 192.744 -18.6858 0.1 22.148
7.51074 1679.48 192.555 -18.6663 0.1 22.1516
7.52087 1681.43 192.366 -18.6461 0.1 22.148
7.53101 1683.38 192.177 -18.6267 0.1 22.1516
7.54116 1685.33 191.988 -18.6065 0.1 22.148
7.55133 1687.28 191.799 -18.5871 0.1 22.1516
7.5615 1689.23 191.61 -18.567 0.1 22.148
7.57168 1691.18 191.421 -18.5477 0.1 22.1516
7.58187 1693.13 191.232 -18.5276 0.1 22.148
7.59208 1695.08 191.043 -18.5084 0.1 22.1516
7.60229 1697.03 190.854 -18.4884 0.1 22.148
7.61251 1698.98 190.665 -18.4692 0.1 22.1516
7.62274 1700.93 190.477 -18.4492 0.1 22.148
7.63299 1702.88 190.288 -18.4301 0.1 22.1517
7.64324 1704.83 190.099 -18.4102 0.1 22.148
7.6535 1706.78 189.91 -18.3911 0.1 22.1517
7.66351 1708.68 189.726 -18.3722 0.1 22.1517
7.67353 1710.58 189.542 -18.3532 0.1 22.1517
7.68356 1712.48 189.358 -18.3343 0.1 22.1517
7.6936 1714.38 189.174 -18.3155 0.1 22.1517
7.70365 1716.28 188.99 -18.2966 0.1 22.1517
7.71371 1718.18 188.806 -18.2778 0.1 22.1517
7.72377 1720.08 188.622 -18.259 0.1 22.1517
7.73385 1721.98 188.438 -18.2402 0.1 22.1517
7.74394 1723.88 188.254 -18.2215 0.1 22.1517
7.75404 1725.78 188.071 -18.2028 0.1 22.1517
7.76415 1727.68 187.887 -18.1841 0.1 22.1517
7.77426 1729.58 187.703 -18.1654 0.1 22.1517
7.78439 1731.48 187.519 -18.1468 0.1 22.1517
7.79453 1733.38 187.335 -18.1282 0.1 22.1517
7.80468 1735.28 187.151 -18.1096 0.1 22.1517
7.81483 1737.18 186.967 -18.091 0.1 22.1517
7.825 1739.08 186.783 -18.0725 0.1 22.1517
7.83518 1740.98 186.6 -18.054 0.1 22.1517
7.84536 1742.88 186.416 -18.0355 0.1 22.1517
7.85556 1744.78 186.232 -18.017 0.1 22.1517
7.86577 1746.68 186.048 -17.9986 0.1 22.1517
7.87599 1748.58 185.864 -17.9802 0.1 22.1517
7.88621 1750.48 185.681 -17.9618 0.1 22.1517
7.89645 1752.38 185.497 -17.9434 0.1 22.1517
7.9067 1754.28 185.313 -17.9251 0.1 22.1517
7.91696 1756.18 185.129 -17.9068 0.1 22.1517
7.92723 1758.08 184.945 -17.8885 0.1 22.1517
7.93723 1759.93 184.767 -17.8703 0.1 22.1479
7.94725 1761.78 184.588 -17.853 0.1 22.1517
7.95728 1763.63 184.409 -17.8349 0.1 22.1479
7.96732 1765.48 184.23 -17.8175 0.1 22.1517
7.97736 1767.33 184.051 -17.7995 0.1 22.1479
7.98742 1769.18 183.872 -17.7822 0.1 22.1517
7.99749 1771.03 183.693 -17.7642 0.1 22.1479
8.00756 1772.88 183.514 -17.7469 0.1 22.1517
8.01765 1774.73 183.335 -17.729 0.1 22.1479
8.02774 1776.58 183.156 -17.7118 0.1 22.1517
8.03785 1778.43 182.977 -17.6939 0.1 22.1479
8.04797 1780.28 182.799 -17.6767 0.1 22.1517
8.05809 1782.13 182.62 -17.6589 0.1 22.1479
8.06823 1783.98 182.441 -17.6418 0.1 22.1517
8.07837 1785.83 182.262 -17.6239 0.1 22.1479
8.08853 1787.68 182.083 -17.6069 0.1 22.1517
8.09869 1789.53 181.904 -17.5891 0.1 22.1479
8.10887 1791.38 181.725 -17.5721 0.1 22.1517
8.11905 1793.23 181.546 -17.5544 0.1 22.1479
8.12925 1795.08 181.367 -17.5374 0.1 22.1517
8.13945 1796.93 181.189 -17.5198 0.1 22.1479
8.14967 1798.78 181.01 -17.5028 0.1 22.1517
8.1599 1800.63 180.831 -17.4852 0.1 22.1479
8.17013 1802.48 180.652 -17.4683 0.1 22.1518
8.18038 1804.33 180.473 -17.4508 0.1 22.1479
8.19063 1806.18 180.294 -17.4339 0.1 22.1518
8.2009 1808.03 180.115 -17.4164 0.1 22.1479
8.21118 1809.88 179.936 -17.3996 0.1 22.1518
8.22118 1811.68 179.762 -17.383 0.1 22.1518
8.2312 1813.48 179.588 -17.3663 0.1 22.1518
8.24123 1815.28 179.414 -17.3497 0.1 22.1518
8.25127 1817.08 179.24 -17.3331 0.1 22.1518
8.26132 1818.88 179.066 -17.3165 0.1 22.1518
8.27137 1820.68 178.892 -17.3 0.1 22.1518
8.28144 1822.48 178.718 -17.2835 0.1 22.1518
8.29152 1824.28 178.544 -17.2669 0.1 22.1518
8.3016 1826.08 178.37 -17.2505 0.1 22.1518
8.3117 1827.88 178.196 -17.234 0.1 22.1518
8.32181 1829.68 178.022 -17.2175 0.1 22.1518
8.33192 1831.48 177.847 -17.2011 0.1 22.1518
8.34205 1833.28 177.673 -17.1847 0.1 22.1518
8.35218 1835.08 177.499 -17.1683 0.1 22.1518
8.36233 1836.88 177.325 -17.152 0.1 22.1518
8.37249 1838.68 177.151 -17.1356 0.1 22.1518
8.38265 1840.48 176.977 -17.1193 0.1 22.1518
8.39283 1842.28 176.803 -17.103 0.1 22.1518
8.40301 1844.08 176.629 -17.0868 0.1 22.1518
8.41321 1845.88 176.455 -17.0705 0.1 22.1518
8.42342 1847.68 176.28 -17.0543 0.1 22.1518
8.43363 1849.48 176.106 -17.0381 0.1 22.1518
8.44386 1851.28 175.932 -17.0219 0.1 22.1518
8.4541 1853.08 175.758 -17.0057 0.1 22.1518
8.46434 1854.88 175.584 -16.9896 0.1 22.1518
8.4746 1856.68 175.41 -16.9734 0.1 22.1518
8.48487 1858.48 175.235 -16.9573 0.1 22.1518
8.49514 1860.28 175.061 -16.9412 0.1 22.1518
8.50514 1862.03 174.892 -16.9253 0.1 22.1478
8.51516 1863.78 174.723 -16.91 0.1 22.1518
8.52518 1865.53 174.553 -16.8941 0.1 22.1478
8.53521 1867.28 174.384 -16.8789 0.1 22.1518
8.54525 1869.03 174.214 -16.863 0.1 22.1478
8.5553 1870.78 174.045 -16.8478 0.1 22.1518
8.56536 1872.53 173.876 -16.832 0.1 22.1478
8.57543 1874.28 173.706 -16.8169 0.1 22.1518
8.58551 1876.03 173.537 -16.801 0.1 22.1478
8.5956 1877.78 173.367 -16.786 0.1 22.1518
8.6057 1879.53 173.198 -16.7702 0.1 22.1478
8.6158 1881.28 173.028 -16.7551 0.1 22.1518
8.62592 1883.03 172.859 -16.7394 0.1 22.1478
8.63605 1884.78 172.69 -16.7244 0.1 22.1518
8.64619 1886.53 172.52 -16.7087 0.1 22.1478
8.65634 1888.28 172.351 -16.6937 0.1 22.1518
8.6665 1890.03 172.181 -16.6781 0.1 22.1478
8.67667 1891.78 172.012 -16.6631 0.1 22.1518
8.68685 1893.53 171.842 -16.6475 0.1 22.1478
8.69704 1895.28 171.672 -16.6326 0.1 22.1519
8.70723 1897.03 171.503 -16.617 0.1 22.1478
8.71744 1898.78 171.333 -16.6022 0.1 22.1519
8.72766 1900.53 171.164 -16.5867 0.1 22.1478
8.73789 1902.28 170.994 -16.5718 0.1 22.1519
8.74813 1904.03 170.825 -16.5563 0.1 22.1478
8.75838 1905.78 170.655 -16.5415 0.1 22.1519
8.76864 1907.53 170.485 -16.5261 0.1 22.1478
8.77891 1909.28 170.316 -16.5113 0.1 22.1519
8.78919 1911.03 170.146 -16.4959 0.1 22.1478
8.79948 1912.78 169.976 -16.4812 0.1 22.1519
8.80949 1914.48 169.811 -16.4666 0.1 22.1519
8.81951 1916.18 169.647 -16.452 0.1 22.1519
8.82953 1917.88 169.482 -16.4374 0.1 22.1519
8.83957 1919.58 169.317 -16.4229 0.1 22.1519
8.84961 1921.28 169.152 -16.4084 0.1 22.1519
8.85967 1922.98 168.987 -16.3938 0.1 22.1519
8.86973 1924.68 168.822 -16.3793 0.1 22.1519
8.87981 1926.38 168.657 -16.3649 0.1 22.1519
8.88989 1928.08 168.492 -16.3504 0.1 22.1519
8.89999 1929.78 168.327 -16.336 0.1 22.1519
8.91009 1931.48 168.162 -16.3215 0.1 22.1519
8.9202 1933.18 167.997 -16.3071 0.1 22.1519
8.93033 1934.88 167.832 -16.2927 0.1 22.1519
8.94046 1936.58 167.667 -16.2783 0.1 22.1519
8.95061 1938.28 167.502 -16.264 0.1 22.1519
8.96076 1939.98 167.337 -16.2497 0.1 22.1519
8.97093 1941.68 167.172 -16.2353 0.1 22.1519
8.9811 1943.38 167.007 -16.221 0.1 22.1519
8.99129 1945.08 166.842 -16.2067 0.1 22.1519
9.00148 1946.78 166.677 -16.1925 0.1 22.1519
9.01168 1948.48 166.511 -16.1782 0.1 22.1519
9.0219 1950.18 166.346 -16.164 0.1 22.1519
9.03212 1951.88 166.181 -16.1498 0.1 22.1519
9.04236 1953.58 166.016 -16.1356 0.1 22.1519
9.0526 1955.28 165.851 -16.1214 0.1 22.1519
9.06286 1956.98 165.685 -16.1072 0.1 22.1519
9.07313 1958.68 165.52 -16.0931 0.1 22.1519
9.0834 1960.38 165.355 -16.0789 0.1 22.1519
9.09369 1962.08 165.189 -16.0648 0.1 22.1519
9.10398 1963.78 165.024 -16.0507 0.1 22.1519
9.11399 1965.43 164.864 -16.0367 0.1 22.1477
9.124 1967.08 164.703 -16.0234 0.1 22.1519
9.13402 1968.73 164.543 -16.0095 0.1 22.1477
9.14406 1970.38 164.382 -15.9962 0.1 22.1519
9.1541 1972.03 164.222 -15.9823 0.1 22.1477
9.16415 1973.68 164.061 -15.969 0.1 22.1519
9.17421 1975.33 163.9 -15.9551 0.1 22.1477
9.18429 1976.98 163.74 -15.9419 0.1 22.152
9.19437 1978.63 163.579 -15.928 0.1 22.1477
9.20446 1980.28 163.418 -15.9148 0.1 22.152
9.21456 1981.93 163.258 -15.901 0.1 22.1477
9.22467 1983.58 163.097 -15.8878 0.1 22.152
9.2348 1985.23 162.936 -15.874 0.1 22.1477
9.24493 1986.88 162.775 -15.8609 0.1 22.152
9.25507 1988.53 162.615 -15.8471 0.1 22.1477
9.26522 1990.18 162.454 -15.834 0.1 22.152
9.27538 1991.83 162.293 -15.8203 0.1 22.1477
9.28556 1993.48 162.132 -15.8072 0.1 22.152
9.29574 1995.13 161.971 -15.7936 0.1 22.1477
9.30593 1996.78 161.81 -15.7805 0.1 22.152
9.31613 1998.43 161.649 -15.7669 0.1 22.1476
9.32634 2000.08 161.488 -15.7538 0.1 22.152
9.33657 2001.73 161.327 -15.7402 0.1 22.1476
9.3468 2003.38 161.166 -15.7272 0.1 22.152
9.35704 2005.03 161.005 -15.7136 0.1 22.1476
9.3673 2006.68 160.844 -15.7007 0.1 22.152
9.37756 2008.33 160.683 -15.6871 0.1 22.1476
9.38783 2009.98 160.522 -15.6742 0.1 22.152
9.39812 2011.63 160.361 -15.6607 0.1 22.1476
9.40841 2013.28 160.2 -15.6478 0.1 22.152
9.41872 2014.93 160.039 -15.6343 0.1 22.1476
9.42872 2016.53 159.882 -15.6215 0.1 22.1476
9.43873 2018.13 159.726 -15.6088 0.1 22.1476
9.44876 2019.73 159.57 -15.596 0.1 22.1476
9.45879 2021.33 159.413 -15.5833 0.1 22.1476
9.46883 2022.93 159.257 -15.5706 0.1 22.1476
9.47888 2024.53 159.1 -15.5579 0.1 22.1476
9.48894 2026.13 158.944 -15.5452 0.1 22.1476
9.49901 2027.73 158.788 -15.5326 0.1 22.1476
9.5091 2029.33 158.631 -15.5199 0.1 22.1476
9.51919 2030.93 158.474 -15.5073 0.1 22.1476
9.52929 2032.53 158.318 -15.4946 0.1 22.1476
9.5394 2034.13 158.161 -15.482 0.1 22.1476
9.54952 2035.73 158.005 -15.4694 0.1 22.1476
9.55965 2037.33 157.848 -15.4569 0.1 22.1476
9.56979 2038.93 157.691 -15.4443 0.1 22.1476
9.57995 2040.53 157.535 -15.4317 0.1 22.1476
9.59011 2042.13 157.378 -15.4192 0.1 22.1476
9.60028 2043.73 157.221 -15.4067 0.1 22.1476
9.61046 2045.33 157.064 -15.3942 0.1 22.1476
9.62065 2046.93 156.907 -15.3817 0.1 22.1476
9.63086 2048.53 156.75 -15.3692 0.1 22.1476
9.64107 2050.13 156.594 -15.3567 0.1 22.1476
9.65129 2051.73 156.437 -15.3443 0.1 22.1476
9.66152 2053.33 156.28 -15.3319 0.1 22.1476
9.67177 2054.93 156.123 -15.3194 0.1 22.1476
9.68202 2056.53 155.966 -15.307 0.1 22.1476
9.69229 2058.13 155.809 -15.2946 0.1 22.1476
9.70256 2059.73 155.652 -15.2823 0.1 22.1476
9.71284 2061.33 155.494 -15.2699 0.1 22.1476
9.72314 2062.93 155.337 -15.2575 0.1 22.1476
9.73345 2064.53 155.18 -15.2452 0.1 22.1476
9.74376 2066.13 155.023 -15.2329 0.1 22.1476
9.75376 2067.68 154.871 -15.2213 0.1 22.1521
9.76378 2069.23 154.718 -15.2091 0.1 22.1476
9.7738 2070.78 154.566 -15.1975 0.1 22.1521
9.78383 2072.33 154.413 -15.1853 0.1 22.1475
9.79388 2073.88 154.261 -15.1737 0.1 22.1521
9.80393 2075.43 154.109 -15.1616 0.1 22.1475
9.81399 2076.98 153.956 -15.15 0.1 22.1521
9.82407 2078.53 153.804 -15.1379 0.1 22.1475
9.83415 2080.08 153.651 -15.1264 0.1 22.1521
9.84424 2081.63 153.498 -15.1143 0.1 22.1475
9.85435 2083.18 153.346 -15.1028 0.1 22.1521
9.86446 2084.73 153.193 -15.0907 0.1 22.1475
9.87458 2086.28 153.04 -15.0792 0.1 22.1521
9.88472 2087.83 152.888 -15.0672 0.1 22.1475
9.89486 2089.38 152.735 -15.0557 0.1 22.1521
9.90501 2090.93 152.582 -15.0437 0.1 22.1475
9.91518 2092.48 152.429 -15.0323 0.1 22.1521
9.92535 2094.03 152.276 -15.0203 0.1 22.1475
9.93553 2095.58 152.123 -15.0089 0.1 22.1521
9.94573 2097.13 151.97 -14.9969 0.1 22.1475
9.95593 2098.68 151.817 -14.9856 0.1 22.1521
9.96615 2100.23 151.664 -14.9736 0.1 22.1475
9.97637 2101.78 151.511 -14.9623 0.1 22.1521
9.98661 2103.33 151.358 -14.9504 0.1 22.1475
9.99685 2104.88 151.205 -14.9391 0.1 22.1521
10.0071 2106.43 151.052 -14.9272 0.1 22.1475
10.0174 2107.98 150.899 -14.9159 0.1 22.1521
10.0277 2109.53 150.746 -14.904 0.1 22.1475
10.0379 2111.08 150.592 -14.8928 0.1 22.1521
10.0482 2112.63 150.439 -14.8809 0.1 22.1475
10.0585 2114.18 150.286 -14.8697 0.1 22.1521
10.0689 2115.73 150.132 -14.8579 0.1 22.1475
10.0792 2117.28 149.979 -14.8467 0.1 22.1521
10.0892 2118.78 149.83 -14.8356 0.1 22.1522
10.0992 2120.28 149.682 -14.8244 0.1 22.1522
10.1092 2121.78 149.533 -14.8134 0.1 22.1522
10.1193 2123.28 149.385 -14.8023 0.1 22.1522
10.1293 2124.78 149.236 -14.7912 0.1 22.1522
10.1394 2126.28 149.087 -14.7801 0.1 22.1522
10.1495 2127.78 148.939 -14.7691 0.1 22.1522
10.1595 2129.28 148.79 -14.758 0.1 22.1522
10.1696 2130.78 148.641 -14.747 0.1 22.1522
10.1797 2132.28 148.492 -14.736 0.1 22.1522
10.1898 2133.78 148.343 -14.725 0.1 22.1522
10.1999 2135.28 148.194 -14.714 0.1 22.1522
10.2101 2136.78 148.045 -14.703 0.1 22.1522
10.2202 2138.28 147.896 -14.6921 0.1 22.1522
10.2303 2139.78 147.747 -14.6811 0.1 22.1522
10.2405 2141.28 147.598 -14.6702 0.1 22.1522
10.2507 2142.78 147.449 -14.6592 0.1 22.1522
10.2609 2144.28 147.3 -14.6483 0.1 22.1522
10.271 2145.78 147.151 -14.6374 0.1 22.1522
10.2812 2147.28 147.002 -14.6265 0.1 22.1522
10.2914 2148.78 146.852 -14.6156 0.1 22.1522
10.3017 2150.28 146.703 -14.6048 0.1 22.1522
10.3119 2151.78 146.554 -14.5939 0.1 22.1522
10.3221 2153.28 146.404 -14.5831 0.1 22.1522
10.3324 2154.78 146.255 -14.5722 0.1 22.1522
10.3427 2156.28 146.105 -14.5614 0.1 22.1522
10.3529 2157.78 145.956 -14.5506 0.1 22.1522
10.3632 2159.28 145.806 -14.5398 0.1 22.1522
10.3735 2160.78 145.657 -14.529 0.1 22.1522
10.3838 2162.28 145.507 -14.5182 0.1 22.1522
10.3941 2163.78 145.357 -14.5074 0.1 22.1522
10.4044 2165.28 145.208 -14.4967 0.1 22.1522
10.4148 2166.78 145.058 -14.486 0.1 22.1522
10.4248 2168.23 144.913 -14.4753 0.1 22.1474
10.4348 2169.68 144.768 -14.4652 0.1 22.1522
10.4448 2171.13 144.623 -14.4546 0.1 22.1474
10.4548 2172.58 144.478 -14.4445 0.1 22.1522
10.4649 2174.03 144.333 -14.4339 0.1 22.1474
10.4749 2175.48 144.188 -14.4239 0.1 22.1522
10.485 2176.93 144.043 -14.4133 0.1 22.1474
10.4951 2178.38 143.898 -14.4033 0.1 22.1522
10.5052 2179.83 143.753 -14.3927 0.1 22.1474
10.5152 2181.28 143.608 -14.3827 0.1 22.1523
10.5253 2182.73 143.463 -14.3722 0.1 22.1474
10.5355 2184.18 143.317 -14.3622 0.1 22.1523
10.5456 2185.63 143.172 -14.3517 0.1 22.1474
10.5557 2187.08 143.027 -14.3417 0.1 22.1523
10.5659 2188.53 142.881 -14.3312 0.1 22.1474
10.576 2189.98 142.736 -14.3213 0.1 22.1523
10.5862 2191.43 142.59 -14.3108 0.1 22.1474
10.5963 2192.88 142.445 -14.3009 0.1 22.1523
10.6065 2194.33 142.299 -14.2904 0.1 22.1474
10.6167 2195.78 142.153 -14.2805 0.1 22.1523
10.6269 2197.23 142.008 -14.2701 0.1 22.1473
10.6372 2198.68 141.862 -14.2602 0.1 22.1523
10.6474 2200.13 141.716 -14.2498 0.1 22.1473
10.6576 2201.58 141.57 -14.2399 0.1 22.1523
10.6679 2203.03 141.425 -14.2295 0.1 22.1473
10.6781 2204.48 141.279 -14.2197 0.1 22.1523
10.6884 2205.93 141.133 -14.2093 0.1 22.1473
10.6987 2207.38 140.987 -14.1995 0.1 22.1523
10.709 2208.83 140.841 -14.1892 0.1 22.1473
10.7193 2210.28 140.695 -14.1794 0.1 22.1523
10.7296 2211.73 140.548 -14.1691 0.1 22.1473
10.7399 2213.18 140.402 -14.1593 0.1 22.1523
10.7502 2214.63 140.256 -14.149 0.1 22.1473
10.7606 2216.08 140.11 -14.1392 0.1 22.1523
10.7709 2217.53 139.963 -14.129 0.1 22.1473
10.7809 2218.93 139.822 -14.1193 0.1 22.1473
10.791 2220.33 139.68 -14.1097 0.1 22.1473
10.801 2221.73 139.539 -14.1 0.1 22.1473
10.811 2223.13 139.398 -14.0904 0.1 22.1473
10.8211 2224.53 139.256 -14.0808 0.1 22.1473
10.8311 2225.93 139.114 -14.0712 0.1 22.1473
10.8412 2227.33 138.973 -14.0616 0.1 22.1473
10.8513 2228.73 138.831 -14.052 0.1 22.1473
10.8614 2230.13 138.689 -14.0424 0.1 22.1473
10.8715 2231.53 138.548 -14.0328 0.1 22.1473
10.8816 2232.93 138.406 -14.0233 0.1 22.1473
10.8917 2234.33 138.264 -14.0137 0.1 22.1473
10.9018 2235.73 138.122 -14.0042 0.1 22.1473
10.912 2237.13 137.98 -13.9946 0.1 22.1473
10.9221 2238.53 137.838 -13.9851 0.1 22.1473
10.9323 2239.93 137.696 -13.9756 0.1 22.1473
10.9425 2241.33 137.554 -13.9661 0.1 22.1473
10.9526 2242.73 137.412 -13.9566 0.1 22.1473
10.9628 2244.13 137.269 -13.9471 0.1 22.1473
10.973 2245.53 137.127 -13.9377 0.1 22.1473
10.9832 2246.93 136.985 -13.9282 0.1 22.1473
10.9935 2248.33 136.842 -13.9187 0.1 22.1473
11.0037 2249.73 136.7 -13.9093 0.1 22.1473
11.014 2251.13 136.558 -13.8999 0.1 22.1473
11.0242 2252.53 136.415 -13.8904 0.1 22.1472
11.0345 2253.93 136.272 -13.881 0.1 22.1472
11.0448 2255.33 136.13 -13.8716 0.1 22.1472
11.0551 2256.73 135.987 -13.8622 0.1 22.1472
11.0654 2258.13 135.844 -13.8528 0.1 22.1472
11.0757 2259.53 135.702 -13.8434 0.1 22.1472
11.086 2260.93 135.559 -13.8341 0.1 22.1472
11.0963 2262.33 135.416 -13.8247 0.1 22.1472
11.1067 2263.73 135.273 -13.8154 0.1 22.1472
11.117 2265.13 135.13 -13.806 0.1 22.1472
11.1274 2266.53 134.987 -13.7967 0.1 22.1472
11.1374 2267.88 134.849 -13.7879 0.1 22.1524
11.1474 2269.23 134.711 -13.7787 0.1 22.1472
11.1574 2270.58 134.573 -13.77 0.1 22.1524
11.1675 2271.93 134.434 -13.7608 0.1 22.1472
11.1775 2273.28 134.296 -13.7521 0.1 22.1524
11.1876 2274.63 134.158 -13.7429 0.1 22.1472
11.1976 2275.98 134.02 -13.7342 0.1 22.1524
11.2077 2277.33 133.881 -13.725 0.1 22.1472
11.2178 2278.68 133.743 -13.7163 0.1 22.1524
11.2279 2280.03 133.604 -13.7072 0.1 22.1472
11.238 2281.38 133.466 -13.6985 0.1 22.1524
11.2481 2282.73 133.327 -13.6894 0.1 22.1472
11.2583 2284.08 133.189 -13.6807 0.1 22.1524
11.2684 2285.43 133.05 -13.6716 0.1 22.1472
11.2786 2286.78 132.911 -13.663 0.1 22.1524
11.2887 2288.13 132.772 -13.6539 0.1 22.1472
11.2989 2289.48 132.633 -13.6453 0.1 22.1525
11.3091 2290.83 132.495 -13.6362 0.1 22.1472
11.3193 2292.18 132.356 -13.6276 0.1 22.1525
11.3295 2293.53 132.217 -13.6185 0.1 22.1472
11.3397 2294.88 132.077 -13.61 0.1 22.1525
11.3499 2296.23 131.938 -13.6009 0.1 22.1472
11.3602 2297.58 131.799 -13.5924 0.1 22.1525
11.3704 2298.93 131.66 -13.5833 0.1 22.1472
11.3807 2300.28 131.521 -13.5748 0.1 22.1525
11.3909 2301.63 131.381 -13.5658 0.1 22.1472
11.4012 2302.98 131.242 -13.5572 0.1 22.1525
11.4115 2304.33 131.102 -13.5482 0.1 22.1471
11.4218 2305.68 130.963 -13.5397 0.1 22.1525
11.4321 2307.03 130.823 -13.5308 0.1 22.1471
11.4425 2308.38 130.683 -13.5223 0.1 22.1525
11.4528 2309.73 130.544 -13.5133 0.1 22.1471
11.4631 2311.08 130.404 -13.5048 0.1 22.1525
11.4735 2312.43 130.264 -13.4959 0.1 22.1471
11.4839 2313.78 130.124 -13.4874 0.1 22.1525
11.4943 2315.13 129.984 -13.4785 0.1 22.1471
11.5043 2316.43 129.849 -13.4701 0.1 22.1471
11.5143 2317.73 129.715 -13.4618 0.1 22.1471
11.5243 2319.03 129.58 -13.4534 0.1 22.1471
11.5343 2320.33 129.445 -13.4451 0.1 22.1471
11.5444 2321.63 129.31 -13.4368 0.1 22.1471
11.5544 2322.93 129.174 -13.4285 0.1 22.1471
11.5645 2324.23 129.039 -13.4201 0.1 22.1471
11.5746 2325.53 128.904 -13.4118 0.1 22.1471
11.5847 2326.83 128.769 -13.4035 0.1 22.1471
11.5948 2328.13 128.633 -13.3953 0.1 22.1471
11.6049 2329.43 128.498 -13.387 0.1 22.1471
11.615 2330.73 128.363 -13.3787 0.1 22.1471
11.6252 2332.03 128.227 -13.3704 0.1 22.1471
11.6353 2333.33 128.091 -13.3622 0.1 22.1471
11.6455 2334.63 127.956 -13.3539 0.1 22.1471
11.6556 2335.93 127.82 -13.3457 0.1 22.1471
11.6658 2337.23 127.684 -13.3374 0.1 22.1471
11.676 2338.53 127.548 -13.3292 0.1 22.1471
11.6862 2339.83 127.413 -13.321 0.1 22.1471
11.6964 2341.13 127.277 -13.3128 0.1 22.1471
11.7066 2342.43 127.141 -13.3046 0.1 22.1471
11.7168 2343.73 127.005 -13.2964 0.1 22.1471
11.7271 2345.03 126.868 -13.2882 0.1 22.1471
11.7373 2346.33 126.732 -13.28 0.1 22.1471
11.7476 2347.63 126.596 -13.2718 0.1 22.147
11.7579 2348.93 126.46 -13.2637 0.1 22.147
11.7682 2350.23 126.323 -13.2555 0.1 22.147
11.7785 2351.53 126.187 -13.2474 0.1 22.147
11.7888 2352.83 126.05 -13.2392 0.1 22.147
11.7991 2354.13 125.914 -13.2311 0.1 22.147
11.8094 2355.43 125.777 -13.223 0.1 22.147
11.8198 2356.73 125.64 -13.2148 0.1 22.147
11.8301 2358.03 125.504 -13.2067 0.1 22.147
11.8405 2359.33 125.367 -13.1986 0.1 22.147
11.8508 2360.63 125.23 -13.1905 0.1 22.147
11.8612 2361.93 125.093 -13.1824 0.1 22.147
11.8716 2363.23 124.956 -13.1743 0.1 22.147
11.8816 2364.48 124.824 -13.1668 0.1 22.1526
11.8917 2365.73 124.692 -13.1588 0.1 22.147
11.9017 2366.98 124.56 -13.1513 0.1 22.1526
11.9117 2368.23 124.428 -13.1433 0.1 22.147
11.9218 2369.48 124.296 -13.1358 0.1 22.1526
11.9318 2370.73 124.164 -13.1279 0.1 22.147
11.9419 2371.98 124.032 -13.1204 0.1 22.1526
11.952 2373.23 123.9 -13.1124 0.1 22.147
11.9621 2374.48 123.767 -13.1049 0.1 22.1526
11.9722 2375.73 123.635 -13.097 0.1 22.147
11.9823 2376.98 123.502 -13.0895 0.1 22.1526
11.9924 2378.23 123.37 -13.0816 0.1 22.147
12.0026 2379.48 123.237 -13.0742 0.1 22.1527
12.0127 2380.73 123.105 -13.0663 0.1 22.147
12.0229 2381.98 122.972 -13.0588 0.1 22.1527
12.0331 2383.23 122.839 -13.0509 0.1 22.147
12.0432 2384.48 122.706 -13.0435 0.1 22.1527
12.0534 2385.73 122.573 -13.0356 0.1 22.147
12.0636 2386.98 122.44 -13.0282 0.1 22.1527
12.0739 2388.23 122.307 -13.0204 0.1 22.147
12.0841 2389.48 122.174 -13.013 0.1 22.1527
12.0943 2390.73 122.041 -13.0051 0.1 22.1469
12.1046 2391.98 121.908 -12.9977 0.1 22.1527
12.1148 2393.23 121.775 -12.9899 0.1 22.1469
12.1251 2394.48 121.641 -12.9825 0.1 22.1527
12.1354 2395.73 121.508 -12.9747 0.1 22.1469
12.1457 2396.98 121.374 -12.9674 0.1 22.1527
12.156 2398.23 121.241 -12.9596 0.1 22.1469
12.1663 2399.48 121.107 -12.9522 0.1 22.1527
12.1766 2400.73 120.973 -12.9444 0.1 22.1469
12.187 2401.98 120.84 -12.9371 0.1 22.1527
12.1973 2403.23 120.706 -12.9293 0.1 22.1469
12.2077 2404.48 120.572 -12.922 0.1 22.1527
12.218 2405.73 120.438 -12.9142 0.1 22.1469
12.2284 2406.98 120.304 -12.9069 0.1 22.1527
12.2388 2408.23 120.17 -12.8992 0.1 22.1469
12.2492 2409.48 120.035 -12.8919 0.1 22.1527
12.2592 2410.68 119.906 -12.8847 0.1 22.1527
12.2692 2411.88 119.777 -12.8775 0.1 22.1527
12.2793 2413.08 119.648 -12.8703 0.1 22.1527
12.2893 2414.28 119.519 -12.8631 0.1 22.1527
12.2994 2415.48 119.39 -12.8559 0.1 22.1527
12.3094 2416.68 119.261 -12.8487 0.1 22.1527
12.3195 2417.88 119.132 -12.8415 0.1 22.1528
12.3296 2419.08 119.002 -12.8344 0.1 22.1528
12.3396 2420.28 118.873 -12.8272 0.1 22.1528
12.3497 2421.48 118.743 -12.8201 0.1 22.1528
12.3599 2422.68 118.614 -12.8129 0.1 22.1528
12.37 2423.88 118.484 -12.8058 0.1 22.1528
12.3801 2425.08 118.354 -12.7986 0.1 22.1528
12.3903 2426.28 118.224 -12.7915 0.1 22.1528
12.4004 2427.48 118.094 -12.7844 0.1 22.1528
12.4106 2428.68 117.965 -12.7773 0.1 22.1528
12.4208 2429.88 117.835 -12.7701 0.1 22.1528
12.4309 2431.08 117.704 -12.763 0.1 22.1528
12.4412 2432.28 117.574 -12.7559 0.1 22.1528
12.4514 2433.48 117.444 -12.7488 0.1 22.1528
12.4616 2434.68 117.314 -12.7418 0.1 22.1528
12.4718 2435.88 117.183 -12.7347 0.1 22.1528
12.4821 2437.08 117.053 -12.7276 0.1 22.1528
12.4923 2438.28 116.922 -12.7205 0.1 22.1528
12.5026 2439.48 116.792 -12.7135 0.1 22.1528
12.5129 2440.68 116.661 -12.7064 0.1 22.1528
12.5232 2441.88 116.53 -12.6994 0.1 22.1528
12.5335 2443.08 116.4 -12.6923 0.1 22.1528
12.5438 2444.28 116.269 -12.6853 0.1 22.1528
12.5541 2445.48 116.138 -12.6783 0.1 22.1528
12.5645 2446.68 116.007 -12.6712 0.1 22.1528
12.5748 2447.88 115.876 -12.6642 0.1 22.1528
12.5852 2449.08 115.744 -12.6572 0.1 22.1528
12.5955 2450.28 115.613 -12.6502 0.1 22.1528
12.6059 2451.48 115.482 -12.6432 0.1 22.1528
12.6163 2452.68 115.35 -12.6362 0.1 22.1528
12.6267 2453.88 115.219 -12.6292 0.1 22.1529
12.6372 2455.08 115.087 -12.6222 0.1 22.1529
12.6476 2456.28 114.956 -12.6152 0.1 22.1529
12.6576 2457.43 114.829 -12.6083 0.1 22.1468
12.6676 2458.58 114.703 -12.6019 0.1 22.1529
12.6776 2459.73 114.577 -12.595 0.1 22.1468
12.6877 2460.88 114.45 -12.5885 0.1 22.1529
12.6977 2462.03 114.324 -12.5817 0.1 22.1468
12.7078 2463.18 114.197 -12.5752 0.1 22.1529
12.7179 2464.33 114.071 -12.5684 0.1 22.1467
12.728 2465.48 113.944 -12.5619 0.1 22.1529
12.7381 2466.63 113.817 -12.5551 0.1 22.1467
12.7482 2467.78 113.69 -12.5487 0.1 22.1529
12.7583 2468.93 113.563 -12.5418 0.1 22.1467
12.7684 2470.08 113.436 -12.5354 0.1 22.1529
12.7786 2471.23 113.309 -12.5286 0.1 22.1467
12.7887 2472.38 113.182 -12.5222 0.1 22.1529
12.7989 2473.53 113.054 -12.5154 0.1 22.1467
12.8091 2474.68 112.927 -12.509 0.1 22.1529
12.8193 2475.83 112.8 -12.5022 0.1 22.1467
12.8295 2476.98 112.672 -12.4958 0.1 22.1529
12.8397 2478.13 112.545 -12.489 0.1 22.1467
12.8499 2479.28 112.417 -12.4827 0.1 22.1529
12.8601 2480.43 112.289 -12.4759 0.1 22.1467
12.8704 2481.58 112.161 -12.4695 0.1 22.1529
12.8806 2482.73 112.033 -12.4628 0.1 22.1467
12.8909 2483.88 111.906 -12.4564 0.1 22.1529
12.9012 2485.03 111.777 -12.4497 0.1 22.1467
12.9115 2486.18 111.649 -12.4433 0.1 22.1529
12.9218 2487.33 111.521 -12.4366 0.1 22.1467
12.9321 2488.48 111.393 -12.4302 0.1 22.153
12.9424 2489.63 111.264 -12.4235 0.1 22.1467
12.9528 2490.78 111.136 -12.4172 0.1 22.153
12.9631 2491.93 111.008 -12.4105 0.1 22.1467
12.9735 2493.08 110.879 -12.4042 0.1 22.153
12.9839 2494.23 110.75 -12.3975 0.1 22.1467
12.9943 2495.38 110.621 -12.3912 0.1 22.153
13.0047 2496.53 110.493 -12.3845 0.1 22.1466
13.0151 2497.68 110.364 -12.3782 0.1 22.153
13.0255 2498.83 110.235 -12.3715 0.1 22.1466
13.036 2499.98 110.105 -12.3652 0.1 22.153
13.0464 2501.13 109.976 -12.3585 0.1 22.1466
13.0564 2502.23 109.853 -12.3523 0.1 22.1466
13.0664 2503.33 109.729 -12.3462 0.1 22.1466
13.0765 2504.43 109.605 -12.34 0.1 22.1466
13.0865 2505.53 109.481 -12.3338 0.1 22.1466
13.0966 2506.63 109.357 -12.3276 0.1 22.1466
13.1066 2507.73 109.233 -12.3215 0.1 22.1466
13.1167 2508.83 109.109 -12.3153 0.1 22.1466
13.1268 2509.93 108.985 -12.3092 0.1 22.1466
13.1369 2511.03 108.861 -12.303 0.1 22.1466
13.147 2512.13 108.736 -12.2969 0.1 22.1466
13.1571 2513.23 108.612 -12.2907 0.1 22.1466
13.1673 2514.33 108.487 -12.2846 0.1 22.1466
13.1774 2515.43 108.363 -12.2785 0.1 22.1466
13.1876 2516.53 108.238 -12.2724 0.1 22.1466
13.1977 2517.63 108.113 -12.2662 0.1 22.1466
13.2079 2518.73 107.988 -12.2601 0.1 22.1466
13.2181 2519.83 107.863 -12.254 0.1 22.1466
13.2283 2520.93 107.738 -12.2479 0.1 22.1466
13.2385 2522.03 107.613 -12.2418 0.1 22.1466
13.2488 2523.13 107.488 -12.2357 0.1 22.1466
13.259 2524.23 107.363 -12.2296 0.1 22.1466
13.2692 2525.33 107.238 -12.2235 0.1 22.1466
13.2795 2526.43 107.112 -12.2175 0.1 22.1465
13.2898 2527.53 106.987 -12.2114 0.1 22.1465
13.3001 2528.63 106.861 -12.2053 0.1 22.1465
13.3104 2529.73 106.735 -12.1992 0.1 22.1465
13.3207 2530.83 106.61 -12.1932 0.1 22.1465
13.331 2531.93 106.484 -12.1871 0.1 22.1465
13.3413 2533.03 106.358 -12.1811 0.1 22.1465
13.3517 2534.13 106.232 -12.175 0.1 22.1465
13.3621 2535.23 106.106 -12.169 0.1 22.1465
13.3724 2536.33 105.979 -12.1629 0.1 22.1465
13.3828 2537.43 105.853 -12.1569 0.1 22.1465
13.3932 2538.53 105.727 -12.1509 0.1 22.1465
13.4036 2539.63 105.6 -12.1449 0.1 22.1465
13.414 2540.73 105.474 -12.1388 0.1 22.1465
13.4245 2541.83 105.347 -12.1328 0.1 22.1465
13.4349 2542.93 105.22 -12.1268 0.1 22.1465
13.4454 2544.03 105.094 -12.1208 0.1 22.1465
13.4559 2545.13 104.967 -12.1148 0.1 22.1465
13.4659 2546.18 104.845 -12.1093 0.1 22.1532
13.4759 2547.23 104.724 -12.1034 0.1 22.1465
13.4859 2548.28 104.603 -12.0979 0.1 22.1532
13.496 2549.33 104.481 -12.092 0.1 22.1465
13.506 2550.38 104.36 -12.0864 0.1 22.1532
13.5161 2551.43 104.238 -12.0806 0.1 22.1465
13.5262 2552.48 104.116 -12.075 0.1 22.1532
13.5363 2553.53 103.994 -12.0692 0.1 22.1464
13.5464 2554.58 103.873 -12.0637 0.1 22.1532
13.5565 2555.63 103.751 -12.0578 0.1 22.1464
13.5666 2556.68 103.628 -12.0523 0.1 22.1532
13.5767 2557.73 103.506 -12.0464 0.1 22.1464
13.5869 2558.78 103.384 -12.041 0.1 22.1532
13.5971 2559.83 103.262 -12.0351 0.1 22.1464
13.6072 2560.88 103.139 -12.0296 0.1 22.1532
13.6174 2561.93 103.017 -12.0238 0.1 22.1464
13.6276 2562.98 102.894 -12.0183 0.1 22.1532
13.6378 2564.03 102.771 -12.0125 0.1 22.1464
13.6481 2565.08 102.649 -12.007 0.1 22.1532
13.6583 2566.13 102.526 -12.0012 0.1 22.1464
13.6685 2567.18 102.403 -11.9958 0.1 22.1532
13.6788 2568.23 102.28 -11.9899 0.1 22.1464
13.6891 2569.28 102.157 -11.9845 0.1 22.1532
13.6994 2570.33 102.033 -11.9787 0.1 22.1464
13.7097 2571.38 101.91 -11.9733 0.1 22.1532
13.72 2572.43 101.787 -11.9675 0.1 22.1464
13.7303 2573.48 101.663 -11.962 0.1 22.1533
13.7406 2574.53 101.54 -11.9562 0.1 22.1464
13.751 2575.58 101.416 -11.9508 0.1 22.1533
13.7613 2576.63 101.292 -11.945 0.1 22.1464
13.7717 2577.68 101.168 -11.9396 0.1 22.1533
13.7821 2578.73 101.044 -11.9339 0.1 22.1464
13.7925 2579.78 100.92 -11.9285 0.1 22.1533
13.8029 2580.83 100.796 -11.9227 0.1 22.1463
13.8133 2581.88 100.672 -11.9173 0.1 22.1533
13.8238 2582.93 100.548 -11.9115 0.1 22.1463
13.8342 2583.98 100.423 -11.9062 0.1 22.1533
13.8447 2585.03 100.299 -11.9004 0.1 22.1463
13.8551 2586.08 100.174 -11.895 0.1 22.1533
13.8656 2587.13 100.049 -11.8893 0.1 22.1463
13.8756 2588.13 99.9303 -11.884 0.1 22.1463
13.8856 2589.13 99.8113 -11.8787 0.1 22.1463
13.8957 2590.13 99.6923 -11.8734 0.1 22.1463
13.9057 2591.13 99.5731 -11.8682 0.1 22.1463
13.9158 2592.13 99.4539 -11.8629 0.1 22.1463
13.9258 2593.13 99.3346 -11.8576 0.1 22.1463
13.9359 2594.13 99.2151 -11.8524 0.1 22.1463
13.946 2595.13 99.0956 -11.8471 0.1 22.1463
13.9561 2596.13 98.976 -11.8418 0.1 22.1463
13.9662 2597.13 98.8563 -11.8366 0.1 22.1463
13.9763 2598.13 98.7366 -11.8313 0.1 22.1463
13.9864 2599.13 98.6167 -11.8261 0.1 22.1463
13.9966 2600.13 98.4967 -11.8209 0.1 22.1463
14.0067 2601.13 98.3767 -11.8156 0.1 22.1463
14.0169 2602.13 98.2565 -11.8104 0.1 22.1463
14.0271 2603.13 98.1362 -11.8052 0.1 22.1462
14.0373 2604.13 98.0159 -11.7999 0.1 22.1462
14.0475 2605.13 97.8955 -11.7947 0.1 22.1462
14.0577 2606.13 97.7749 -11.7895 0.1 22.1462
14.068 2607.13 97.6543 -11.7843 0.1 22.1462
14.0782 2608.13 97.5336 -11.7791 0.1 22.1462
14.0885 2609.13 97.4128 -11.7739 0.1 22.1462
14.0987 2610.13 97.2918 -11.7687 0.1 22.1462
14.109 2611.13 97.1708 -11.7635 0.1 22.1462
14.1193 2612.13 97.0497 -11.7583 0.1 22.1462
14.1296 2613.13 96.9285 -11.7531 0.1 22.1462
14.14 2614.13 96.8072 -11.7479 0.1 22.1462
14.1503 2615.13 96.6858 -11.7427 0.1 22.1462
14.1606 2616.13 96.5643 -11.7375 0.1 22.1462
14.171 2617.13 96.4427 -11.7323 0.1 22.1462
14.1814 2618.13 96.321 -11.7272 0.1 22.1462
14.1918 2619.13 96.1992 -11.722 0.1 22.1462
14.2022 2620.13 96.0773 -11.7168 0.1 22.1462
14.2126 2621.13 95.9553 -11.7117 0.1 22.1462
14.223 2622.13 95.8332 -11.7065 0.1 22.1462
14.2335 2623.13 95.7109 -11.7013 0.1 22.1462
14.2439 2624.13 95.5886 -11.6962 0.1 22.1462
14.2544 2625.13 95.4662 -11.691 0.1 22.1461
14.2649 2626.13 95.3437 -11.6859 0.1 22.1461
14.2754 2627.13 95.2211 -11.6808 0.1 22.1461
14.2859 2628.13 95.0984 -11.6756 0.1 22.1461
14.2964 2629.13 94.9755 -11.6705 0.1 22.1461
14.3064 2630.08 94.8587 -11.6658 0.1 22.1535
14.3164 2631.03 94.7419 -11.6608 0.1 22.1461
14.3265 2631.98 94.6249 -11.6561 0.1 22.1535
14.3365 2632.93 94.5078 -11.651 0.1 22.1461
14.3466 2633.88 94.3906 -11.6463 0.1 22.1535
14.3566 2634.83 94.2734 -11.6413 0.1 22.1461
14.3667 2635.78 94.156 -11.6366 0.1 22.1535
14.3768 2636.73 94.0386 -11.6316 0.1 22.1461
14.3869 2637.68 93.921 -11.6269 0.1 22.1535
14.397 2638.63 93.8033 -11.6219 0.1 22.1461
14.4072 2639.58 93.6856 -11.6172 0.1 22.1535
14.4173 2640.53 93.5677 -11.6122 0.1 22.1461
14.4275 2641.48 93.4498 -11.6076 0.1 22.1536
14.4377 2642.43 93.3317 -11.6026 0.1 22.1461
14.4478 2643.38 93.2136 -11.5979 0.1 22.1536
14.458 2644.33 93.0953 -11.5929 0.1 22.1461
14.4683 2645.28 92.977 -11.5883 0.1 22.1536
14.4785 2646.23 92.8585 -11.5833 0.1 22.146
14.4887 2647.18 92.7399 -11.5786 0.1 22.1536
14.499 2648.13 92.6213 -11.5737 0.1 22.146
14.5092 2649.08 92.5025 -11.569 0.1 22.1536
14.5195 2650.03 92.3837 -11.5641 0.1 22.146
14.5298 2650.98 92.2647 -11.5594 0.1 22.1536
14.5401 2651.93 92.1456 -11.5545 0.1 22.146
14.5504 2652.88 92.0264 -11.5498 0.1 22.1536
14.5607 2653.83 91.9071 -11.5449 0.1 22.146
14.5711 2654.78 91.7877 -11.5403 0.1 22.1536
14.5814 2655.73 91.6683 -11.5353 0.1 22.146
14.5918 2656.68 91.5487 -11.5307 0.1 22.1536
14.6022 2657.63 91.4289 -11.5258 0.1 22.146
14.6126 2658.58 91.3091 -11.5211 0.1 22.1536
14.623 2659.53 91.1892 -11.5162 0.1 22.146
14.6334 2660.48 91.0692 -11.5116 0.1 22.1537
14.6439 2661.43 90.949 -11.5067 0.1 22.146
14.6543 2662.38 90.8288 -11.5021 0.1 22.1537
14.6648 2663.33 90.7084 -11.4972 0.1 22.146
14.6753 2664.28 90.5879 -11.4926 0.1 22.1537
14.6858 2665.23 90.4674 -11.4877 0.1 22.1459
14.6963 2666.18 90.3467 -11.4831 0.1 22.1537
14.7068 2667.13 90.2259 -11.4782 0.1 22.1459
14.7173 2668.08 90.105 -11.4736 0.1 22.1537
14.7279 2669.03 89.9839 -11.4687 0.1 22.1459
14.7379 2669.93 89.8692 -11.4642 0.1 22.1459
14.7479 2670.83 89.7543 -11.4597 0.1 22.1459
14.758 2671.73 89.6393 -11.4552 0.1 22.1459
14.768 2672.63 89.5243 -11.4508 0.1 22.1459
14.7781 2673.53 89.4091 -11.4463 0.1 22.1459
14.7881 2674.43 89.2938 -11.4418 0.1 22.1459
14.7982 2675.33 89.1784 -11.4374 0.1 22.1459
14.8083 2676.23 89.063 -11.4329 0.1 22.1459
14.8184 2677.13 88.9474 -11.4284 0.1 22.1459
14.8286 2678.03 88.8317 -11.424 0.1 22.1459
14.8387 2678.93 88.7159 -11.4195 0.1 22.1459
14.8488 2679.83 88.6 -11.4151 0.1 22.1459
14.859 2680.73 88.484 -11.4106 0.1 22.1459
14.8692 2681.63 88.3678 -11.4062 0.1 22.1459
14.8794 2682.53 88.2516 -11.4017 0.1 22.1458
14.8896 2683.43 88.1353 -11.3973 0.1 22.1458
14.8998 2684.33 88.0188 -11.3928 0.1 22.1458
14.91 2685.23 87.9023 -11.3884 0.1 22.1458
14.9203 2686.13 87.7856 -11.384 0.1 22.1458
14.9305 2687.03 87.6689 -11.3795 0.1 22.1458
14.9408 2687.93 87.552 -11.3751 0.1 22.1458
14.9511 2688.83 87.435 -11.3707 0.1 22.1458
14.9614 2689.73 87.3179 -11.3663 0.1 22.1458
14.9717 2690.63 87.2007 -11.3618 0.1 22.1458
14.982 2691.53 87.0833 -11.3574 0.1 22.1458
14.9924 2692.43 86.9659 -11.353 0.1 22.1458
15.0027 2693.33 86.8484 -11.3486 0.1 22.1458
15.0131 2694.23 86.7307 -11.3442 0.1 22.1458
15.0235 2695.13 86.6129 -11.3398 0.1 22.1458
15.0339 2696.03 86.495 -11.3354 0.1 22.1458
15.0443 2696.93 86.377 -11.331 0.1 22.1458
15.0547 2697.83 86.2589 -11.3266 0.1 22.1458
15.0652 2698.73 86.1406 -11.3222 0.1 22.1458
15.0756 2699.63 86.0223 -11.3178 0.1 22.1457
15.0861 2700.53 85.9038 -11.3134 0.1 22.1457
15.0966 2701.43 85.7852 -11.309 0.1 22.1457
15.1071 2702.33 85.6665 -11.3047 0.1 22.1457
15.1176 2703.23 85.5477 -11.3003 0.1 22.1457
15.1281 2704.13 85.4287 -11.2959 0.1 22.1457
15.1387 2705.03 85.3097 -11.2915 0.1 22.1457
15.1492 2705.93 85.1905 -11.2872 0.1 22.1457
15.1598 2706.83 85.0712 -11.2828 0.1 22.1457
15.1704 2707.73 84.9517 -11.2784 0.1 22.1457
15.1804 2708.58 84.8388 -11.2745 0.1 22.1539
15.1904 2709.43 84.7258 -11.2702 0.1 22.1457
15.2005 2710.28 84.6127 -11.2662 0.1 22.154
15.2105 2711.13 84.4995 -11.262 0.1 22.1457
15.2206 2711.98 84.3861 -11.258 0.1 22.154
15.2307 2712.83 84.2727 -11.2538 0.1 22.1457
15.2408 2713.68 84.1591 -11.2498 0.1 22.154
15.2509 2714.53 84.0454 -11.2456 0.1 22.1456
15.261 2715.38 83.9316 -11.2416 0.1 22.154
15.2711 2716.23 83.8177 -11.2374 0.1 22.1456
15.2813 2717.08 83.7037 -11.2334 0.1 22.154
15.2914 2717.93 83.5896 -11.2292 0.1 22.1456
15.3016 2718.78 83.4753 -11.2252 0.1 22.154
15.3118 2719.63 83.3609 -11.221 0.1 22.1456
15.322 2720.48 83.2465 -11.2171 0.1 22.154
15.3322 2721.33 83.1319 -11.2128 0.1 22.1456
15.3425 2722.18 83.0172 -11.2089 0.1 22.154
15.3527 2723.03 82.9023 -11.2047 0.1 22.1456
15.363 2723.88 82.7874 -11.2007 0.1 22.154
15.3732 2724.73 82.6723 -11.1965 0.1 22.1456
15.3835 2725.58 82.5571 -11.1926 0.1 22.1541
15.3938 2726.43 82.4418 -11.1884 0.1 22.1456
15.4041 2727.28 82.3264 -11.1845 0.1 22.1541
15.4145 2728.13 82.2109 -11.1803 0.1 22.1456
15.4248 2728.98 82.0952 -11.1764 0.1 22.1541
15.4352 2729.83 81.9794 -11.1722 0.1 22.1455
15.4456 2730.68 81.8635 -11.1682 0.1 22.1541
15.456 2731.53 81.7475 -11.1641 0.1 22.1455
15.4664 2732.38 81.6314 -11.1601 0.1 22.1541
15.4768 2733.23 81.5151 -11.156 0.1 22.1455
15.4872 2734.08 81.3987 -11.1521 0.1 22.1541
15.4977 2734.93 81.2822 -11.1479 0.1 22.1455
15.5081 2735.78 81.1655 -11.144 0.1 22.1541
15.5186 2736.63 81.0488 -11.1398 0.1 22.1455
15.5291 2737.48 80.9319 -11.1359 0.1 22.1541
15.5396 2738.33 80.8148 -11.1317 0.1 22.1455
15.5501 2739.18 80.6977 -11.1278 0.1 22.1542
15.5607 2740.03 80.5804 -11.1237 0.1 22.1455
15.5712 2740.88 80.463 -11.1198 0.1 22.1542
15.5818 2741.73 80.3455 -11.1156 0.1 22.1455
15.5924 2742.58 80.2278 -11.1117 0.1 22.1542
15.603 2743.43 80.11 -11.1076 0.1 22.1454
15.6136 2744.28 79.9921 -11.1037 0.1 22.1542
15.6236 2745.08 79.881 -11.0999 0.1 22.1542
15.6337 2745.88 79.7698 -11.0962 0.1 22.1542
15.6437 2746.68 79.6584 -11.0924 0.1 22.1542
15.6537 2747.48 79.5469 -11.0886 0.1 22.1542
15.6638 2748.28 79.4354 -11.0849 0.1 22.1542
15.6739 2749.08 79.3237 -11.0811 0.1 22.1542
15.684 2749.88 79.2118 -11.0773 0.1 22.1542
15.6941 2750.68 79.0999 -11.0736 0.1 22.1542
15.7042 2751.48 78.9879 -11.0698 0.1 22.1542
15.7143 2752.28 78.8757 -11.0661 0.1 22.1543
15.7245 2753.08 78.7634 -11.0623 0.1 22.1543
15.7347 2753.88 78.6509 -11.0585 0.1 22.1543
15.7448 2754.68 78.5384 -11.0548 0.1 22.1543
15.755 2755.48 78.4257 -11.051 0.1 22.1543
15.7652 2756.28 78.3129 -11.0473 0.1 22.1543
15.7755 2757.08 78.2 -11.0436 0.1 22.1543
15.7857 2757.88 78.087 -11.0398 0.1 22.1543
15.796 2758.68 77.9738 -11.0361 0.1 22.1543
15.8062 2759.48 77.8605 -11.0323 0.1 22.1543
15.8165 2760.28 77.7471 -11.0286 0.1 22.1543
15.8268 2761.08 77.6335 -11.0249 0.1 22.1543
15.8371 2761.88 77.5199 -11.0211 0.1 22.1543
15.8474 2762.68 77.4061 -11.0174 0.1 22.1543
15.8578 2763.48 77.2921 -11.0137 0.1 22.1543
15.8681 2764.28 77.1781 -11.01 0.1 22.1543
15.8785 2765.08 77.0639 -11.0062 0.1 22.1544
15.8889 2765.88 76.9495 -11.0025 0.1 22.1544
15.8993 2766.68 76.8351 -10.9988 0.1 22.1544
15.9097 2767.48 76.7205 -10.9951 0.1 22.1544
15.9202 2768.28 76.6058 -10.9914 0.1 22.1544
15.9306 2769.08 76.4909 -10.9877 0.1 22.1544
15.9411 2769.88 76.3759 -10.984 0.1 22.1544
15.9516 2770.68 76.2608 -10.9803 0.1 22.1544
15.9621 2771.48 76.1456 -10.9765 0.1 22.1544
15.9726 2772.28 76.0302 -10.9728 0.1 22.1544
15.9831 2773.08 75.9146 -10.9691 0.1 22.1544
15.9937 2773.88 75.799 -10.9654 0.1 22.1544
16.0042 2774.68 75.6832 -10.9618 0.1 22.1544
16.0148 2775.48 75.5672 -10.9581 0.1 22.1544
16.0254 2776.28 75.4511 -10.9544 0.1 22.1545
16.036 2777.08 75.3349 -10.9507 0.1 22.1545
16.0466 2777.88 75.2185 -10.947 0.1 22.1545
16.0573 2778.68 75.102 -10.9433 0.1 22.1545
16.0679 2779.48 74.9854 -10.9396 0.1 22.1545
16.078 2780.23 74.8759 -10.936 0.1 22.1451
16.088 2780.98 74.7663 -10.9327 0.1 22.1545
16.098 2781.73 74.6566 -10.9291 0.1 22.1451
16.1081 2782.48 74.5467 -10.9258 0.1 22.1545
16.1181 2783.23 74.4367 -10.9223 0.1 22.1451
16.1282 2783.98 74.3266 -10.9189 0.1 22.1545
16.1383 2784.73 74.2164 -10.9154 0.1 22.1451
16.1484 2785.48 74.106 -10.9121 0.1 22.1545
16.1586 2786.23 73.9955 -10.9085 0.1 22.1451
16.1687 2786.98 73.8848 -10.9052 0.1 22.1546
16.1789 2787.73 73.7741 -10.9016 0.1 22.1451
16.189 2788.48 73.6632 -10.8983 0.1 22.1546
16.1992 2789.23 73.5521 -10.8948 0.1 22.1451
16.2094 2789.98 73.441 -10.8915 0.1 22.1546
16.2197 2790.73 73.3297 -10.8879 0.1 22.145
16.2299 2791.48 73.2182 -10.8846 0.1 22.1546
16.2401 2792.23 73.1067 -10.8811 0.1 22.145
16.2504 2792.98 72.995 -10.8778 0.1 22.1546
16.2607 2793.73 72.8831 -10.8742 0.1 22.145
16.271 2794.48 72.7712 -10.871 0.1 22.1546
16.2813 2795.23 72.6591 -10.8674 0.1 22.145
16.2916 2795.98 72.5468 -10.8641 0.1 22.1546
16.302 2796.73 72.4344 -10.8606 0.1 22.145
16.3123 2797.48 72.3219 -10.8573 0.1 22.1547
16.3227 2798.23 72.2092 -10.8538 0.1 22.145
16.3331 2798.98 72.0964 -10.8505 0.1 22.1547
16.3435 2799.73 71.9835 -10.847 0.1 22.145
16.354 2800.48 71.8704 -10.8437 0.1 22.1547
16.3644 2801.23 71.7571 -10.8402 0.1 22.1449
16.3749 2801.98 71.6438 -10.8369 0.1 22.1547
16.3853 2802.73 71.5302 -10.8334 0.1 22.1449
16.3958 2803.48 71.4166 -10.8301 0.1 22.1547
16.4063 2804.23 71.3028 -10.8266 0.1 22.1449
16.4169 2804.98 71.1888 -10.8233 0.1 22.1547
16.4274 2805.73 71.0747 -10.8198 0.1 22.1449
16.438 2806.48 70.9604 -10.8166 0.1 22.1547
16.4486 2807.23 70.846 -10.813 0.1 22.1449
16.4592 2807.98 70.7315 -10.8098 0.1 22.1548
16.4698 2808.73 70.6168 -10.8063 0.1 22.1449
16.4804 2809.48 70.5019 -10.803 0.1 22.1548
16.491 2810.23 70.3869 -10.7995 0.1 22.1448
16.5017 2810.98 70.2718 -10.7963 0.1 22.1548
16.5124 2811.73 70.1565 -10.7928 0.1 22.1448
16.5231 2812.48 70.041 -10.7895 0.1 22.1548
16.5331 2813.18 69.9331 -10.7864 0.1 22.1548
16.5431 2813.88 69.8251 -10.7832 0.1 22.1548
16.5531 2814.58 69.7169 -10.7801 0.1 22.1548
16.5632 2815.28 69.6086 -10.777 0.1 22.1548
16.5733 2815.98 69.5001 -10.7738 0.1 22.1548
16.5833 2816.68 69.3915 -10.7707 0.1 22.1549
16.5934 2817.38 69.2828 -10.7675 0.1 22.1549
16.6035 2818.08 69.174 -10.7644 0.1 22.1549
16.6137 2818.78 69.065 -10.7613 0.1 22.1549
16.6238 2819.48 68.9558 -10.7581 0.1 22.1549
16.634 2820.18 68.8465 -10.755 0.1 22.1549
16.6442 2820.88 68.7371 -10.7519 0.1 22.1549
16.6543 2821.58 68.6275 -10.7488 0.1 22.1549
16.6646 2822.28 68.5178 -10.7456 0.1 22.1549
16.6748 2822.98 68.408 -10.7425 0.1 22.1549
16.685 2823.68 68.2979 -10.7394 0.1 22.1549
16.6953 2824.38 68.1878 -10.7363 0.1 22.1549
16.7056 2825.08 68.0775 -10.7332 0.1 22.155
16.7158 2825.78 67.9671 -10.73 0.1 22.155
16.7262 2826.48 67.8565 -10.7269 0.1 22.155
16.7365 2827.18 67.7457 -10.7238 0.1 22.155
16.7468 2827.88 67.6349 -10.7207 0.1 22.155
16.7572 2828.58 67.5238 -10.7176 0.1 22.155
16.7676 2829.28 67.4126 -10.7145 0.1 22.155
16.7779 2829.98 67.3013 -10.7114 0.1 22.155
16.7884 2830.68 67.1898 -10.7083 0.1 22.155
16.7988 2831.38 67.0782 -10.7052 0.1 22.155
16.8092 2832.08 66.9664 -10.7021 0.1 22.155
16.8197 2832.78 66.8544 -10.699 0.1 22.155
16.8302 2833.48 66.7423 -10.6959 0.1 22.1551
16.8407 2834.18 66.63 -10.6928 0.1 22.1551
16.8512 2834.88 66.5176 -10.6897 0.1 22.1551
16.8617 2835.58 66.4051 -10.6866 0.1 22.1551
16.8723 2836.28 66.2923 -10.6835 0.1 22.1551
16.8828 2836.98 66.1794 -10.6804 0.1 22.1551
16.8934 2837.68 66.0664 -10.6773 0.1 22.1551
16.904 2838.38 65.9531 -10.6742 0.1 22.1551
16.9147 2839.08 65.8398 -10.6711 0.1 22.1551
16.9253 2839.78 65.7262 -10.668 0.1 22.1551
16.936 2840.48 65.6125 -10.665 0.1 22.1551
16.9466 2841.18 65.4987 -10.6619 0.1 22.1552
16.9573 2841.88 65.3846 -10.6588 0.1 22.1552
16.968 2842.58 65.2704 -10.6557 0.1 22.1552
16.9788 2843.28 65.1561 -10.6526 0.1 22.1552
16.9895 2843.98 65.0415 -10.6496 0.1 22.1552
16.9995 2844.63 64.935 -10.6466 0.1 22.1444
17.0096 2845.28 64.8284 -10.6439 0.1 22.1552
17.0196 2845.93 64.7216 -10.6409 0.1 22.1444
17.0296 2846.58 64.6146 -10.6382 0.1 22.1552
17.0397 2847.23 64.5075 -10.6352 0.1 22.1444
17.0498 2847.88 64.4003 -10.6325 0.1 22.1552
17.0599 2848.53 64.2929 -10.6295 0.1 22.1444
17.07 2849.18 64.1853 -10.6268 0.1 22.1553
17.0802 2849.83 64.0776 -10.6238 0.1 22.1444
17.0903 2850.48 63.9698 -10.6211 0.1 22.1553
17.1005 2851.13 63.8618 -10.6181 0.1 22.1443
17.1107 2851.78 63.7536 -10.6154 0.1 22.1553
17.1209 2852.43 63.6453 -10.6124 0.1 22.1443
17.1311 2853.08 63.5368 -10.6097 0.1 22.1553
17.1413 2853.73 63.4282 -10.6068 0.1 22.1443
17.1516 2854.38 63.3194 -10.604 0.1 22.1553
17.1619 2855.03 63.2105 -10.6011 0.1 22.1443
17.1722 2855.68 63.1014 -10.5984 0.1 22.1554
17.1825 2856.33 62.9921 -10.5954 0.1 22.1443
17.1928 2856.98 62.8827 -10.5927 0.1 22.1554
17.2031 2857.63 62.7731 -10.5898 0.1 22.1442
17.2135 2858.28 62.6634 -10.5871 0.1 22.1554
17.2239 2858.93 62.5535 -10.5841 0.1 22.1442
17.2343 2859.58 62.4434 -10.5814 0.1 22.1554
17.2447 2860.23 62.3332 -10.5785 0.1 22.1442
17.2551 2860.88 62.2228 -10.5758 0.1 22.1554
17.2656 2861.53 62.1122 -10.5728 0.1 22.1442
17.2761 2862.18 62.0015 -10.5701 0.1 22.1555
17.2866 2862.83 61.8906 -10.5672 0.1 22.1442
17.2971 2863.48 61.7795 -10.5645 0.1 22.1555
17.3076 2864.13 61.6683 -10.5616 0.1 22.1441
17.3182 2864.78 61.5569 -10.5589 0.1 22.1555
17.3287 2865.43 61.4453 -10.556 0.1 22.1441
17.3393 2866.08 61.3335 -10.5532 0.1 22.1555
17.3499 2866.73 61.2216 -10.5503 0.1 22.1441
17.3606 2867.38 61.1095 -10.5476 0.1 22.1555
17.3712 2868.03 60.9972 -10.5447 0.1 22.1441
17.3819 2868.68 60.8847 -10.542 0.1 22.1556
17.3926 2869.33 60.7721 -10.5391 0.1 22.1441
17.4033 2869.98 60.6593 -10.5364 0.1 22.1556
17.414 2870.63 60.5463 -10.5335 0.1 22.144
17.4247 2871.28 60.4331 -10.5308 0.1 22.1556
17.4355 2871.93 60.3197 -10.5279 0.1 22.144
17.4463 2872.58 60.2062 -10.5252 0.1 22.1556
17.4571 2873.23 60.0924 -10.5223 0.1 22.144
17.4679 2873.88 59.9785 -10.5196 0.1 22.1556
17.4779 2874.48 59.8732 -10.517 0.1 22.1557
17.488 2875.08 59.7677 -10.5145 0.1 22.1557
17.498 2875.68 59.6621 -10.5119 0.1 22.1557
17.5081 2876.28 59.5563 -10.5093 0.1 22.1557
17.5182 2876.88 59.4503 -10.5067 0.1 22.1557
17.5283 2877.48 59.3442 -10.5042 0.1 22.1557
17.5384 2878.08 59.2379 -10.5016 0.1 22.1557
17.5485 2878.68 59.1314 -10.499 0.1 22.1557
17.5587 2879.28 59.0248 -10.4964 0.1 22.1557
17.5689 2879.88 58.918 -10.4939 0.1 22.1558
17.5791 2880.48 58.8111 -10.4913 0.1 22.1558
17.5893 2881.08 58.7039 -10.4887 0.1 22.1558
17.5995 2881.68 58.5966 -10.4862 0.1 22.1558
17.6098 2882.28 58.4892 -10.4836 0.1 22.1558
17.62 2882.88 58.3815 -10.481 0.1 22.1558
17.6303 2883.48 58.2737 -10.4785 0.1 22.1558
17.6406 2884.08 58.1658 -10.4759 0.1 22.1558
17.6509 2884.68 58.0576 -10.4734 0.1 22.1558
17.6613 2885.28 57.9493 -10.4708 0.1 22.1559
17.6717 2885.88 57.8408 -10.4682 0.1 22.1559
17.682 2886.48 57.7321 -10.4657 0.1 22.1559
17.6924 2887.08 57.6232 -10.4631 0.1 22.1559
17.7029 2887.68 57.5142 -10.4606 0.1 22.1559
17.7133 2888.28 57.4049 -10.458 0.1 22.1559
17.7238 2888.88 57.2955 -10.4555 0.1 22.1559
17.7343 2889.48 57.1859 -10.4529 0.1 22.1559
17.7448 2890.08 57.0762 -10.4504 0.1 22.1559
17.7553 2890.68 56.9662 -10.4478 0.1 22.156
17.7658 2891.28 56.8561 -10.4453 0.1 22.156
17.7764 2891.88 56.7457 -10.4427 0.1 22.156
17.787 2892.48 56.6352 -10.4402 0.1 22.156
17.7976 2893.08 56.5245 -10.4376 0.1 22.156
17.8082 2893.68 56.4136 -10.4351 0.1 22.156
17.8188 2894.28 56.3025 -10.4325 0.1 22.156
17.8295 2894.88 56.1913 -10.43 0.1 22.156
17.8402 2895.48 56.0798 -10.4275 0.1 22.1561
17.8509 2896.08 55.9681 -10.4249 0.1 22.1561
17.8616 2896.68 55.8562 -10.4224 0.1 22.1561
17.8724 2897.28 55.7442 -10.4198 0.1 22.1561
17.8832 2897.88 55.6319 -10.4173 0.1 22.1561
17.894 2898.48 55.5195 -10.4148 0.1 22.1561
17.9048 2899.08 55.4068 -10.4122 0.1 22.1561
17.9156 2899.68 55.2939 -10.4097 0.1 22.1561
17.9265 2900.28 55.1809 -10.4072 0.1 22.1562
17.9374 2900.88 55.0676 -10.4046 0.1 22.1562
17.9483 2901.48 54.9541 -10.4021 0.1 22.1562
17.9583 2902.03 54.8499 -10.3997 0.1 22.1434
17.9683 2902.58 54.7455 -10.3975 0.1 22.1562
17.9784 2903.13 54.641 -10.3951 0.1 22.1434
17.9885 2903.68 54.5363 -10.3929 0.1 22.1562
17.9986 2904.23 54.4313 -10.3904 0.1 22.1434
18.0087 2904.78 54.3263 -10.3882 0.1 22.1563
18.0188 2905.33 54.221 -10.3858 0.1 22.1434
18.029 2905.88 54.1155 -10.3836 0.1 22.1563
18.0392 2906.43 54.0099 -10.3812 0.1 22.1433
18.0493 2906.98 53.9041 -10.379 0.1 22.1563
18.0596 2907.53 53.7981 -10.3766 0.1 22.1433
18.0698 2908.08 53.6919 -10.3744 0.1 22.1563
18.0801 2908.63 53.5855 -10.372 0.1 22.1433
18.0903 2909.18 53.479 -10.3697 0.1 22.1564
18.1006 2909.73 53.3722 -10.3674 0.1 22.1433
18.1109 2910.28 53.2653 -10.3651 0.1 22.1564
18.1213 2910.83 53.1582 -10.3627 0.1 22.1432
18.1316 2911.38 53.0508 -10.3605 0.1 22.1564
18.142 2911.93 52.9433 -10.3581 0.1 22.1432
18.1524 2912.48 52.8356 -10.3559 0.1 22.1564
18.1628 2913.03 52.7277 -10.3535 0.1 22.1432
18.1733 2913.58 52.6196 -10.3513 0.1 22.1565
18.1837 2914.13 52.5113 -10.3489 0.1 22.1431
18.1942 2914.68 52.4028 -10.3467 0.1 22.1565
18.2047 2915.23 52.2941 -10.3444 0.1 22.1431
18.2153 2915.78 52.1852 -10.3421 0.1 22.1565
18.2258 2916.33 52.0761 -10.3398 0.1 22.1431
18.2364 2916.88 51.9667 -10.3376 0.1 22.1565
18.247 2917.43 51.8572 -10.3352 0.1 22.1431
18.2576 2917.98 51.7475 -10.333 0.1 22.1566
18.2682 2918.53 51.6375 -10.3306 0.1 22.143
18.2789 2919.08 51.5274 -10.3284 0.1 22.1566
18.2896 2919.63 51.417 -10.326 0.1 22.143
18.3003 2920.18 51.3065 -10.3238 0.1 22.1566
18.311 2920.73 51.1957 -10.3214 0.1 22.143
18.3218 2921.28 51.0847 -10.3192 0.1 22.1567
18.3326 2921.83 50.9735 -10.3169 0.1 22.1429
18.3434 2922.38 50.862 -10.3147 0.1 22.1567
18.3542 2922.93 50.7504 -10.3123 0.1 22.1429
18.3651 2923.48 50.6385 -10.3101 0.1 22.1567
18.3759 2924.03 50.5264 -10.3077 0.1 22.1429
18.3868 2924.58 50.4141 -10.3055 0.1 22.1568
18.3977 2925.13 50.3015 -10.3032 0.1 22.1429
18.4087 2925.68 50.1887 -10.301 0.1 22.1568
18.4197 2926.23 50.0757 -10.2986 0.1 22.1428
18.4307 2926.78 49.9625 -10.2964 0.1 22.1568
18.4407 2927.28 49.8593 -10.2944 0.1 22.1568
18.4507 2927.78 49.756 -10.2923 0.1 22.1568
18.4608 2928.28 49.6524 -10.2902 0.1 22.1569
18.4709 2928.78 49.5487 -10.2881 0.1 22.1569
18.481 2929.28 49.4448 -10.2861 0.1 22.1569
18.4911 2929.78 49.3407 -10.284 0.1 22.1569
18.5012 2930.28 49.2363 -10.2819 0.1 22.1569
18.5114 2930.78 49.1318 -10.2799 0.1 22.1569
18.5216 2931.28 49.0271 -10.2778 0.1 22.157
18.5318 2931.78 48.9222 -10.2758 0.1 22.157
18.542 2932.28 48.817 -10.2737 0.1 22.157
18.5523 2932.78 48.7117 -10.2716 0.1 22.157
18.5626 2933.28 48.6061 -10.2696 0.1 22.157
18.5729 2933.78 48.5004 -10.2675 0.1 22.157
18.5832 2934.28 48.3944 -10.2654 0.1 22.157
18.5935 2934.78 48.2882 -10.2634 0.1 22.1571
18.6039 2935.28 48.1819 -10.2613 0.1 22.1571
18.6143 2935.78 48.0753 -10.2593 0.1 22.1571
18.6247 2936.28 47.9684 -10.2572 0.1 22.1571
18.6351 2936.78 47.8614 -10.2552 0.1 22.1571
18.6456 2937.28 47.7541 -10.2531 0.1 22.1571
18.6561 2937.78 47.6467 -10.2511 0.1 22.1572
18.6666 2938.28 47.539 -10.249 0.1 22.1572
18.6771 2938.78 47.4311 -10.2469 0.1 22.1572
18.6877 2939.28 47.3229 -10.2449 0.1 22.1572
18.6983 2939.78 47.2146 -10.2428 0.1 22.1572
18.7089 2940.28 47.106 -10.2408 0.1 22.1572
18.7195 2940.78 46.9971 -10.2387 0.1 22.1573
18.7301 2941.28 46.8881 -10.2367 0.1 22.1573
18.7408 2941.78 46.7788 -10.2346 0.1 22.1573
18.7515 2942.28 46.6693 -10.2326 0.1 22.1573
18.7622 2942.78 46.5595 -10.2305 0.1 22.1573
18.773 2943.28 46.4495 -10.2285 0.1 22.1573
18.7838 2943.78 46.3393 -10.2264 0.1 22.1574
18.7946 2944.28 46.2288 -10.2244 0.1 22.1574
18.8054 2944.78 46.1181 -10.2224 0.1 22.1574
18.8163 2945.28 46.0071 -10.2203 0.1 22.1574
18.8271 2945.78 45.8959 -10.2183 0.1 22.1574
18.8381 2946.28 45.7845 -10.2162 0.1 22.1575
18.849 2946.78 45.6727 -10.2142 0.1 22.1575
18.86 2947.28 45.5608 -10.2121 0.1 22.1575
18.8709 2947.78 45.4486 -10.2101 0.1 22.1575
18.882 2948.28 45.3361 -10.2081 0.1 22.1575
18.893 2948.78 45.2234 -10.206 0.1 22.1576
18.9041 2949.28 45.1104 -10.204 0.1 22.1576
18.9152 2949.78 44.9972 -10.2019 0.1 22.1576
18.9252 2950.23 44.895 -10.2 0.1 22.142
18.9352 2950.68 44.7927 -10.1983 0.1 22.1576
18.9453 2951.13 44.6901 -10.1964 0.1 22.142
18.9554 2951.58 44.5873 -10.1946 0.1 22.1577
18.9655 2952.03 44.4843 -10.1927 0.1 22.1419
18.9756 2952.48 44.381 -10.1909 0.1 22.1577
18.9858 2952.93 44.2776 -10.189 0.1 22.1419
18.9959 2953.38 44.1739 -10.1873 0.1 22.1577
19.0061 2953.83 44.07 -10.1854 0.1 22.1419
19.0164 2954.28 43.9659 -10.1836 0.1 22.1578
19.0266 2954.73 43.8615 -10.1817 0.1 22.1418
19.0369 2955.18 43.7569 -10.18 0.1 22.1578
19.0472 2955.63 43.6521 -10.1781 0.1 22.1418
19.0575 2956.08 43.5471 -10.1763 0.1 22.1579
19.0678 2956.53 43.4418 -10.1744 0.1 22.1418
19.0782 2956.98 43.3362 -10.1727 0.1 22.1579
19.0886 2957.43 43.2305 -10.1708 0.1 22.1417
19.099 2957.88 43.1245 -10.169 0.1 22.1579
19.1095 2958.33 43.0182 -10.1671 0.1 22.1417
19.12 2958.78 42.9117 -10.1654 0.1 22.158
19.1305 2959.23 42.805 -10.1635 0.1 22.1416
19.141 2959.68 42.698 -10.1617 0.1 22.158
19.1515 2960.13 42.5908 -10.1598 0.1 22.1416
19.1621 2960.58 42.4833 -10.1581 0.1 22.1581
19.1727 2961.03 42.3756 -10.1562 0.1 22.1416
19.1834 2961.48 42.2676 -10.1544 0.1 22.1581
19.194 2961.93 42.1593 -10.1526 0.1 22.1415
19.2047 2962.38 42.0508 -10.1508 0.1 22.1581
19.2154 2962.83 41.942 -10.1489 0.1 22.1415
19.2262 2963.28 41.833 -10.1472 0.1 22.1582
19.2369 2963.73 41.7237 -10.1453 0.1 22.1414
19.2478 2964.18 41.6141 -10.1435 0.1 22.1582
19.2586 2964.63 41.5043 -10.1416 0.1 22.1414
19.2694 2965.08 41.3942 -10.1399 0.1 22.1583
19.2803 2965.53 41.2838 -10.138 0.1 22.1413
19.2912 2965.98 41.1731 -10.1363 0.1 22.1583
19.3022 2966.43 41.0622 -10.1344 0.1 22.1413
19.3132 2966.88 40.951 -10.1326 0.1 22.1584
19.3242 2967.33 40.8395 -10.1308 0.1 22.1412
19.3352 2967.78 40.7277 -10.129 0.1 22.1584
19.3463 2968.23 40.6156 -10.1271 0.1 22.1412
19.3574 2968.68 40.5032 -10.1254 0.1 22.1585
19.3685 2969.13 40.3906 -10.1235 0.1 22.1412
19.3797 2969.58 40.2776 -10.1218 0.1 22.1585
19.3908 2970.03 40.1644 -10.1199 0.1 22.1411
19.4021 2970.48 40.0508 -10.1182 0.1 22.1586
19.4121 2970.88 39.9496 -10.1165 0.1 22.1586
19.4221 2971.28 39.8482 -10.1149 0.1 22.1586
19.4321 2971.68 39.7465 -10.1133 0.1 22.1586
19.4422 2972.08 39.6446 -10.1117 0.1 22.1586
19.4523 2972.48 39.5425 -10.1101 0.1 22.1587
19.4625 2972.88 39.4401 -10.1085 0.1 22.1587
19.4726 2973.28 39.3374 -10.1069 0.1 22.1587
19.4828 2973.68 39.2345 -10.1053 0.1 22.1587
19.493 2974.08 39.1313 -10.1037 0.1 22.1588
19.5032 2974.48 39.0279 -10.1021 0.1 22.1588
19.5135 2974.88 38.9242 -10.1005 0.1 22.1588
19.5238 2975.28 38.8203 -10.0989 0.1 22.1588
19.5341 2975.68 38.7161 -10.0973 0.1 22.1589
19.5445 2976.08 38.6116 -10.0957 0.1 22.1589
19.5548 2976.48 38.5069 -10.0941 0.1 22.1589
19.5652 2976.88 38.4018 -10.0925 0.1 22.1589
19.5757 2977.28 38.2966 -10.0909 0.1 22.159
19.5861 2977.68 38.191 -10.0893 0.1 22.159
19.5966 2978.08 38.0852 -10.0877 0.1 22.159
19.6072 2978.48 37.9791 -10.0861 0.1 22.159
19.6177 2978.88 37.8727 -10.0845 0.1 22.1591
19.6283 2979.28 37.766 -10.0829 0.1 22.1591
19.6389 2979.68 37.6591 -10.0813 0.1 22.1591
19.6495 2980.08 37.5518 -10.0797 0.1 22.1591
19.6602 2980.48 37.4443 -10.0781 0.1 22.1592
19.6709 2980.88 37.3365 -10.0765 0.1 22.1592
19.6816 2981.28 37.2284 -10.0749 0.1 22.1592
19.6924 2981.68 37.1199 -10.0733 0.1 22.1592
19.7032 2982.08 37.0112 -10.0717 0.1 22.1593
19.714 2982.48 36.9022 -10.0701 0.1 22.1593
19.7249 2982.88 36.7929 -10.0685 0.1 22.1593
19.7358 2983.28 36.6832 -10.0669 0.1 22.1594
19.7467 2983.68 36.5733 -10.0653 0.1 22.1594
19.7576 2984.08 36.463 -10.0637 0.1 22.1594
19.7686 2984.48 36.3525 -10.0621 0.1 22.1594
19.7796 2984.88 36.2416 -10.0605 0.1 22.1595
19.7907 2985.28 36.1303 -10.0589 0.1 22.1595
19.8018 2985.68 36.0188 -10.0573 0.1 22.1595
19.8129 2986.08 35.9069 -10.0557 0.1 22.1596
19.8241 2986.48 35.7947 -10.0541 0.1 22.1596
19.8353 2986.88 35.6822 -10.0525 0.1 22.1596
19.8465 2987.28 35.5693 -10.0509 0.1 22.1597
19.8578 2987.68 35.4561 -10.0493 0.1 22.1597
19.8691 2988.08 35.3425 -10.0477 0.1 22.1597
19.8804 2988.48 35.2286 -10.0461 0.1 22.1597
19.8918 2988.88 35.1143 -10.0446 0.1 22.1598
19.9032 2989.28 34.9997 -10.043 0.1 22.1598
19.9132 2989.63 34.8991 -10.0415 0.1 22.1398
19.9233 2989.98 34.7983 -10.0402 0.1 22.1599
19.9333 2990.33 34.6971 -10.0387 0.1 22.1397
19.9434 2990.68 34.5957 -10.0374 0.1 22.1599
19.9536 2991.03 34.494 -10.0359 0.1 22.1397
19.9637 2991.38 34.392 -10.0346 0.1 22.16
19.9739 2991.73 34.2897 -10.0332 0.1 22.1396
19.9841 2992.08 34.1871 -10.0318 0.1 22.16
19.9944 2992.43 34.0842 -10.0304 0.1 22.1395
20.0047 2992.78 33.9811 -10.029 0.1 22.1601
20.015 2993.13 33.8776 -10.0276 0.1 22.1395
20.0254 2993.48 33.7738 -10.0263 0.1 22.1602
20.0357 2993.83 33.6698 -10.0248 0.1 22.1394
20.0462 2994.18 33.5654 -10.0235 0.1 22.1602
20.0566 2994.53 33.4607 -10.022 0.1 22.1394
20.0671 2994.88 33.3557 -10.0207 0.1 22.1603
20.0776 2995.23 33.2503 -10.0193 0.1 22.1393
20.0881 2995.58 33.1447 -10.0179 0.1 22.1604
20.0987 2995.93 33.0387 -10.0165 0.1 22.1392
20.1093 2996.28 32.9324 -10.0151 0.1 22.1604
20.12 2996.63 32.8258 -10.0137 0.1 22.1392
20.1307 2996.98 32.7188 -10.0124 0.1 22.1605
20.1414 2997.33 32.6115 -10.0109 0.1 22.1391
20.1521 2997.68 32.5039 -10.0096 0.1 22.1606
20.1629 2998.03 32.3959 -10.0081 0.1 22.139
20.1737 2998.38 32.2876 -10.0068 0.1 22.1607
20.1846 2998.73 32.1789 -10.0054 0.1 22.1389
20.1955 2999.08 32.0699 -10.004 0.1 22.1607
20.2064 2999.43 31.9605 -10.0026 0.1 22.1389
20.2174 2999.78 31.8508 -10.0013 0.1 22.1608
20.2284 3000.13 31.7407 -9.99982 0.1 22.1388
20.2395 3000.48 31.6302 -9.99849 0.1 22.1609
20.2506 3000.83 31.5193 -9.99705 0.1 22.1387
20.2617 3001.18 31.4081 -9.99571 0.1 22.161
20.2728 3001.53 31.2965 -9.99428 0.1 22.1386
20.2841 3001.88 31.1845 -9.99294 0.1 22.161
20.2953 3002.23 31.0721 -9.9915 0.1 22.1386
20.3066 3002.58 30.9594 -9.99017 0.1 22.1611
20.3179 3002.93 30.8462 -9.98873 0.1 22.1385
20.3293 3003.28 30.7326 -9.98739 0.1 22.1612
20.3407 3003.63 30.6186 -9.98596 0.1 22.1384
20.3522 3003.98 30.5043 -9.98462 0.1 22.1613
20.3637 3004.33 30.3895 -9.98319 0.1 22.1383
20.3752 3004.68 30.2742 -9.98185 0.1 22.1614
20.3868 3005.03 30.1586 -9.98041 0.1 22.1382
20.3984 3005.38 30.0425 -9.97908 0.1 22.1615
20.4084 3005.68 29.9427 -9.97789 0.1 22.1615
20.4185 3005.98 29.8425 -9.9767 0.1 22.1615
20.4285 3006.28 29.742 -9.97551 0.1 22.1616
20.4386 3006.58 29.6412 -9.97433 0.1 22.1616
20.4488 3006.88 29.5401 -9.97314 0.1 22.1617
20.459 3007.18 29.4386 -9.97195 0.1 22.1617
20.4692 3007.48 29.3368 -9.97076 0.1 22.1617
20.4794 3007.78 29.2346 -9.96957 0.1 22.1618
20.4897 3008.08 29.1321 -9.96839 0.1 22.1618
20.5 3008.38 29.0293 -9.9672 0.1 22.1619
20.5104 3008.68 28.9261 -9.96601 0.1 22.1619
20.5208 3008.98 28.8225 -9.96482 0.1 22.162
20.5312 3009.28 28.7186 -9.96363 0.1 22.162
20.5417 3009.58 28.6143 -9.96245 0.1 22.162
20.5522 3009.88 28.5096 -9.96126 0.1 22.1621
20.5627 3010.18 28.4046 -9.96007 0.1 22.1621
20.5733 3010.48 28.2991 -9.95888 0.1 22.1622
20.5839 3010.78 28.1933 -9.95769 0.1 22.1622
20.5946 3011.08 28.0872 -9.9565 0.1 22.1623
20.6053 3011.38 27.9806 -9.95532 0.1 22.1623
20.616 3011.68 27.8736 -9.95413 0.1 22.1624
20.6268 3011.98 27.7662 -9.95294 0.1 22.1624
20.6377 3012.28 27.6585 -9.95175 0.1 22.1625
20.6485 3012.58 27.5503 -9.95056 0.1 22.1625
20.6594 3012.88 27.4417 -9.94937 0.1 22.1626
20.6704 3013.18 27.3327 -9.94818 0.1 22.1626
20.6814 3013.48 27.2232 -9.94699 0.1 22.1627
20.6924 3013.78 27.1134 -9.9458 0.1 22.1627
20.7035 3014.08 27.0031 -9.94461 0.1 22.1628
20.7147 3014.38 26.8923 -9.94342 0.1 22.1628
20.7259 3014.68 26.7812 -9.94223 0.1 22.1629
20.7371 3014.98 26.6695 -9.94104 0.1 22.1629
20.7484 3015.28 26.5574 -9.93985 0.1 22.163
20.7597 3015.58 26.4449 -9.93866 0.1 22.163
20.7711 3015.88 26.3319 -9.93747 0.1 22.1631
20.7825 3016.18 26.2184 -9.93628 0.1 22.1632
20.7939 3016.48 26.1044 -9.93509 0.1 22.1632
20.8055 3016.78 25.9899 -9.9339 0.1 22.1633
20.817 3017.08 25.875 -9.9327 0.1 22.1633
20.8287 3017.38 25.7595 -9.93151 0.1 22.1634
20.8403 3017.68 25.6435 -9.93032 0.1 22.1635
20.8521 3017.98 25.5271 -9.92913 0.1 22.1635
20.8639 3018.28 25.4101 -9.92793 0.1 22.1636
20.8757 3018.58 25.2926 -9.92674 0.1 22.1636
20.8876 3018.88 25.1745 -9.92554 0.1 22.1637
20.8995 3019.18 25.0559 -9.92435 0.1 22.1638
20.9095 3019.43 24.9567 -9.92331 0.1 22.1358
20.9196 3019.68 24.857 -9.92236 0.1 22.1639
20.9297 3019.93 24.757 -9.92132 0.1 22.1357
20.9398 3020.18 24.6566 -9.92036 0.1 22.164
20.95 3020.43 24.5557 -9.91933 0.1 22.1356
20.9602 3020.68 24.4545 -9.91837 0.1 22.1641
20.9704 3020.93 24.3529 -9.91733 0.1 22.1354
20.9807 3021.18 24.2508 -9.91637 0.1 22.1642
20.991 3021.43 24.1483 -9.91534 0.1 22.1353
21.0014 3021.68 24.0454 -9.91438 0.1 22.1644
21.0118 3021.93 23.9421 -9.91334 0.1 22.1352
21.0223 3022.18 23.8383 -9.91238 0.1 22.1645
21.0328 3022.43 23.7341 -9.91134 0.1 22.1351
21.0434 3022.68 23.6294 -9.91038 0.1 22.1646
21.054 3022.93 23.5243 -9.90934 0.1 22.1349
21.0646 3023.18 23.4187 -9.90837 0.1 22.1648
21.0754 3023.43 23.3126 -9.90733 0.1 22.1348
21.0861 3023.68 23.2061 -9.90637 0.1 22.1649
21.0969 3023.93 23.0991 -9.90533 0.1 22.1347
21.1078 3024.18 22.9916 -9.90436 0.1 22.165
21.1187 3024.43 22.8836 -9.90332 0.1 22.1345
21.1296 3024.68 22.7751 -9.90235 0.1 22.1652
21.1406 3024.93 22.6661 -9.90131 0.1 22.1344
21.1517 3025.18 22.5566 -9.90034 0.1 22.1653
21.1628 3025.43 22.4465 -9.89929 0.1 22.1342
21.174 3025.68 22.336 -9.89832 0.1 22.1655
21.1852 3025.93 22.2249 -9.89727 0.1 22.1341
21.1965 3026.18 22.1132 -9.8963 0.1 22.1656
21.2078 3026.43 22.001 -9.89526 0.1 22.1339
21.2192 3026.68 21.8882 -9.89428 0.1 22.1658
21.2307 3026.93 21.7748 -9.89323 0.1 22.1337
21.2422 3027.18 21.6609 -9.89225 0.1 22.166
21.2538 3027.43 21.5464 -9.8912 0.1 22.1336
21.2654 3027.68 21.4312 -9.89023 0.1 22.1661
21.2771 3027.93 21.3155 -9.88917 0.1 22.1334
21.2889 3028.18 21.1991 -9.88819 0.1 22.1663
21.3007 3028.43 21.0822 -9.88714 0.1 22.1332
21.3126 3028.68 20.9645 -9.88615 0.1 22.1665
21.3246 3028.93 20.8462 -9.8851 0.1 22.133
21.3366 3029.18 20.7273 -9.88411 0.1 22.1667
21.3487 3029.43 20.6077 -9.88305 0.1 22.1328
21.3609 3029.68 20.4874 -9.88206 0.1 22.1669
21.3731 3029.93 20.3663 -9.881 0.1 22.1326
21.3855 3030.18 20.2446 -9.88001 0.1 22.1671
21.3979 3030.43 20.1222 -9.87895 0.1 22.1324
21.4103 3030.68 19.999 -9.87795 0.1 22.1673
21.4204 3030.88 19.8999 -9.87712 0.1 22.1674
21.4304 3031.08 19.8003 -9.8763 0.1 22.1675
21.4406 3031.28 19.7003 -9.87547 0.1 22.1676
21.4508 3031.48 19.5997 -9.87464 0.1 22.1677
21.461 3031.68 19.4986 -9.87381 0.1 22.1678
21.4713 3031.88 19.397 -9.87298 0.1 22.1678
21.4816 3032.08 19.2949 -9.87215 0.1 22.1679
21.492 3032.28 19.1922 -9.87131 0.1 22.168
21.5025 3032.48 19.089 -9.87048 0.1 22.1681
21.513 3032.68 18.9852 -9.86964 0.1 22.1682
21.5236 3032.88 18.8809 -9.8688 0.1 22.1683
21.5342 3033.08 18.776 -9.86796 0.1 22.1684
21.5449 3033.28 18.6706 -9.86712 0.1 22.1685
21.5556 3033.48 18.5645 -9.86628 0.1 22.1687
21.5664 3033.68 18.4578 -9.86543 0.1 22.1688
21.5773 3033.88 18.3505 -9.86459 0.1 22.1689
21.5883 3034.08 18.2426 -9.86374 0.1 22.169
21.5993 3034.28 18.1341 -9.86289 0.1 22.1691
21.6103 3034.48 18.0249 -9.86203 0.1 22.1692
21.6215 3034.68 17.9151 -9.86118 0.1 22.1693
21.6327 3034.88 17.8046 -9.86032 0.1 22.1695
21.644 3035.08 17.6934 -9.85946 0.1 22.1696
21.6553 3035.28 17.5815 -9.8586 0.1 22.1697
21.6667 3035.48 17.4689 -9.85774 0.1 22.1698
21.6782 3035.68 17.3556 -9.85687 0.1 22.17
21.6898 3035.88 17.2415 -9.85601 0.1 22.1701
21.7014 3036.08 17.1267 -9.85513 0.1 22.1702
21.7132 3036.28 17.0112 -9.85426 0.1 22.1704
21.725 3036.48 16.8948 -9.85338 0.1 22.1705
21.7369 3036.68 16.7777 -9.8525 0.1 22.1707
21.7488 3036.88 16.6597 -9.85162 0.1 22.1708
21.7609 3037.08 16.5409 -9.85073 0.1 22.171
21.773 3037.28 16.4213 -9.84984 0.1 22.1711
21.7853 3037.48 16.3008 -9.84895 0.1 22.1713
21.7976 3037.68 16.1794 -9.84805 0.1 22.1714
21.81 3037.88 16.0571 -9.84715 0.1 22.1716
21.8225 3038.08 15.9338 -9.84624 0.1 22.1718
21.8352 3038.28 15.8096 -9.84533 0.1 22.1719
21.8479 3038.48 15.6845 -9.84442 0.1 22.1721
21.8607 3038.68 15.5583 -9.8435 0.1 22.1723
21.8736 3038.88 15.4312 -9.84257 0.1 22.1725
21.8866 3039.08 15.3029 -9.84164 0.1 22.1727
21.8998 3039.28 15.1736 -9.84071 0.1 22.1729
21.913 3039.48 15.0432 -9.83976 0.1 22.1731
21.923 3039.63 14.9447 -9.83903 0.1 22.1264
21.9331 3039.78 14.8455 -9.83834 0.1 22.1734
21.9433 3039.93 14.7456 -9.8376 0.1 22.1261
21.9535 3040.08 14.6451 -9.8369 0.1 22.1737
21.9638 3040.23 14.5439 -9.83615 0.1 22.1258
21.9741 3040.38 14.442 -9.83544 0.1 22.174
21.9846 3040.53 14.3394 -9.83468 0.1 22.1254
21.9951 3040.68 14.236 -9.83397 0.1 22.1744
22.0057 3040.83 14.1319 -9.8332 0.1 22.1251
22.0163 3040.98 14.027 -9.83247 0.1 22.1747
22.0271 3041.13 13.9213 -9.83169 0.1 22.1247
22.0379 3041.28 13.8148 -9.83096 0.1 22.1751
22.0488 3041.43 13.7075 -9.83017 0.1 22.1243
22.0598 3041.58 13.5994 -9.82942 0.1 22.1755
22.0709 3041.73 13.4904 -9.82861 0.1 22.1239
22.0821 3041.88 13.3805 -9.82785 0.1 22.1759
22.0934 3042.03 13.2698 -9.82703 0.1 22.1235
22.1047 3042.18 13.1581 -9.82626 0.1 22.1764
22.1162 3042.33 13.0454 -9.82542 0.1 22.123
22.1278 3042.48 12.9318 -9.82463 0.1 22.1768
22.1394 3042.63 12.8171 -9.82378 0.1 22.1225
22.1512 3042.78 12.7015 -9.82297 0.1 22.1773
22.1631 3042.93 12.5848 -9.8221 0.1 22.122
22.1751 3043.08 12.467 -9.82127 0.1 22.1778
22.1872 3043.23 12.3481 -9.82038 0.1 22.1215
22.1994 3043.38 12.228 -9.81952 0.1 22.1784
22.2118 3043.53 12.1067 -9.81861 0.1 22.121
22.2243 3043.68 11.9843 -9.81773 0.1 22.179
22.2369 3043.83 11.8605 -9.81679 0.1 22.1204
22.2496 3043.98 11.7355 -9.81588 0.1 22.1796
22.2625 3044.13 11.6092 -9.81491 0.1 22.1197
22.2755 3044.28 11.4814 -9.81396 0.1 22.1802
22.2886 3044.43 11.3522 -9.81296 0.1 22.119
22.302 3044.58 11.2216 -9.81198 0.1 22.1809
22.3154 3044.73 11.0894 -9.81094 0.1 22.1183
22.3291 3044.88 10.9556 -9.80991 0.1 22.1817
22.3429 3045.03 10.8202 -9.80882 0.1 22.1175
22.3569 3045.18 10.6831 -9.80775 0.1 22.1825
22.371 3045.33 10.5442 -9.80661 0.1 22.1167
22.3854 3045.48 10.4034 -9.80547 0.1 22.1834
22.3999 3045.63 10.2608 -9.80427 0.1 22.1158
22.4147 3045.78 10.1161 -9.80307 0.1 22.1843
22.4297 3045.93 9.96931 -9.80179 0.1 22.1148
22.4398 3046.03 9.87026 -9.80093 0.1 22.1144
22.45 3046.13 9.77021 -9.80005 0.1 22.1141
22.4603 3046.23 9.66912 -9.79915 0.1 22.1137
22.4707 3046.33 9.56698 -9.79822 0.1 22.1133
22.4813 3046.43 9.46373 -9.79728 0.1 22.1129
22.4919 3046.53 9.35935 -9.7963 0.1 22.1125
22.5027 3046.63 9.2538 -9.7953 0.1 22.1121
22.5136 3046.73 9.14703 -9.79427 0.1 22.1117
22.5246 3046.83 9.03901 -9.79321 0.1 22.1112
22.5358 3046.93 8.92968 -9.79211 0.1 22.1107
22.5471 3047.03 8.819 -9.79098 0.1 22.1103
22.5585 3047.13 8.70692 -9.78982 0.1 22.1097
22.5701 3047.23 8.59338 -9.7886 0.1 22.1092
22.5819 3047.33 8.47833 -9.78735 0.1 22.1087
22.5938 3047.43 8.3617 -9.78604 0.1 22.1081
22.6059 3047.53 8.24342 -9.78469 0.1 22.1075
22.6182 3047.63 8.12343 -9.78327 0.1 22.1069
22.6306 3047.73 8.00164 -9.78179 0.1 22.1062
22.6432 3047.83 7.87797 -9.78024 0.1 22.1056
22.6561 3047.93 7.75234 -9.77862 0.1 22.1049
22.6692 3048.03 7.62464 -9.77691 0.1 22.1041
22.6824 3048.13 7.49477 -9.77511 0.1 22.1033
22.696 3048.23 7.36262 -9.77321 0.1 22.1025
22.7097 3048.33 7.22805 -9.7712 0.1 22.1016
22.7238 3048.43 7.09094 -9.76906 0.1 22.1007
22.7381 3048.53 6.95113 -9.76677 0.1 22.0997
22.7527 3048.63 6.80845 -9.76433 0.1 22.0987
22.7676 3048.73 6.66273 -9.76171 0.1 22.0976
22.7829 3048.83 6.51375 -9.75888 0.1 22.0964
22.7985 3048.93 6.36128 -9.75582 0.1 22.0951
22.8145 3049.03 6.20508 -9.75249 0.1 22.0938
22.831 3049.13 6.04486 -9.74884 0.1 22.0923
22.8478 3049.23 5.88027 -9.74483 0.1 22.0907
22.8652 3049.33 5.71095 -9.74038 0.1 22.089
22.8832 3049.43 5.53646 -9.73543 0.1 22.0871
22.9017 3049.53 5.35629 -9.72986 0.1 22.085
22.9208 3049.63 5.16986 -9.72354 0.1 22.0827
22.9407 3049.73 4.97646 -9.7163 0.1 22.0802
22.951 3049.78 4.87688 -9.71227 0.1 22.2208
22.9615 3049.83 4.77523 -9.7079 0.1 22.0773
22.9722 3049.88 4.67138 -9.70318 0.1 22.2239
22.9831 3049.93 4.56516 -9.69802 0.1 22.074
22.9943 3049.98 4.45641 -9.6924 0.1 22.2274
23.0058 3050.03 4.34495 -9.68622 0.1 22.0703
23.0177 3050.08 4.23055 -9.67941 0.1 22.2314
23.0298 3050.13 4.11297 -9.67184 0.1 22.0659
23.0423 3050.18 3.99193 -9.66341 0.1 22.2361
23.0553 3050.23 3.86711 -9.65391 0.1 22.0608
23.0686 3050.28 3.73813 -9.64316 0.1 22.2418
23.0825 3050.33 3.60453 -9.63086 0.1 22.0545
23.0969 3050.38 3.4658 -9.61667 0.1 22.2487
23.112 3050.43 3.32127 -9.60008 0.1 22.0468
23.1278 3050.48 3.17017 -9.58045 0.1 22.2575
23.1444 3050.53 3.0115 -9.55681 0.1 22.0367
23.162 3050.58 2.84399 -9.52781 0.1 22.2692
23.1807 3050.63 2.66598 -9.49133 0.1 22.023
23.2009 3050.68 2.47521 -9.44407 0.1 22.2856
23.223 3050.73 2.26845 -9.38034 0.1 22.0028
23.2475 3050.78 2.04086 -9.28966 0.1 22.3114
23.2755 3050.83 1.78448 -9.15014 0.1 21.9684
23.3092 3050.88 1.48446 -8.90718 0.1 22.3607
23.3544 3050.93 1.10586 -8.37366 0.1 21.8891
23.456 3050.98 0.492179 -6.04083 0.1 22.5221
23.5575 3051.04 0 -0 0.1 21.0998
