Simulation created and run on: 
Fri Mar 10 13:04:47 2023


Time (s), Height (m), Velocity (m/s), Acceleration (m/s^2), Deployment Angle (degrees)
3.6 679.88 324.08 -9.80665 0.1 0
3.61003 683.13 323.734 -34.4049 0.1 0.138311
3.62008 686.38 323.389 -34.343 0.1 0.278932
3.63013 689.63 323.044 -34.2816 0.1 0.419704
3.6402 692.88 322.699 -34.2206 0.1 0.560625
3.65028 696.13 322.355 -34.1601 0.1 0.701698
3.66036 699.38 322.011 -34.1001 0.1 0.842921
3.67046 702.63 321.667 -34.0405 0.1 0.984295
3.68057 705.88 321.323 -33.9813 0.1 1.12582
3.69069 709.13 320.979 -33.9226 0.1 1.2675
3.70082 712.38 320.636 -33.8644 0.1 1.40933
3.71096 715.63 320.293 -33.8066 0.1 1.55131
3.72112 718.88 319.95 -33.7492 0.1 1.69344
3.73112 722.08 319.612 -33.6932 0.1 1.83353
3.74114 725.28 319.275 -33.6375 0.1 1.97378
3.75117 728.48 318.938 -33.5823 0.1 2.11417
3.76121 731.68 318.601 -33.5276 0.1 2.25471
3.77126 734.88 318.265 -33.4732 0.1 2.39539
3.78132 738.08 317.928 -33.4193 0.1 2.53623
3.79139 741.28 317.592 -33.3657 0.1 2.67722
3.80147 744.48 317.256 -33.3126 0.1 2.81835
3.81156 747.68 316.92 -33.2599 0.1 2.95964
3.82166 750.88 316.584 -33.2076 0.1 3.10107
3.83178 754.08 316.248 -33.1557 0.1 3.24265
3.8419 757.28 315.913 -33.1043 0.1 3.38439
3.85204 760.48 315.578 -33.0532 0.1 3.52627
3.86218 763.68 315.243 -33.0025 0.1 3.66831
3.87234 766.88 314.908 -32.9522 0.1 3.8105
3.88235 770.03 314.578 -32.9031 0.1 3.95061
3.89236 773.18 314.249 -32.8544 0.1 4.09087
3.90239 776.33 313.92 -32.806 0.1 4.23128
3.91243 779.48 313.59 -32.758 0.1 4.37183
3.92248 782.63 313.262 -32.7104 0.1 4.51253
3.93254 785.78 312.933 -32.6632 0.1 4.65338
3.94262 788.93 312.604 -32.6163 0.1 4.79438
3.9527 792.08 312.275 -32.5699 0.1 4.93553
3.96279 795.23 311.947 -32.5237 0.1 5.07682
3.97289 798.38 311.618 -32.478 0.1 5.21827
3.98301 801.53 311.29 -32.4326 0.1 5.35986
3.99313 804.68 310.962 -32.3876 0.1 5.5016
4.00327 807.83 310.634 -32.3429 0.1 5.64349
4.01341 810.98 310.306 -32.2986 0.1 5.78553
4.02357 814.13 309.978 -32.2546 0.1 5.92773
4.03358 817.23 309.656 -32.2117 0.1 6.06781
4.04359 820.33 309.333 -32.1692 0.1 6.20803
4.05362 823.43 309.011 -32.1269 0.1 6.34841
4.06366 826.53 308.689 -32.085 0.1 6.48893
4.0737 829.63 308.367 -32.0435 0.1 6.6296
4.08376 832.73 308.045 -32.0022 0.1 6.77041
4.09383 835.83 307.723 -31.9613 0.1 6.91137
4.10391 838.93 307.401 -31.9208 0.1 7.05248
4.114 842.03 307.079 -31.8805 0.1 7.19374
4.1241 845.13 306.757 -31.8406 0.1 7.33514
4.13421 848.23 306.435 -31.801 0.1 7.47669
4.14433 851.33 306.113 -31.7618 0.1 7.6184
4.15447 854.43 305.792 -31.7228 0.1 7.76025
4.16461 857.53 305.47 -31.6842 0.1 7.90225
4.17476 860.63 305.149 -31.6459 0.1 8.0444
4.18476 863.68 304.832 -31.6085 0.1 8.1844
4.19477 866.73 304.516 -31.5714 0.1 8.32455
4.2048 869.78 304.2 -31.5346 0.1 8.46484
4.21483 872.83 303.884 -31.4981 0.1 8.60528
4.22487 875.88 303.568 -31.4619 0.1 8.74587
4.23492 878.93 303.252 -31.426 0.1 8.8866
4.24499 881.98 302.936 -31.3904 0.1 9.02748
4.25506 885.03 302.62 -31.3551 0.1 9.16851
4.26514 888.08 302.304 -31.3201 0.1 9.30968
4.27524 891.13 301.988 -31.2854 0.1 9.451
4.28534 894.18 301.672 -31.2509 0.1 9.59247
4.29546 897.23 301.356 -31.2168 0.1 9.73409
4.30558 900.28 301.04 -31.1829 0.1 9.87585
4.31572 903.33 300.724 -31.1493 0.1 10.0178
4.32587 906.38 300.408 -31.116 0.1 10.1598
4.33603 909.43 300.092 -31.0829 0.1 10.302
4.34603 912.43 299.781 -31.0507 0.1 10.4421
4.35604 915.43 299.471 -31.0188 0.1 10.5822
4.36606 918.43 299.16 -30.9871 0.1 10.7226
4.3761 921.43 298.849 -30.9556 0.1 10.863
4.38614 924.43 298.538 -30.9244 0.1 11.0036
4.3962 927.43 298.228 -30.8935 0.1 11.1444
4.40626 930.43 297.917 -30.8629 0.1 11.2853
4.41634 933.43 297.606 -30.8325 0.1 11.4264
4.42642 936.43 297.295 -30.8023 0.1 11.5676
4.43652 939.43 296.984 -30.7724 0.1 11.7089
4.44663 942.43 296.673 -30.7428 0.1 11.8504
4.45674 945.43 296.363 -30.7134 0.1 11.992
4.46687 948.43 296.052 -30.6842 0.1 12.1338
4.47701 951.43 295.741 -30.6553 0.1 12.2758
4.48716 954.43 295.43 -30.6266 0.1 12.4179
4.49732 957.43 295.119 -30.5982 0.1 12.5601
4.50732 960.38 294.813 -30.5705 0.1 12.7001
4.51733 963.33 294.507 -30.543 0.1 12.8403
4.52735 966.28 294.201 -30.5158 0.1 12.9806
4.53739 969.23 293.895 -30.4887 0.1 13.121
4.54743 972.18 293.589 -30.4619 0.1 13.2616
4.55748 975.13 293.283 -30.4353 0.1 13.4024
4.56755 978.08 292.977 -30.409 0.1 13.5433
4.57762 981.03 292.67 -30.3829 0.1 13.6843
4.58771 983.98 292.364 -30.3569 0.1 13.8255
4.5978 986.93 292.058 -30.3312 0.1 13.9668
4.60791 989.88 291.751 -30.3058 0.1 14.1083
4.61802 992.83 291.445 -30.2805 0.1 14.2499
4.62815 995.78 291.138 -30.2554 0.1 14.3917
4.63829 998.73 290.832 -30.2306 0.1 14.5337
4.64844 1001.68 290.525 -30.206 0.1 14.6757
4.6586 1004.63 290.218 -30.1815 0.1 14.818
4.66877 1007.58 289.911 -30.1573 0.1 14.9603
4.67878 1010.48 289.61 -30.1337 0.1 15.1005
4.6888 1013.38 289.308 -30.1103 0.1 15.2407
4.69883 1016.28 289.006 -30.0871 0.1 15.3811
4.70886 1019.18 288.704 -30.0641 0.1 15.5217
4.71892 1022.08 288.402 -30.0413 0.1 15.6624
4.72898 1024.98 288.1 -30.0186 0.1 15.8032
4.73905 1027.88 287.798 -29.9962 0.1 15.9442
4.74913 1030.78 287.496 -29.9739 0.1 16.0854
4.75922 1033.68 287.193 -29.9518 0.1 16.2267
4.76932 1036.58 286.891 -29.9299 0.1 16.3681
4.77944 1039.48 286.588 -29.9082 0.1 16.5097
4.78956 1042.38 286.285 -29.8867 0.1 16.6514
4.7997 1045.28 285.983 -29.8654 0.1 16.7933
4.80984 1048.18 285.68 -29.8442 0.1 16.9354
4.82 1051.08 285.377 -29.8232 0.1 17.0776
4.83017 1053.98 285.073 -29.8024 0.1 17.2199
4.84017 1056.83 284.775 -29.7821 0.1 17.3599
4.85018 1059.68 284.477 -29.762 0.1 17.5001
4.86021 1062.53 284.179 -29.742 0.1 17.6405
4.87024 1065.38 283.881 -29.7222 0.1 17.7809
4.88029 1068.23 283.582 -29.7026 0.1 17.9216
4.89034 1071.08 283.284 -29.6831 0.1 18.0623
4.90041 1073.93 282.985 -29.6638 0.1 18.2032
4.91049 1076.78 282.686 -29.6447 0.1 18.3443
4.92057 1079.63 282.387 -29.6257 0.1 18.4855
4.93067 1082.48 282.088 -29.6068 0.1 18.6269
4.94078 1085.33 281.789 -29.5881 0.1 18.7684
4.9509 1088.18 281.49 -29.5696 0.1 18.9101
4.96103 1091.03 281.19 -29.5512 0.1 19.0519
4.97117 1093.88 280.891 -29.533 0.1 19.1939
4.98132 1096.73 280.591 -29.5149 0.1 19.336
4.99148 1099.58 280.291 -29.497 0.1 19.4783
5.00166 1102.43 279.991 -29.4792 0.1 19.6207
5.01166 1105.23 279.696 -29.4618 0.1 19.7608
5.02168 1108.03 279.401 -29.4446 0.1 19.901
5.03171 1110.83 279.106 -29.4275 0.1 20.0414
5.04174 1113.63 278.811 -29.4106 0.1 20.1819
5.05179 1116.43 278.515 -29.3938 0.1 20.3226
5.06185 1119.23 278.22 -29.3771 0.1 20.4634
5.07192 1122.03 277.924 -29.3606 0.1 20.6044
5.082 1124.83 277.628 -29.3442 0.1 20.7455
5.09209 1127.63 277.332 -29.3279 0.1 20.8868
5.10219 1130.43 277.036 -29.3117 0.1 21.0282
5.11231 1133.23 276.74 -29.2957 0.1 21.1697
5.12243 1136.03 276.443 -29.2798 0.1 21.3115
5.13256 1138.83 276.147 -29.264 0.1 21.4533
5.14271 1141.63 275.85 -29.2483 0.1 21.5954
5.15286 1144.43 275.553 -29.2328 0.1 21.7376
5.16303 1147.23 275.256 -29.2173 0.1 21.8799
5.17321 1150.03 274.958 -29.202 0.1 22.0224
5.18322 1152.78 274.666 -29.1871 0.1 22.1625
5.19323 1155.53 274.374 -29.1723 0.1 22.3027
5.20326 1158.28 274.081 -29.1576 0.1 22.4431
5.2133 1161.03 273.789 -29.143 0.1 22.5837
5.22335 1163.78 273.496 -29.1285 0.1 22.7243
5.23341 1166.53 273.203 -29.1141 0.1 22.8652
5.24348 1169.28 272.91 -29.0998 0.1 23.0062
5.25356 1172.03 272.617 -29.0856 0.1 23.1473
5.26366 1174.78 272.323 -29.0715 0.1 23.2886
5.27376 1177.53 272.029 -29.0575 0.1 23.4301
5.28388 1180.28 271.736 -29.0436 0.1 23.5717
5.294 1183.03 271.442 -29.0298 0.1 23.7134
5.30414 1185.78 271.147 -29.0161 0.1 23.8554
5.31429 1188.53 270.853 -29.0025 0.1 23.9974
5.32444 1191.28 270.558 -28.989 0.1 24.1396
5.33461 1194.03 270.264 -28.9756 0.1 24.282
5.3448 1196.78 269.969 -28.9622 0.1 24.4245
5.3548 1199.48 269.679 -28.9492 0.1 24.5646
5.36482 1202.18 269.389 -28.9363 0.1 24.7049
5.37485 1204.88 269.099 -28.9235 0.1 24.8453
5.38489 1207.58 268.809 -28.9107 0.1 24.9858
5.39494 1210.28 268.518 -28.8981 0.1 25.1265
5.405 1212.98 268.228 -28.8855 0.1 25.2673
5.41507 1215.68 267.937 -28.873 0.1 25.4083
5.42515 1218.38 267.646 -28.8605 0.1 25.5495
5.43524 1221.08 267.354 -28.8482 0.1 25.6908
5.44535 1223.78 267.063 -28.8359 0.1 25.8323
5.45547 1226.48 266.771 -28.8237 0.1 25.9739
5.46559 1229.18 266.479 -28.8115 0.1 26.1157
5.47573 1231.88 266.187 -28.7995 0.1 26.2576
5.48588 1234.58 265.895 -28.7875 0.1 26.3997
5.49604 1237.28 265.603 -28.7755 0.1 26.5419
5.50621 1239.98 265.31 -28.7637 0.1 26.6843
5.51639 1242.68 265.017 -28.7519 0.1 26.8268
5.5264 1245.33 264.73 -28.7403 0.1 26.9669
5.53641 1247.98 264.442 -28.7289 0.1 27.1071
5.54644 1250.63 264.154 -28.7175 0.1 27.2475
5.55648 1253.28 263.866 -28.7062 0.1 27.388
5.56653 1255.93 263.577 -28.6949 0.1 27.5287
5.57659 1258.58 263.289 -28.6836 0.1 27.6695
5.58666 1261.23 263 -28.6725 0.1 27.8105
5.59674 1263.88 262.711 -28.6614 0.1 27.9517
5.60683 1266.53 262.422 -28.6503 0.1 28.093
5.61693 1269.18 262.132 -28.6393 0.1 28.2344
5.62705 1271.83 261.843 -28.6283 0.1 28.376
5.63718 1274.48 261.553 -28.6174 0.1 28.5178
5.64731 1277.13 261.263 -28.6066 0.1 28.6597
5.65746 1279.78 260.973 -28.5958 0.1 28.8018
5.66762 1282.43 260.682 -28.585 0.1 28.944
5.67779 1285.08 260.391 -28.5743 0.1 29.0864
5.68798 1287.73 260.1 -28.5636 0.1 29.229
5.69798 1290.33 259.815 -28.5532 0.1 29.369
5.70799 1292.93 259.529 -28.5428 0.1 29.5092
5.71801 1295.53 259.243 -28.5324 0.1 29.6495
5.72805 1298.13 258.957 -28.5221 0.1 29.79
5.7381 1300.73 258.67 -28.5118 0.1 29.9306
5.74815 1303.33 258.383 -28.5016 0.1 30.0714
5.75822 1305.93 258.097 -28.4913 0.1 30.2124
5.7683 1308.53 257.809 -28.4812 0.1 30.3535
5.77839 1311.13 257.522 -28.471 0.1 30.4948
5.78849 1313.73 257.235 -28.4609 0.1 30.6362
5.79861 1316.33 256.947 -28.4508 0.1 30.7778
5.80873 1318.93 256.659 -28.4408 0.1 30.9195
5.81887 1321.53 256.371 -28.4307 0.1 31.0614
5.82901 1324.13 256.082 -28.4207 0.1 31.2035
5.83917 1326.73 255.793 -28.4108 0.1 31.3457
5.84934 1329.33 255.505 -28.4008 0.1 31.4881
5.85952 1331.93 255.215 -28.3909 0.1 31.6306
5.86972 1334.53 254.926 -28.381 0.1 31.7733
5.87973 1337.08 254.642 -28.3713 0.1 31.9134
5.88975 1339.63 254.358 -28.3616 0.1 32.0537
5.89978 1342.18 254.073 -28.3519 0.1 32.1941
5.90982 1344.73 253.789 -28.3423 0.1 32.3347
5.91987 1347.28 253.504 -28.3327 0.1 32.4755
5.92994 1349.83 253.219 -28.3231 0.1 32.6164
5.94001 1352.38 252.933 -28.3135 0.1 32.7574
5.9501 1354.93 252.648 -28.3039 0.1 32.8987
5.9602 1357.48 252.362 -28.2943 0.1 33.04
5.97031 1360.03 252.076 -28.2848 0.1 33.1816
5.98043 1362.58 251.79 -28.2752 0.1 33.3233
5.99057 1365.13 251.503 -28.2657 0.1 33.4651
6.00071 1367.68 251.217 -28.2562 0.1 33.6072
6.01087 1370.23 250.93 -28.2466 0.1 33.7494
6.02104 1372.78 250.643 -28.2371 0.1 33.8917
6.03122 1375.33 250.355 -28.2276 0.1 34.0342
6.04141 1377.88 250.067 -28.2181 0.1 34.1769
6.05141 1380.38 249.785 -28.2088 0.1 34.3169
6.06142 1382.88 249.503 -28.1995 0.1 34.4571
6.07145 1385.38 249.22 -28.1902 0.1 34.5975
6.08149 1387.88 248.937 -28.1809 0.1 34.738
6.09154 1390.38 248.654 -28.1715 0.1 34.8787
6.1016 1392.88 248.371 -28.1622 0.1 35.0195
6.11167 1395.38 248.087 -28.1529 0.1 35.1605
6.12175 1397.88 247.803 -28.1436 0.1 35.3017
6.13184 1400.38 247.519 -28.1343 0.1 35.443
6.14195 1402.88 247.235 -28.1249 0.1 35.5845
6.15207 1405.38 246.951 -28.1156 0.1 35.7261
6.1622 1407.88 246.666 -28.1063 0.1 35.8679
6.17234 1410.38 246.381 -28.0969 0.1 36.0099
6.18249 1412.88 246.096 -28.0875 0.1 36.152
6.19266 1415.38 245.81 -28.0782 0.1 36.2944
6.20283 1417.88 245.524 -28.0688 0.1 36.4368
6.21302 1420.38 245.238 -28.0594 0.1 36.5795
6.22322 1422.88 244.952 -28.05 0.1 36.7223
6.23323 1425.33 244.672 -28.0408 0.1 36.8624
6.24325 1427.78 244.391 -28.0315 0.1 37.0026
6.25328 1430.23 244.11 -28.0222 0.1 37.1431
6.26332 1432.68 243.828 -28.013 0.1 37.2836
6.27338 1435.13 243.547 -28.0037 0.1 37.4244
6.28344 1437.58 243.265 -27.9944 0.1 37.5653
6.29352 1440.03 242.983 -27.985 0.1 37.7064
6.30361 1442.48 242.7 -27.9757 0.1 37.8476
6.31371 1444.93 242.418 -27.9663 0.1 37.989
6.32382 1447.38 242.135 -27.9569 0.1 38.1306
6.33395 1449.83 241.852 -27.9475 0.1 38.2723
6.34408 1452.28 241.569 -27.9381 0.1 38.4143
6.35423 1454.73 241.286 -27.9286 0.1 38.5563
6.36439 1457.18 241.002 -27.9191 0.1 38.6986
6.37456 1459.63 240.718 -27.9096 0.1 38.841
6.38475 1462.08 240.434 -27.9001 0.1 38.9835
6.39494 1464.53 240.149 -27.8905 0.1 39.1263
6.40515 1466.98 239.865 -27.8809 0.1 39.2692
6.41516 1469.38 239.586 -27.8715 0.1 39.4093
6.42519 1471.78 239.306 -27.862 0.1 39.5497
6.43522 1474.18 239.027 -27.8525 0.1 39.6902
6.44527 1476.58 238.747 -27.843 0.1 39.8308
6.45533 1478.98 238.467 -27.8335 0.1 39.9716
6.4654 1481.38 238.187 -27.8239 0.1 40.1126
6.47548 1483.78 237.906 -27.8143 0.1 40.2538
6.48557 1486.18 237.625 -27.8046 0.1 40.3951
6.49568 1488.58 237.344 -27.795 0.1 40.5365
6.5058 1490.98 237.063 -27.7852 0.1 40.6782
6.51593 1493.38 236.782 -27.7755 0.1 40.82
6.52607 1495.78 236.5 -27.7657 0.1 40.962
6.53622 1498.18 236.218 -27.7559 0.1 41.1042
6.54639 1500.58 235.936 -27.746 0.1 41.2465
6.55657 1502.98 235.654 -27.7361 0.1 41.389
6.56676 1505.38 235.371 -27.7262 0.1 41.5316
6.57696 1507.78 235.088 -27.7162 0.1 41.6745
6.58696 1510.13 234.811 -27.7064 0.1 41.8145
6.59698 1512.48 234.534 -27.6965 0.1 41.9547
6.607 1514.83 234.256 -27.6866 0.1 42.0951
6.61704 1517.18 233.978 -27.6767 0.1 42.2356
6.62709 1519.53 233.7 -27.6667 0.1 42.3763
6.63715 1521.88 233.422 -27.6567 0.1 42.5171
6.64723 1524.23 233.143 -27.6466 0.1 42.6582
6.65731 1526.58 232.865 -27.6365 0.1 42.7994
6.66741 1528.93 232.586 -27.6264 0.1 42.9407
6.67752 1531.28 232.306 -27.6162 0.1 43.0823
6.68764 1533.63 232.027 -27.6059 0.1 43.224
6.69778 1535.98 231.747 -27.5956 0.1 43.3658
6.70792 1538.33 231.467 -27.5853 0.1 43.5079
6.71808 1540.68 231.187 -27.5749 0.1 43.6501
6.72825 1543.03 230.907 -27.5644 0.1 43.7925
6.73844 1545.38 230.626 -27.554 0.1 43.9351
6.74863 1547.73 230.345 -27.5434 0.1 44.0778
6.75884 1550.08 230.064 -27.5328 0.1 44.2207
6.76884 1552.38 229.789 -27.5224 0.1 44.3608
6.77886 1554.68 229.513 -27.5119 0.1 44.501
6.78889 1556.98 229.237 -27.5014 0.1 44.6414
6.79893 1559.28 228.961 -27.4908 0.1 44.7819
6.80898 1561.58 228.685 -27.4802 0.1 44.9226
6.81904 1563.88 228.408 -27.4695 0.1 45.0635
6.82912 1566.18 228.132 -27.4588 0.1 45.2046
6.83921 1568.48 227.855 -27.448 0.1 45.3458
6.84931 1570.78 227.577 -27.4371 0.1 45.4872
6.85942 1573.08 227.3 -27.4262 0.1 45.6288
6.86954 1575.38 227.022 -27.4152 0.1 45.7705
6.87968 1577.68 226.745 -27.4042 0.1 45.9125
6.88983 1579.98 226.466 -27.3931 0.1 46.0546
6.89999 1582.28 226.188 -27.382 0.1 46.1968
6.91017 1584.58 225.91 -27.3708 0.1 46.3393
6.92036 1586.88 225.631 -27.3595 0.1 46.4819
6.93056 1589.18 225.352 -27.3482 0.1 46.6247
6.94077 1591.48 225.073 -27.3369 0.1 46.7677
6.95077 1593.73 224.799 -27.3257 0.1 46.9077
6.96079 1595.98 224.526 -27.3144 0.1 47.0479
6.97081 1598.23 224.252 -27.3031 0.1 47.1883
6.98085 1600.48 223.978 -27.2917 0.1 47.3288
6.99091 1602.73 223.703 -27.2803 0.1 47.4696
7.00097 1604.98 223.429 -27.2688 0.1 47.6105
7.01105 1607.23 223.154 -27.2572 0.1 47.7515
7.02114 1609.48 222.879 -27.2456 0.1 47.8928
7.03124 1611.73 222.604 -27.2339 0.1 48.0342
7.04135 1613.98 222.329 -27.2222 0.1 48.1758
7.05148 1616.23 222.053 -27.2104 0.1 48.3175
7.06162 1618.48 221.777 -27.1985 0.1 48.4595
7.07177 1620.73 221.501 -27.1865 0.1 48.6016
7.08193 1622.98 221.225 -27.1745 0.1 48.7439
7.09211 1625.23 220.948 -27.1624 0.1 48.8864
7.1023 1627.48 220.672 -27.1503 0.1 49.029
7.1125 1629.73 220.395 -27.138 0.1 49.1719
7.12272 1631.98 220.118 -27.1258 0.1 49.3149
7.13272 1634.18 219.846 -27.1137 0.1 49.4549
7.14273 1636.38 219.575 -27.1015 0.1 49.5951
7.15276 1638.58 219.303 -27.0893 0.1 49.7354
7.1628 1640.78 219.031 -27.077 0.1 49.876
7.17285 1642.98 218.759 -27.0647 0.1 50.0167
7.18291 1645.18 218.487 -27.0522 0.1 50.1576
7.19299 1647.38 218.215 -27.0398 0.1 50.2986
7.20308 1649.58 217.942 -27.0272 0.1 50.4398
7.21318 1651.78 217.669 -27.0146 0.1 50.5812
7.22329 1653.98 217.396 -27.0019 0.1 50.7228
7.23342 1656.18 217.122 -26.9891 0.1 50.8646
7.24355 1658.38 216.849 -26.9762 0.1 51.0065
7.25371 1660.58 216.575 -26.9633 0.1 51.1487
7.26387 1662.78 216.301 -26.9503 0.1 51.291
7.27405 1664.98 216.027 -26.9372 0.1 51.4334
7.28424 1667.18 215.752 -26.9241 0.1 51.5761
7.29444 1669.38 215.478 -26.9109 0.1 51.719
7.30466 1671.58 215.203 -26.8976 0.1 51.862
7.31489 1673.78 214.928 -26.8842 0.1 52.0052
7.3249 1675.93 214.659 -26.8711 0.1 52.1453
7.33492 1678.08 214.389 -26.8579 0.1 52.2856
7.34496 1680.23 214.12 -26.8446 0.1 52.4261
7.355 1682.38 213.85 -26.8312 0.1 52.5668
7.36506 1684.53 213.581 -26.8178 0.1 52.7076
7.37514 1686.68 213.31 -26.8043 0.1 52.8486
7.38522 1688.83 213.04 -26.7907 0.1 52.9898
7.39532 1690.98 212.77 -26.7771 0.1 53.1312
7.40543 1693.13 212.499 -26.7633 0.1 53.2728
7.41556 1695.28 212.228 -26.7495 0.1 53.4145
7.42569 1697.43 211.957 -26.7356 0.1 53.5564
7.43584 1699.58 211.686 -26.7217 0.1 53.6985
7.44601 1701.73 211.414 -26.7076 0.1 53.8408
7.45618 1703.88 211.143 -26.6935 0.1 53.9833
7.46637 1706.03 210.871 -26.6793 0.1 54.1259
7.47658 1708.18 210.598 -26.665 0.1 54.2687
7.48679 1710.33 210.326 -26.6507 0.1 54.4118
7.49702 1712.48 210.054 -26.6363 0.1 54.555
7.50702 1714.58 209.787 -26.6221 0.1 54.695
7.51704 1716.68 209.521 -26.6078 0.1 54.8352
7.52707 1718.78 209.254 -26.5935 0.1 54.9756
7.53711 1720.88 208.987 -26.5791 0.1 55.1162
7.54717 1722.98 208.72 -26.5646 0.1 55.257
7.55724 1725.08 208.452 -26.5389 0.1 55.3509
7.56732 1727.18 208.185 -26.491 0.1 55.3509
7.57741 1729.28 207.918 -26.4432 0.1 55.3509
7.58752 1731.38 207.651 -26.3955 0.1 55.351
7.59764 1733.48 207.384 -26.3479 0.1 55.351
7.60777 1735.58 207.117 -26.3004 0.1 55.351
7.61792 1737.68 206.851 -26.253 0.1 55.351
7.62807 1739.78 206.584 -26.2058 0.1 55.351
7.63825 1741.88 206.318 -26.1586 0.1 55.351
7.64843 1743.98 206.052 -26.1115 0.1 55.351
7.65863 1746.08 205.786 -26.0645 0.1 55.351
7.66884 1748.18 205.52 -26.0176 0.1 55.351
7.67907 1750.28 205.254 -25.9708 0.1 55.351
7.6893 1752.38 204.988 -25.9242 0.1 55.351
7.69931 1754.43 204.729 -25.8779 0.1 55.3476
7.70933 1756.48 204.47 -25.8333 0.1 55.351
7.71936 1758.53 204.211 -25.7873 0.1 55.3476
7.72941 1760.58 203.952 -25.7429 0.1 55.351
7.73947 1762.63 203.694 -25.697 0.1 55.3475
7.74954 1764.68 203.435 -25.6528 0.1 55.351
7.75962 1766.73 203.177 -25.6071 0.1 55.3475
7.76972 1768.78 202.918 -25.5631 0.1 55.351
7.77983 1770.83 202.66 -25.5176 0.1 55.3475
7.78995 1772.88 202.402 -25.4737 0.1 55.351
7.80008 1774.93 202.144 -25.4284 0.1 55.3475
7.81023 1776.98 201.886 -25.3848 0.1 55.351
7.82039 1779.03 201.629 -25.3397 0.1 55.3475
7.83057 1781.08 201.371 -25.2962 0.1 55.351
7.84075 1783.13 201.114 -25.2513 0.1 55.3475
7.85095 1785.18 200.856 -25.208 0.1 55.351
7.86117 1787.23 200.599 -25.1632 0.1 55.3475
7.87139 1789.28 200.342 -25.1201 0.1 55.351
7.88163 1791.33 200.085 -25.0756 0.1 55.3475
7.89163 1793.33 199.834 -25.033 0.1 55.3475
7.90165 1795.33 199.584 -24.9904 0.1 55.3475
7.91168 1797.33 199.334 -24.948 0.1 55.3475
7.92172 1799.33 199.083 -24.9056 0.1 55.3475
7.93177 1801.33 198.833 -24.8633 0.1 55.3475
7.94183 1803.33 198.583 -24.8211 0.1 55.3475
7.95191 1805.33 198.333 -24.779 0.1 55.3475
7.962 1807.33 198.083 -24.737 0.1 55.3475
7.97211 1809.33 197.834 -24.695 0.1 55.3475
7.98222 1811.33 197.584 -24.6532 0.1 55.3475
7.99235 1813.33 197.335 -24.6114 0.1 55.3475
8.00249 1815.33 197.085 -24.5697 0.1 55.3475
8.01265 1817.33 196.836 -24.5281 0.1 55.3475
8.02281 1819.33 196.587 -24.4866 0.1 55.3475
8.03299 1821.33 196.338 -24.4452 0.1 55.3475
8.04319 1823.33 196.089 -24.4039 0.1 55.3475
8.05339 1825.33 195.84 -24.3626 0.1 55.3475
8.06361 1827.33 195.591 -24.3214 0.1 55.3475
8.07384 1829.33 195.342 -24.2803 0.1 55.3475
8.08409 1831.33 195.094 -24.2393 0.1 55.3475
8.09409 1833.28 194.852 -24.2002 0.1 55.3511
8.1041 1835.23 194.61 -24.1596 0.1 55.3475
8.11413 1837.18 194.368 -24.1206 0.1 55.3511
8.12417 1839.13 194.126 -24.0802 0.1 55.3475
8.13422 1841.08 193.884 -24.0414 0.1 55.3511
8.14429 1843.03 193.642 -24.0011 0.1 55.3475
8.15436 1844.98 193.4 -23.9624 0.1 55.3511
8.16445 1846.93 193.159 -23.9223 0.1 55.3475
8.17455 1848.88 192.917 -23.8838 0.1 55.3511
8.18467 1850.83 192.676 -23.8439 0.1 55.3474
8.19479 1852.78 192.435 -23.8055 0.1 55.3511
8.20493 1854.73 192.194 -23.7657 0.1 55.3474
8.21509 1856.68 191.952 -23.7275 0.1 55.3511
8.22525 1858.63 191.711 -23.6879 0.1 55.3474
8.23543 1860.58 191.471 -23.6498 0.1 55.3511
8.24562 1862.53 191.23 -23.6103 0.1 55.3474
8.25583 1864.48 190.989 -23.5724 0.1 55.3511
8.26604 1866.43 190.748 -23.5331 0.1 55.3474
8.27627 1868.38 190.508 -23.4953 0.1 55.3511
8.28651 1870.33 190.267 -23.4562 0.1 55.3474
8.29677 1872.28 190.027 -23.4186 0.1 55.3511
8.30677 1874.18 189.793 -23.3813 0.1 55.3511
8.31679 1876.08 189.559 -23.344 0.1 55.3511
8.32682 1877.98 189.325 -23.3069 0.1 55.3511
8.33686 1879.88 189.091 -23.2698 0.1 55.3511
8.34692 1881.78 188.857 -23.2328 0.1 55.3511
8.35698 1883.68 188.624 -23.1959 0.1 55.3511
8.36706 1885.58 188.39 -23.159 0.1 55.3511
8.37716 1887.48 188.157 -23.1222 0.1 55.3511
8.38726 1889.38 187.923 -23.0855 0.1 55.3511
8.39738 1891.28 187.69 -23.0489 0.1 55.3511
8.40751 1893.18 187.457 -23.0123 0.1 55.3511
8.41765 1895.08 187.223 -22.9758 0.1 55.3511
8.4278 1896.98 186.99 -22.9393 0.1 55.3511
8.43797 1898.88 186.757 -22.903 0.1 55.3511
8.44815 1900.78 186.524 -22.8667 0.1 55.3511
8.45834 1902.68 186.291 -22.8304 0.1 55.3511
8.46855 1904.58 186.058 -22.7943 0.1 55.3511
8.47877 1906.48 185.826 -22.7582 0.1 55.3511
8.489 1908.38 185.593 -22.7222 0.1 55.3512
8.49924 1910.28 185.361 -22.6862 0.1 55.3512
8.5095 1912.18 185.128 -22.6503 0.1 55.3512
8.51977 1914.08 184.896 -22.6145 0.1 55.3512
8.52978 1915.93 184.669 -22.579 0.1 55.3474
8.53981 1917.78 184.443 -22.545 0.1 55.3512
8.54984 1919.63 184.217 -22.5096 0.1 55.3474
8.55989 1921.48 183.991 -22.4757 0.1 55.3512
8.56995 1923.33 183.765 -22.4405 0.1 55.3474
8.58003 1925.18 183.539 -22.4067 0.1 55.3512
8.59011 1927.03 183.313 -22.3716 0.1 55.3474
8.60021 1928.88 183.088 -22.3379 0.1 55.3512
8.61032 1930.73 182.862 -22.303 0.1 55.3474
8.62044 1932.58 182.636 -22.2694 0.1 55.3512
8.63058 1934.43 182.411 -22.2346 0.1 55.3473
8.64073 1936.28 182.185 -22.2012 0.1 55.3512
8.65089 1938.13 181.96 -22.1665 0.1 55.3473
8.66106 1939.98 181.735 -22.1332 0.1 55.3512
8.67125 1941.83 181.509 -22.0986 0.1 55.3473
8.68145 1943.68 181.284 -22.0654 0.1 55.3512
8.69166 1945.53 181.059 -22.031 0.1 55.3473
8.70188 1947.38 180.834 -21.998 0.1 55.3512
8.71212 1949.23 180.609 -21.9636 0.1 55.3473
8.72237 1951.08 180.384 -21.9307 0.1 55.3512
8.73263 1952.93 180.159 -21.8965 0.1 55.3473
8.74291 1954.78 179.934 -21.8637 0.1 55.3512
8.75292 1956.58 179.716 -21.8312 0.1 55.3512
8.76294 1958.38 179.497 -21.7988 0.1 55.3512
8.77297 1960.18 179.278 -21.7664 0.1 55.3512
8.78302 1961.98 179.06 -21.7341 0.1 55.3512
8.79308 1963.78 178.842 -21.7019 0.1 55.3512
8.80315 1965.58 178.623 -21.6697 0.1 55.3512
8.81323 1967.38 178.405 -21.6375 0.1 55.3512
8.82333 1969.18 178.187 -21.6054 0.1 55.3512
8.83344 1970.98 177.968 -21.5734 0.1 55.3512
8.84356 1972.78 177.75 -21.5414 0.1 55.3512
8.85369 1974.58 177.532 -21.5095 0.1 55.3512
8.86384 1976.38 177.314 -21.4777 0.1 55.3512
8.874 1978.18 177.096 -21.4459 0.1 55.3512
8.88417 1979.98 176.878 -21.4141 0.1 55.3512
8.89435 1981.78 176.66 -21.3825 0.1 55.3512
8.90454 1983.58 176.442 -21.3508 0.1 55.3512
8.91475 1985.38 176.225 -21.3193 0.1 55.3513
8.92497 1987.18 176.007 -21.2878 0.1 55.3513
8.93521 1988.98 175.789 -21.2563 0.1 55.3513
8.94545 1990.78 175.571 -21.2249 0.1 55.3513
8.95571 1992.58 175.354 -21.1936 0.1 55.3513
8.96598 1994.38 175.136 -21.1623 0.1 55.3513
8.97627 1996.18 174.919 -21.1311 0.1 55.3513
8.98628 1997.93 174.708 -21.1002 0.1 55.3473
8.9963 1999.68 174.496 -21.0706 0.1 55.3513
9.00634 2001.43 174.285 -21.0397 0.1 55.3473
9.01638 2003.18 174.074 -21.0102 0.1 55.3513
9.02644 2004.93 173.862 -20.9795 0.1 55.3473
9.03651 2006.68 173.651 -20.9501 0.1 55.3513
9.0466 2008.43 173.44 -20.9195 0.1 55.3472
9.05669 2010.18 173.229 -20.8902 0.1 55.3513
9.0668 2011.93 173.018 -20.8597 0.1 55.3472
9.07692 2013.68 172.807 -20.8305 0.1 55.3513
9.08706 2015.43 172.596 -20.8001 0.1 55.3472
9.0972 2017.18 172.385 -20.771 0.1 55.3513
9.10736 2018.93 172.175 -20.7407 0.1 55.3472
9.11753 2020.68 171.964 -20.7117 0.1 55.3513
9.12771 2022.43 171.753 -20.6816 0.1 55.3472
9.13791 2024.18 171.542 -20.6527 0.1 55.3513
9.14812 2025.93 171.332 -20.6226 0.1 55.3472
9.15834 2027.68 171.121 -20.5938 0.1 55.3513
9.16857 2029.43 170.91 -20.5638 0.1 55.3472
9.17882 2031.18 170.7 -20.5352 0.1 55.3513
9.18908 2032.93 170.489 -20.5053 0.1 55.3472
9.19935 2034.68 170.279 -20.4767 0.1 55.3513
9.20963 2036.43 170.069 -20.447 0.1 55.3472
9.21963 2038.13 169.864 -20.4187 0.1 55.3472
9.22965 2039.83 169.66 -20.3905 0.1 55.3472
9.23967 2041.53 169.456 -20.3623 0.1 55.3472
9.24971 2043.23 169.251 -20.3342 0.1 55.3472
9.25976 2044.93 169.047 -20.3061 0.1 55.3472
9.26982 2046.63 168.843 -20.2781 0.1 55.3472
9.2799 2048.33 168.639 -20.2501 0.1 55.3472
9.28999 2050.03 168.435 -20.2222 0.1 55.3472
9.30009 2051.73 168.23 -20.1943 0.1 55.3472
9.3102 2053.43 168.026 -20.1665 0.1 55.3472
9.32032 2055.13 167.822 -20.1387 0.1 55.3472
9.33046 2056.83 167.618 -20.111 0.1 55.3472
9.34061 2058.53 167.414 -20.0833 0.1 55.3472
9.35077 2060.23 167.211 -20.0556 0.1 55.3472
9.36094 2061.93 167.007 -20.028 0.1 55.3472
9.37113 2063.63 166.803 -20.0005 0.1 55.3472
9.38132 2065.33 166.599 -19.973 0.1 55.3472
9.39153 2067.03 166.395 -19.9455 0.1 55.3472
9.40176 2068.73 166.191 -19.9181 0.1 55.3472
9.41199 2070.43 165.988 -19.8908 0.1 55.3472
9.42224 2072.13 165.784 -19.8635 0.1 55.3472
9.4325 2073.83 165.58 -19.8362 0.1 55.3472
9.44278 2075.53 165.377 -19.809 0.1 55.3471
9.45306 2077.23 165.173 -19.7818 0.1 55.3471
9.46336 2078.93 164.969 -19.7547 0.1 55.3471
9.47337 2080.58 164.772 -19.729 0.1 55.3514
9.48339 2082.23 164.574 -19.7021 0.1 55.3471
9.49342 2083.88 164.377 -19.6765 0.1 55.3514
9.50346 2085.53 164.179 -19.6498 0.1 55.3471
9.51352 2087.18 163.982 -19.6243 0.1 55.3514
9.52359 2088.83 163.784 -19.5976 0.1 55.3471
9.53367 2090.48 163.587 -19.5722 0.1 55.3514
9.54376 2092.13 163.39 -19.5456 0.1 55.3471
9.55387 2093.78 163.192 -19.5203 0.1 55.3514
9.56398 2095.43 162.995 -19.4938 0.1 55.3471
9.57411 2097.08 162.798 -19.4685 0.1 55.3514
9.58425 2098.73 162.6 -19.4421 0.1 55.3471
9.59441 2100.38 162.403 -19.4169 0.1 55.3514
9.60458 2102.03 162.206 -19.3906 0.1 55.3471
9.61475 2103.68 162.008 -19.3655 0.1 55.3514
9.62494 2105.33 161.811 -19.3393 0.1 55.3471
9.63515 2106.98 161.614 -19.3143 0.1 55.3514
9.64536 2108.63 161.417 -19.2881 0.1 55.3471
9.65559 2110.28 161.22 -19.2632 0.1 55.3514
9.66583 2111.93 161.023 -19.2372 0.1 55.3471
9.67609 2113.58 160.825 -19.2123 0.1 55.3514
9.68635 2115.23 160.628 -19.1863 0.1 55.3471
9.69663 2116.88 160.431 -19.1616 0.1 55.3514
9.70692 2118.53 160.234 -19.1357 0.1 55.3471
9.71723 2120.18 160.037 -19.111 0.1 55.3515
9.72723 2121.78 159.846 -19.0866 0.1 55.3515
9.73725 2123.38 159.655 -19.0621 0.1 55.3515
9.74727 2124.98 159.464 -19.0378 0.1 55.3515
9.75731 2126.58 159.273 -19.0134 0.1 55.3515
9.76737 2128.18 159.082 -18.9891 0.1 55.3515
9.77743 2129.78 158.891 -18.9649 0.1 55.3515
9.78751 2131.38 158.7 -18.9406 0.1 55.3515
9.79759 2132.98 158.509 -18.9165 0.1 55.3515
9.80769 2134.58 158.318 -18.8923 0.1 55.3515
9.81781 2136.18 158.127 -18.8682 0.1 55.3515
9.82793 2137.78 157.936 -18.8441 0.1 55.3515
9.83807 2139.38 157.746 -18.8201 0.1 55.3515
9.84822 2140.98 157.555 -18.7961 0.1 55.3515
9.85838 2142.58 157.364 -18.7722 0.1 55.3515
9.86855 2144.18 157.173 -18.7482 0.1 55.3515
9.87874 2145.78 156.982 -18.7244 0.1 55.3515
9.88894 2147.38 156.791 -18.7005 0.1 55.3515
9.89915 2148.98 156.6 -18.6767 0.1 55.3515
9.90937 2150.58 156.41 -18.653 0.1 55.3515
9.91961 2152.18 156.219 -18.6293 0.1 55.3515
9.92986 2153.78 156.028 -18.6056 0.1 55.3515
9.94012 2155.38 155.837 -18.5819 0.1 55.3515
9.95039 2156.98 155.646 -18.5583 0.1 55.3515
9.96068 2158.58 155.456 -18.5347 0.1 55.3515
9.97098 2160.18 155.265 -18.5112 0.1 55.3515
9.98129 2161.78 155.074 -18.4877 0.1 55.3515
9.99129 2163.33 154.889 -18.4644 0.1 55.347
10.0013 2164.88 154.705 -18.4423 0.1 55.3515
10.0113 2166.43 154.52 -18.4191 0.1 55.347
10.0214 2167.98 154.335 -18.397 0.1 55.3515
10.0314 2169.53 154.15 -18.3739 0.1 55.347
10.0415 2171.08 153.966 -18.3519 0.1 55.3515
10.0515 2172.63 153.781 -18.3288 0.1 55.347
10.0616 2174.18 153.596 -18.3069 0.1 55.3515
10.0717 2175.73 153.411 -18.2839 0.1 55.347
10.0818 2177.28 153.227 -18.262 0.1 55.3516
10.092 2178.83 153.042 -18.2391 0.1 55.347
10.1021 2180.38 152.857 -18.2173 0.1 55.3516
10.1122 2181.93 152.672 -18.1944 0.1 55.347
10.1224 2183.48 152.488 -18.1727 0.1 55.3516
10.1326 2185.03 152.303 -18.1499 0.1 55.347
10.1428 2186.58 152.118 -18.1283 0.1 55.3516
10.153 2188.13 151.934 -18.1056 0.1 55.347
10.1632 2189.68 151.749 -18.084 0.1 55.3516
10.1734 2191.23 151.564 -18.0613 0.1 55.347
10.1836 2192.78 151.379 -18.0398 0.1 55.3516
10.1939 2194.33 151.195 -18.0172 0.1 55.347
10.2041 2195.88 151.01 -17.9958 0.1 55.3516
10.2144 2197.43 150.825 -17.9733 0.1 55.3469
10.2247 2198.98 150.641 -17.9519 0.1 55.3516
10.235 2200.53 150.456 -17.9294 0.1 55.3469
10.2453 2202.08 150.271 -17.9081 0.1 55.3516
10.2556 2203.63 150.086 -17.8857 0.1 55.3469
10.2656 2205.13 149.908 -17.8646 0.1 55.3469
10.2756 2206.63 149.729 -17.8436 0.1 55.3469
10.2856 2208.13 149.55 -17.8226 0.1 55.3469
10.2957 2209.63 149.371 -17.8016 0.1 55.3469
10.3057 2211.13 149.193 -17.7806 0.1 55.3469
10.3158 2212.63 149.014 -17.7597 0.1 55.3469
10.3259 2214.13 148.835 -17.7387 0.1 55.3469
10.3359 2215.63 148.656 -17.7179 0.1 55.3469
10.346 2217.13 148.478 -17.697 0.1 55.3469
10.3561 2218.63 148.299 -17.6762 0.1 55.3469
10.3663 2220.13 148.12 -17.6554 0.1 55.3469
10.3764 2221.63 147.941 -17.6347 0.1 55.3469
10.3865 2223.13 147.762 -17.614 0.1 55.3469
10.3967 2224.63 147.584 -17.5933 0.1 55.3469
10.4069 2226.13 147.405 -17.5726 0.1 55.3469
10.4171 2227.63 147.226 -17.552 0.1 55.3469
10.4272 2229.13 147.047 -17.5314 0.1 55.3469
10.4375 2230.63 146.868 -17.5109 0.1 55.3469
10.4477 2232.13 146.689 -17.4903 0.1 55.3469
10.4579 2233.63 146.51 -17.4698 0.1 55.3469
10.4682 2235.13 146.332 -17.4493 0.1 55.3469
10.4784 2236.63 146.153 -17.4289 0.1 55.3469
10.4887 2238.13 145.974 -17.4085 0.1 55.3469
10.499 2239.63 145.795 -17.3881 0.1 55.3469
10.5093 2241.13 145.616 -17.3678 0.1 55.3469
10.5196 2242.63 145.437 -17.3474 0.1 55.3469
10.5299 2244.13 145.258 -17.3272 0.1 55.3469
10.5402 2245.63 145.079 -17.3069 0.1 55.3469
10.5502 2247.08 144.906 -17.2879 0.1 55.3517
10.5602 2248.53 144.733 -17.2678 0.1 55.3468
10.5703 2249.98 144.56 -17.2488 0.1 55.3517
10.5803 2251.43 144.387 -17.2288 0.1 55.3468
10.5903 2252.88 144.214 -17.2099 0.1 55.3517
10.6004 2254.33 144.041 -17.19 0.1 55.3468
10.6105 2255.78 143.868 -17.1711 0.1 55.3517
10.6206 2257.23 143.695 -17.1512 0.1 55.3468
10.6307 2258.68 143.522 -17.1324 0.1 55.3517
10.6408 2260.13 143.349 -17.1126 0.1 55.3468
10.6509 2261.58 143.176 -17.0938 0.1 55.3517
10.661 2263.03 143.003 -17.0741 0.1 55.3468
10.6712 2264.48 142.83 -17.0554 0.1 55.3517
10.6813 2265.93 142.656 -17.0357 0.1 55.3468
10.6915 2267.38 142.483 -17.017 0.1 55.3517
10.7017 2268.83 142.31 -16.9974 0.1 55.3468
10.7119 2270.28 142.137 -16.9788 0.1 55.3517
10.7221 2271.73 141.964 -16.9592 0.1 55.3468
10.7323 2273.18 141.79 -16.9406 0.1 55.3517
10.7425 2274.63 141.617 -16.9211 0.1 55.3468
10.7528 2276.08 141.444 -16.9026 0.1 55.3517
10.763 2277.53 141.271 -16.8831 0.1 55.3468
10.7733 2278.98 141.097 -16.8647 0.1 55.3517
10.7836 2280.43 140.924 -16.8453 0.1 55.3468
10.7939 2281.88 140.751 -16.8269 0.1 55.3518
10.8042 2283.33 140.577 -16.8075 0.1 55.3468
10.8145 2284.78 140.404 -16.7892 0.1 55.3518
10.8249 2286.23 140.231 -16.7699 0.1 55.3468
10.8352 2287.68 140.057 -16.7516 0.1 55.3518
10.8452 2289.08 139.89 -16.7335 0.1 55.3518
10.8552 2290.48 139.722 -16.7154 0.1 55.3518
10.8652 2291.88 139.555 -16.6974 0.1 55.3518
10.8753 2293.28 139.387 -16.6793 0.1 55.3518
10.8853 2294.68 139.22 -16.6613 0.1 55.3518
10.8954 2296.08 139.052 -16.6433 0.1 55.3518
10.9055 2297.48 138.885 -16.6254 0.1 55.3518
10.9156 2298.88 138.717 -16.6074 0.1 55.3518
10.9257 2300.28 138.549 -16.5895 0.1 55.3518
10.9358 2301.68 138.382 -16.5717 0.1 55.3518
10.9459 2303.08 138.214 -16.5538 0.1 55.3518
10.956 2304.48 138.046 -16.536 0.1 55.3518
10.9662 2305.88 137.879 -16.5182 0.1 55.3518
10.9763 2307.28 137.711 -16.5004 0.1 55.3518
10.9865 2308.68 137.543 -16.4826 0.1 55.3518
10.9967 2310.08 137.375 -16.4649 0.1 55.3518
11.0069 2311.48 137.208 -16.4472 0.1 55.3518
11.0171 2312.88 137.04 -16.4295 0.1 55.3518
11.0273 2314.28 136.872 -16.4118 0.1 55.3518
11.0376 2315.68 136.704 -16.3942 0.1 55.3518
11.0478 2317.08 136.536 -16.3766 0.1 55.3518
11.0581 2318.48 136.368 -16.359 0.1 55.3518
11.0683 2319.88 136.2 -16.3414 0.1 55.3518
11.0786 2321.28 136.032 -16.3239 0.1 55.3518
11.0889 2322.68 135.864 -16.3064 0.1 55.3518
11.0992 2324.08 135.696 -16.2889 0.1 55.3518
11.1096 2325.48 135.528 -16.2714 0.1 55.3518
11.1199 2326.88 135.36 -16.254 0.1 55.3519
11.1302 2328.28 135.192 -16.2366 0.1 55.3519
11.1406 2329.68 135.024 -16.2192 0.1 55.3519
11.1506 2331.03 134.862 -16.2019 0.1 55.3467
11.1606 2332.38 134.699 -16.1857 0.1 55.3519
11.1707 2333.73 134.537 -16.1685 0.1 55.3467
11.1807 2335.08 134.375 -16.1523 0.1 55.3519
11.1907 2336.43 134.213 -16.1352 0.1 55.3467
11.2008 2337.78 134.05 -16.119 0.1 55.3519
11.2109 2339.13 133.888 -16.1019 0.1 55.3467
11.221 2340.48 133.726 -16.0858 0.1 55.3519
11.2311 2341.83 133.563 -16.0688 0.1 55.3466
11.2412 2343.18 133.401 -16.0527 0.1 55.3519
11.2513 2344.53 133.238 -16.0357 0.1 55.3466
11.2615 2345.88 133.076 -16.0196 0.1 55.3519
11.2716 2347.23 132.913 -16.0027 0.1 55.3466
11.2818 2348.58 132.751 -15.9867 0.1 55.3519
11.2919 2349.93 132.588 -15.9698 0.1 55.3466
11.3021 2351.28 132.425 -15.9539 0.1 55.3519
11.3123 2352.63 132.263 -15.937 0.1 55.3466
11.3225 2353.98 132.1 -15.9211 0.1 55.3519
11.3328 2355.33 131.937 -15.9043 0.1 55.3466
11.343 2356.68 131.775 -15.8884 0.1 55.3519
11.3533 2358.03 131.612 -15.8716 0.1 55.3466
11.3635 2359.38 131.449 -15.8558 0.1 55.3519
11.3738 2360.73 131.286 -15.8391 0.1 55.3466
11.3841 2362.08 131.123 -15.8233 0.1 55.3519
11.3944 2363.43 130.96 -15.8066 0.1 55.3466
11.4047 2364.78 130.797 -15.7909 0.1 55.3519
11.415 2366.13 130.634 -15.7743 0.1 55.3466
11.4254 2367.48 130.471 -15.7586 0.1 55.3519
11.4357 2368.83 130.308 -15.742 0.1 55.3466
11.4461 2370.18 130.145 -15.7263 0.1 55.352
11.4565 2371.53 129.982 -15.7098 0.1 55.3466
11.4665 2372.83 129.825 -15.6943 0.1 55.3466
11.4765 2374.13 129.668 -15.6788 0.1 55.3466
11.4865 2375.43 129.51 -15.6634 0.1 55.3466
11.4966 2376.73 129.353 -15.648 0.1 55.3466
11.5066 2378.03 129.196 -15.6326 0.1 55.3466
11.5167 2379.33 129.039 -15.6172 0.1 55.3466
11.5268 2380.63 128.881 -15.6019 0.1 55.3466
11.5369 2381.93 128.724 -15.5865 0.1 55.3465
11.547 2383.23 128.566 -15.5712 0.1 55.3465
11.5571 2384.53 128.409 -15.5559 0.1 55.3465
11.5672 2385.83 128.251 -15.5407 0.1 55.3465
11.5774 2387.13 128.094 -15.5254 0.1 55.3465
11.5875 2388.43 127.936 -15.5102 0.1 55.3465
11.5977 2389.73 127.779 -15.495 0.1 55.3465
11.6079 2391.03 127.621 -15.4798 0.1 55.3465
11.6181 2392.33 127.463 -15.4646 0.1 55.3465
11.6283 2393.63 127.306 -15.4494 0.1 55.3465
11.6385 2394.93 127.148 -15.4343 0.1 55.3465
11.6487 2396.23 126.99 -15.4192 0.1 55.3465
11.659 2397.53 126.832 -15.4041 0.1 55.3465
11.6692 2398.83 126.674 -15.389 0.1 55.3465
11.6795 2400.13 126.516 -15.3739 0.1 55.3465
11.6898 2401.43 126.358 -15.3589 0.1 55.3465
11.7001 2402.73 126.2 -15.3439 0.1 55.3465
11.7104 2404.03 126.042 -15.3289 0.1 55.3465
11.7207 2405.33 125.884 -15.3139 0.1 55.3465
11.731 2406.63 125.726 -15.2989 0.1 55.3465
11.7414 2407.93 125.568 -15.284 0.1 55.3465
11.7517 2409.23 125.409 -15.269 0.1 55.3465
11.7621 2410.53 125.251 -15.2541 0.1 55.3465
11.7725 2411.83 125.093 -15.2392 0.1 55.3465
11.7829 2413.13 124.934 -15.2244 0.1 55.3465
11.7929 2414.38 124.782 -15.2105 0.1 55.3521
11.8029 2415.63 124.63 -15.1958 0.1 55.3465
11.813 2416.88 124.477 -15.182 0.1 55.3521
11.823 2418.13 124.325 -15.1674 0.1 55.3465
11.8331 2419.38 124.172 -15.1536 0.1 55.3521
11.8432 2420.63 124.02 -15.139 0.1 55.3464
11.8532 2421.88 123.867 -15.1252 0.1 55.3521
11.8633 2423.13 123.714 -15.1106 0.1 55.3464
11.8735 2424.38 123.562 -15.0969 0.1 55.3521
11.8836 2425.63 123.409 -15.0824 0.1 55.3464
11.8937 2426.88 123.256 -15.0687 0.1 55.3521
11.9039 2428.13 123.103 -15.0542 0.1 55.3464
11.914 2429.38 122.95 -15.0405 0.1 55.3521
11.9242 2430.63 122.797 -15.0261 0.1 55.3464
11.9344 2431.88 122.644 -15.0124 0.1 55.3521
11.9446 2433.13 122.491 -14.998 0.1 55.3464
11.9548 2434.38 122.338 -14.9844 0.1 55.3521
11.965 2435.63 122.185 -14.97 0.1 55.3464
11.9753 2436.88 122.032 -14.9565 0.1 55.3521
11.9855 2438.13 121.879 -14.9421 0.1 55.3464
11.9958 2439.38 121.725 -14.9286 0.1 55.3521
12.006 2440.63 121.572 -14.9143 0.1 55.3464
12.0163 2441.88 121.419 -14.9008 0.1 55.3521
12.0266 2443.13 121.265 -14.8865 0.1 55.3464
12.0369 2444.38 121.112 -14.873 0.1 55.3522
12.0473 2445.63 120.958 -14.8588 0.1 55.3464
12.0576 2446.88 120.805 -14.8454 0.1 55.3522
12.068 2448.13 120.651 -14.8311 0.1 55.3464
12.0783 2449.38 120.497 -14.8178 0.1 55.3522
12.0887 2450.63 120.344 -14.8036 0.1 55.3464
12.0991 2451.88 120.19 -14.7902 0.1 55.3522
12.1095 2453.13 120.036 -14.7761 0.1 55.3464
12.1195 2454.33 119.888 -14.7629 0.1 55.3463
12.1295 2455.53 119.74 -14.7497 0.1 55.3463
12.1396 2456.73 119.593 -14.7366 0.1 55.3463
12.1496 2457.93 119.445 -14.7235 0.1 55.3463
12.1597 2459.13 119.297 -14.7103 0.1 55.3463
12.1697 2460.33 119.149 -14.6972 0.1 55.3463
12.1798 2461.53 119.001 -14.6842 0.1 55.3463
12.1899 2462.73 118.853 -14.6711 0.1 55.3463
12.2 2463.93 118.704 -14.658 0.1 55.3463
12.2101 2465.13 118.556 -14.645 0.1 55.3463
12.2202 2466.33 118.408 -14.632 0.1 55.3463
12.2304 2467.53 118.26 -14.619 0.1 55.3463
12.2405 2468.73 118.111 -14.606 0.1 55.3463
12.2507 2469.93 117.963 -14.593 0.1 55.3463
12.2609 2471.13 117.814 -14.58 0.1 55.3463
12.2711 2472.33 117.666 -14.5671 0.1 55.3463
12.2813 2473.53 117.517 -14.5542 0.1 55.3463
12.2915 2474.73 117.369 -14.5412 0.1 55.3463
12.3017 2475.93 117.22 -14.5283 0.1 55.3463
12.312 2477.13 117.071 -14.5155 0.1 55.3463
12.3222 2478.33 116.922 -14.5026 0.1 55.3463
12.3325 2479.53 116.773 -14.4897 0.1 55.3463
12.3428 2480.73 116.625 -14.4769 0.1 55.3463
12.3531 2481.93 116.476 -14.4641 0.1 55.3463
12.3634 2483.13 116.326 -14.4513 0.1 55.3463
12.3737 2484.33 116.177 -14.4385 0.1 55.3463
12.384 2485.53 116.028 -14.4257 0.1 55.3462
12.3944 2486.73 115.879 -14.4129 0.1 55.3462
12.4048 2487.93 115.73 -14.4002 0.1 55.3462
12.4151 2489.13 115.58 -14.3874 0.1 55.3462
12.4255 2490.33 115.431 -14.3747 0.1 55.3462
12.4359 2491.53 115.281 -14.362 0.1 55.3462
12.4463 2492.73 115.132 -14.3493 0.1 55.3462
12.4568 2493.93 114.982 -14.3367 0.1 55.3462
12.4668 2495.08 114.839 -14.3249 0.1 55.3523
12.4768 2496.23 114.695 -14.3124 0.1 55.3462
12.4868 2497.38 114.552 -14.3007 0.1 55.3523
12.4969 2498.53 114.408 -14.2882 0.1 55.3462
12.5069 2499.68 114.265 -14.2765 0.1 55.3523
12.517 2500.83 114.121 -14.2641 0.1 55.3462
12.5271 2501.98 113.977 -14.2524 0.1 55.3523
12.5372 2503.13 113.833 -14.24 0.1 55.3462
12.5473 2504.28 113.689 -14.2284 0.1 55.3523
12.5574 2505.43 113.545 -14.216 0.1 55.3462
12.5676 2506.58 113.401 -14.2044 0.1 55.3524
12.5777 2507.73 113.257 -14.192 0.1 55.3462
12.5879 2508.88 113.113 -14.1804 0.1 55.3524
12.598 2510.03 112.969 -14.1681 0.1 55.3462
12.6082 2511.18 112.825 -14.1565 0.1 55.3524
12.6184 2512.33 112.68 -14.1442 0.1 55.3462
12.6286 2513.48 112.536 -14.1327 0.1 55.3524
12.6389 2514.63 112.392 -14.1204 0.1 55.3462
12.6491 2515.78 112.247 -14.1089 0.1 55.3524
12.6594 2516.93 112.103 -14.0966 0.1 55.3461
12.6696 2518.08 111.958 -14.0852 0.1 55.3524
12.6799 2519.23 111.813 -14.0729 0.1 55.3461
12.6902 2520.38 111.668 -14.0615 0.1 55.3524
12.7005 2521.53 111.524 -14.0493 0.1 55.3461
12.7108 2522.68 111.379 -14.0379 0.1 55.3524
12.7211 2523.83 111.234 -14.0257 0.1 55.3461
12.7315 2524.98 111.089 -14.0143 0.1 55.3524
12.7418 2526.13 110.944 -14.0021 0.1 55.3461
12.7522 2527.28 110.798 -13.9908 0.1 55.3524
12.7626 2528.43 110.653 -13.9786 0.1 55.3461
12.773 2529.58 110.508 -13.9673 0.1 55.3524
12.7834 2530.73 110.362 -13.9552 0.1 55.3461
12.7938 2531.88 110.217 -13.9439 0.1 55.3524
12.8043 2533.03 110.071 -13.9318 0.1 55.3461
12.8143 2534.13 109.932 -13.9207 0.1 55.3461
12.8243 2535.23 109.793 -13.9095 0.1 55.3461
12.8343 2536.33 109.653 -13.8984 0.1 55.3461
12.8444 2537.43 109.514 -13.8872 0.1 55.3461
12.8544 2538.53 109.374 -13.8761 0.1 55.3461
12.8645 2539.63 109.235 -13.865 0.1 55.3461
12.8746 2540.73 109.095 -13.8539 0.1 55.3461
12.8846 2541.83 108.955 -13.8428 0.1 55.3461
12.8947 2542.93 108.816 -13.8318 0.1 55.346
12.9049 2544.03 108.676 -13.8207 0.1 55.346
12.915 2545.13 108.536 -13.8097 0.1 55.346
12.9251 2546.23 108.396 -13.7986 0.1 55.346
12.9353 2547.33 108.256 -13.7876 0.1 55.346
12.9455 2548.43 108.116 -13.7766 0.1 55.346
12.9556 2549.53 107.975 -13.7656 0.1 55.346
12.9658 2550.63 107.835 -13.7546 0.1 55.346
12.976 2551.73 107.695 -13.7436 0.1 55.346
12.9863 2552.83 107.554 -13.7327 0.1 55.346
12.9965 2553.93 107.414 -13.7217 0.1 55.346
13.0067 2555.03 107.273 -13.7108 0.1 55.346
13.017 2556.13 107.133 -13.6999 0.1 55.346
13.0273 2557.23 106.992 -13.6889 0.1 55.346
13.0376 2558.33 106.851 -13.678 0.1 55.346
13.0479 2559.43 106.71 -13.6671 0.1 55.346
13.0582 2560.53 106.57 -13.6563 0.1 55.346
13.0685 2561.63 106.429 -13.6454 0.1 55.346
13.0789 2562.73 106.287 -13.6345 0.1 55.346
13.0892 2563.83 106.146 -13.6237 0.1 55.346
13.0996 2564.93 106.005 -13.6129 0.1 55.346
13.11 2566.03 105.864 -13.602 0.1 55.346
13.1204 2567.13 105.722 -13.5912 0.1 55.346
13.1308 2568.23 105.581 -13.5804 0.1 55.346
13.1412 2569.33 105.439 -13.5697 0.1 55.3459
13.1516 2570.43 105.298 -13.5589 0.1 55.3459
13.1621 2571.53 105.156 -13.5481 0.1 55.3459
13.1726 2572.63 105.014 -13.5374 0.1 55.3459
13.1826 2573.68 104.879 -13.5275 0.1 55.3526
13.1926 2574.73 104.743 -13.5169 0.1 55.3459
13.2026 2575.78 104.608 -13.507 0.1 55.3526
13.2127 2576.83 104.472 -13.4964 0.1 55.3459
13.2227 2577.88 104.337 -13.4866 0.1 55.3526
13.2328 2578.93 104.201 -13.476 0.1 55.3459
13.2429 2579.98 104.065 -13.4662 0.1 55.3526
13.253 2581.03 103.929 -13.4556 0.1 55.3459
13.2631 2582.08 103.793 -13.4458 0.1 55.3526
13.2732 2583.13 103.657 -13.4353 0.1 55.3459
13.2833 2584.18 103.521 -13.4255 0.1 55.3526
13.2935 2585.23 103.385 -13.415 0.1 55.3459
13.3037 2586.28 103.248 -13.4053 0.1 55.3527
13.3138 2587.33 103.112 -13.3948 0.1 55.3459
13.324 2588.38 102.976 -13.385 0.1 55.3527
13.3342 2589.43 102.839 -13.3746 0.1 55.3459
13.3444 2590.48 102.703 -13.3649 0.1 55.3527
13.3547 2591.53 102.566 -13.3544 0.1 55.3459
13.3649 2592.58 102.429 -13.3447 0.1 55.3527
13.3752 2593.63 102.292 -13.3343 0.1 55.3458
13.3854 2594.68 102.155 -13.3246 0.1 55.3527
13.3957 2595.73 102.018 -13.3142 0.1 55.3458
13.406 2596.78 101.881 -13.3046 0.1 55.3527
13.4163 2597.83 101.744 -13.2942 0.1 55.3458
13.4267 2598.88 101.607 -13.2846 0.1 55.3527
13.437 2599.93 101.47 -13.2742 0.1 55.3458
13.4474 2600.98 101.332 -13.2646 0.1 55.3527
13.4577 2602.03 101.195 -13.2543 0.1 55.3458
13.4681 2603.08 101.057 -13.2446 0.1 55.3527
13.4785 2604.13 100.919 -13.2344 0.1 55.3458
13.4889 2605.18 100.782 -13.2248 0.1 55.3527
13.4994 2606.23 100.644 -13.2145 0.1 55.3458
13.5098 2607.28 100.506 -13.2049 0.1 55.3527
13.5203 2608.33 100.368 -13.1947 0.1 55.3458
13.5307 2609.38 100.23 -13.1851 0.1 55.3528
13.5412 2610.43 100.092 -13.1749 0.1 55.3458
13.5517 2611.48 99.9534 -13.1653 0.1 55.3528
13.5617 2612.48 99.8217 -13.1559 0.1 55.3528
13.5717 2613.48 99.6898 -13.1465 0.1 55.3528
13.5818 2614.48 99.5579 -13.1372 0.1 55.3528
13.5918 2615.48 99.4259 -13.1278 0.1 55.3528
13.6019 2616.48 99.2939 -13.1184 0.1 55.3528
13.612 2617.48 99.1617 -13.1091 0.1 55.3528
13.6221 2618.48 99.0295 -13.0997 0.1 55.3528
13.6322 2619.48 98.8971 -13.0904 0.1 55.3528
13.6423 2620.48 98.7647 -13.0811 0.1 55.3528
13.6524 2621.48 98.6322 -13.0718 0.1 55.3528
13.6626 2622.48 98.4997 -13.0624 0.1 55.3528
13.6727 2623.48 98.367 -13.0532 0.1 55.3528
13.6829 2624.48 98.2343 -13.0439 0.1 55.3528
13.6931 2625.48 98.1014 -13.0346 0.1 55.3528
13.7033 2626.48 97.9685 -13.0253 0.1 55.3528
13.7135 2627.48 97.8355 -13.0161 0.1 55.3528
13.7237 2628.48 97.7025 -13.0068 0.1 55.3528
13.734 2629.48 97.5693 -12.9976 0.1 55.3529
13.7442 2630.48 97.436 -12.9883 0.1 55.3529
13.7545 2631.48 97.3027 -12.9791 0.1 55.3529
13.7648 2632.48 97.1692 -12.9699 0.1 55.3529
13.7751 2633.48 97.0357 -12.9607 0.1 55.3529
13.7854 2634.48 96.9021 -12.9515 0.1 55.3529
13.7957 2635.48 96.7684 -12.9423 0.1 55.3529
13.8061 2636.48 96.6346 -12.9331 0.1 55.3529
13.8164 2637.48 96.5007 -12.9239 0.1 55.3529
13.8268 2638.48 96.3668 -12.9148 0.1 55.3529
13.8372 2639.48 96.2327 -12.9056 0.1 55.3529
13.8476 2640.48 96.0986 -12.8965 0.1 55.3529
13.858 2641.48 95.9643 -12.8873 0.1 55.3529
13.8684 2642.48 95.83 -12.8782 0.1 55.3529
13.8789 2643.48 95.6955 -12.8691 0.1 55.3529
13.8893 2644.48 95.561 -12.86 0.1 55.3529
13.8998 2645.48 95.4264 -12.8509 0.1 55.3529
13.9103 2646.48 95.2917 -12.8418 0.1 55.3529
13.9208 2647.48 95.1569 -12.8327 0.1 55.3529
13.9313 2648.48 95.0219 -12.8236 0.1 55.3529
13.9413 2649.43 94.8937 -12.8147 0.1 55.3456
13.9513 2650.38 94.7654 -12.8064 0.1 55.353
13.9614 2651.33 94.6369 -12.7975 0.1 55.3456
13.9714 2652.28 94.5084 -12.7892 0.1 55.353
13.9815 2653.23 94.3798 -12.7803 0.1 55.3456
13.9915 2654.18 94.2511 -12.7721 0.1 55.353
14.0016 2655.13 94.1223 -12.7632 0.1 55.3455
14.0117 2656.08 93.9935 -12.755 0.1 55.353
14.0218 2657.03 93.8645 -12.7461 0.1 55.3455
14.032 2657.98 93.7355 -12.7379 0.1 55.353
14.0421 2658.93 93.6063 -12.729 0.1 55.3455
14.0523 2659.88 93.4771 -12.7208 0.1 55.353
14.0624 2660.83 93.3477 -12.712 0.1 55.3455
14.0726 2661.78 93.2183 -12.7038 0.1 55.353
14.0828 2662.73 93.0888 -12.695 0.1 55.3455
14.093 2663.68 92.9592 -12.6868 0.1 55.353
14.1033 2664.63 92.8295 -12.678 0.1 55.3455
14.1135 2665.58 92.6997 -12.6699 0.1 55.353
14.1237 2666.53 92.5698 -12.6611 0.1 55.3455
14.134 2667.48 92.4398 -12.6529 0.1 55.3531
14.1443 2668.43 92.3097 -12.6442 0.1 55.3455
14.1546 2669.38 92.1796 -12.636 0.1 55.3531
14.1649 2670.33 92.0493 -12.6273 0.1 55.3455
14.1752 2671.28 91.9189 -12.6192 0.1 55.3531
14.1856 2672.23 91.7884 -12.6104 0.1 55.3455
14.1959 2673.18 91.6579 -12.6023 0.1 55.3531
14.2063 2674.13 91.5272 -12.5936 0.1 55.3454
14.2167 2675.08 91.3964 -12.5855 0.1 55.3531
14.2271 2676.03 91.2656 -12.5768 0.1 55.3454
14.2375 2676.98 91.1346 -12.5688 0.1 55.3531
14.248 2677.93 91.0035 -12.5601 0.1 55.3454
14.2584 2678.88 90.8724 -12.552 0.1 55.3531
14.2689 2679.83 90.7411 -12.5434 0.1 55.3454
14.2793 2680.78 90.6097 -12.5353 0.1 55.3531
14.2898 2681.73 90.4782 -12.5267 0.1 55.3454
14.3003 2682.68 90.3466 -12.5186 0.1 55.3531
14.3109 2683.63 90.215 -12.51 0.1 55.3454
14.3214 2684.58 90.0832 -12.502 0.1 55.3532
14.332 2685.53 89.9513 -12.4934 0.1 55.3454
14.342 2686.43 89.8262 -12.4855 0.1 55.3454
14.352 2687.33 89.7011 -12.4776 0.1 55.3454
14.362 2688.23 89.5758 -12.4698 0.1 55.3454
14.3721 2689.13 89.4505 -12.4619 0.1 55.3454
14.3822 2690.03 89.325 -12.4541 0.1 55.3453
14.3922 2690.93 89.1995 -12.4463 0.1 55.3453
14.4023 2691.83 89.0739 -12.4384 0.1 55.3453
14.4125 2692.73 88.9481 -12.4306 0.1 55.3453
14.4226 2693.63 88.8223 -12.4228 0.1 55.3453
14.4327 2694.53 88.6964 -12.415 0.1 55.3453
14.4429 2695.43 88.5704 -12.4072 0.1 55.3453
14.453 2696.33 88.4442 -12.3994 0.1 55.3453
14.4632 2697.23 88.318 -12.3916 0.1 55.3453
14.4734 2698.13 88.1917 -12.3839 0.1 55.3453
14.4836 2699.03 88.0652 -12.3761 0.1 55.3453
14.4939 2699.93 87.9387 -12.3683 0.1 55.3453
14.5041 2700.83 87.8121 -12.3606 0.1 55.3453
14.5144 2701.73 87.6853 -12.3528 0.1 55.3453
14.5246 2702.63 87.5585 -12.3451 0.1 55.3453
14.5349 2703.53 87.4315 -12.3373 0.1 55.3453
14.5452 2704.43 87.3045 -12.3296 0.1 55.3453
14.5555 2705.33 87.1773 -12.3219 0.1 55.3453
14.5659 2706.23 87.05 -12.3142 0.1 55.3452
14.5762 2707.13 86.9227 -12.3065 0.1 55.3452
14.5866 2708.03 86.7952 -12.2988 0.1 55.3452
14.597 2708.93 86.6676 -12.2911 0.1 55.3452
14.6074 2709.83 86.5399 -12.2834 0.1 55.3452
14.6178 2710.73 86.4121 -12.2757 0.1 55.3452
14.6282 2711.63 86.2842 -12.268 0.1 55.3452
14.6386 2712.53 86.1562 -12.2603 0.1 55.3452
14.6491 2713.43 86.028 -12.2527 0.1 55.3452
14.6595 2714.33 85.8998 -12.245 0.1 55.3452
14.67 2715.23 85.7714 -12.2374 0.1 55.3452
14.6805 2716.13 85.643 -12.2297 0.1 55.3452
14.691 2717.03 85.5144 -12.2221 0.1 55.3452
14.7016 2717.93 85.3857 -12.2145 0.1 55.3452
14.7121 2718.83 85.2569 -12.2069 0.1 55.3452
14.7227 2719.73 85.128 -12.1992 0.1 55.3452
14.7333 2720.63 84.9989 -12.1916 0.1 55.3451
14.7433 2721.48 84.877 -12.1847 0.1 55.3534
14.7533 2722.33 84.7549 -12.1773 0.1 55.3451
14.7633 2723.18 84.6327 -12.1704 0.1 55.3534
14.7734 2724.03 84.5104 -12.1629 0.1 55.3451
14.7835 2724.88 84.388 -12.1561 0.1 55.3534
14.7935 2725.73 84.2655 -12.1486 0.1 55.3451
14.8036 2726.58 84.1429 -12.1418 0.1 55.3534
14.8137 2727.43 84.0202 -12.1344 0.1 55.3451
14.8239 2728.28 83.8974 -12.1275 0.1 55.3534
14.834 2729.13 83.7745 -12.1201 0.1 55.3451
14.8442 2729.98 83.6514 -12.1133 0.1 55.3534
14.8543 2730.83 83.5283 -12.1059 0.1 55.3451
14.8645 2731.68 83.405 -12.099 0.1 55.3535
14.8747 2732.53 83.2817 -12.0917 0.1 55.3451
14.8849 2733.38 83.1582 -12.0848 0.1 55.3535
14.8952 2734.23 83.0346 -12.0775 0.1 55.3451
14.9054 2735.08 82.9109 -12.0707 0.1 55.3535
14.9157 2735.93 82.7871 -12.0633 0.1 55.345
14.9259 2736.78 82.6632 -12.0565 0.1 55.3535
14.9362 2737.63 82.5392 -12.0492 0.1 55.345
14.9465 2738.48 82.415 -12.0424 0.1 55.3535
14.9569 2739.33 82.2908 -12.0351 0.1 55.345
14.9672 2740.18 82.1664 -12.0283 0.1 55.3535
14.9775 2741.03 82.0419 -12.021 0.1 55.345
14.9879 2741.88 81.9173 -12.0142 0.1 55.3535
14.9983 2742.73 81.7926 -12.0069 0.1 55.345
15.0087 2743.58 81.6677 -12.0001 0.1 55.3536
15.0191 2744.43 81.5428 -11.9928 0.1 55.345
15.0296 2745.28 81.4177 -11.9861 0.1 55.3536
15.04 2746.13 81.2925 -11.9788 0.1 55.345
15.0505 2746.98 81.1672 -11.9721 0.1 55.3536
15.0609 2747.83 81.0417 -11.9648 0.1 55.3449
15.0714 2748.68 80.9162 -11.9581 0.1 55.3536
15.082 2749.53 80.7905 -11.9508 0.1 55.3449
15.0925 2750.38 80.6647 -11.9441 0.1 55.3536
15.103 2751.23 80.5388 -11.9369 0.1 55.3449
15.1136 2752.08 80.4127 -11.9302 0.1 55.3536
15.1242 2752.93 80.2866 -11.923 0.1 55.3449
15.1348 2753.78 80.1603 -11.9163 0.1 55.3536
15.1454 2754.63 80.0338 -11.9091 0.1 55.3449
15.1554 2755.43 79.9147 -11.9025 0.1 55.3449
15.1654 2756.23 79.7955 -11.896 0.1 55.3449
15.1754 2757.03 79.6762 -11.8895 0.1 55.3449
15.1855 2757.83 79.5568 -11.8829 0.1 55.3449
15.1956 2758.63 79.4372 -11.8764 0.1 55.3449
15.2056 2759.43 79.3175 -11.8699 0.1 55.3449
15.2157 2760.23 79.1978 -11.8634 0.1 55.3448
15.2258 2761.03 79.0779 -11.8569 0.1 55.3448
15.236 2761.83 78.9578 -11.8504 0.1 55.3448
15.2461 2762.63 78.8377 -11.8439 0.1 55.3448
15.2563 2763.43 78.7175 -11.8374 0.1 55.3448
15.2664 2764.23 78.5971 -11.831 0.1 55.3448
15.2766 2765.03 78.4766 -11.8245 0.1 55.3448
15.2868 2765.83 78.356 -11.818 0.1 55.3448
15.297 2766.63 78.2353 -11.8115 0.1 55.3448
15.3073 2767.43 78.1144 -11.8051 0.1 55.3448
15.3175 2768.23 77.9935 -11.7986 0.1 55.3448
15.3278 2769.03 77.8724 -11.7922 0.1 55.3448
15.3381 2769.83 77.7512 -11.7857 0.1 55.3448
15.3484 2770.63 77.6298 -11.7793 0.1 55.3448
15.3587 2771.43 77.5084 -11.7729 0.1 55.3448
15.369 2772.23 77.3868 -11.7664 0.1 55.3447
15.3794 2773.03 77.2651 -11.76 0.1 55.3447
15.3897 2773.83 77.1433 -11.7536 0.1 55.3447
15.4001 2774.63 77.0213 -11.7472 0.1 55.3447
15.4105 2775.43 76.8992 -11.7408 0.1 55.3447
15.4209 2776.23 76.777 -11.7344 0.1 55.3447
15.4313 2777.03 76.6547 -11.728 0.1 55.3447
15.4418 2777.83 76.5322 -11.7216 0.1 55.3447
15.4522 2778.63 76.4096 -11.7152 0.1 55.3447
15.4627 2779.43 76.2869 -11.7088 0.1 55.3447
15.4732 2780.23 76.164 -11.7024 0.1 55.3447
15.4837 2781.03 76.041 -11.696 0.1 55.3447
15.4943 2781.83 75.9179 -11.6897 0.1 55.3447
15.5048 2782.63 75.7947 -11.6833 0.1 55.3446
15.5154 2783.43 75.6713 -11.6769 0.1 55.3446
15.5259 2784.23 75.5478 -11.6706 0.1 55.3446
15.5365 2785.03 75.4241 -11.6642 0.1 55.3446
15.5472 2785.83 75.3003 -11.6579 0.1 55.3446
15.5578 2786.63 75.1764 -11.6515 0.1 55.3446
15.5684 2787.43 75.0523 -11.6452 0.1 55.3446
15.5784 2788.18 74.9359 -11.6395 0.1 55.3539
15.5885 2788.93 74.8193 -11.6333 0.1 55.3446
15.5985 2789.68 74.7026 -11.6277 0.1 55.354
15.6085 2790.43 74.5858 -11.6215 0.1 55.3446
15.6186 2791.18 74.4689 -11.6158 0.1 55.354
15.6287 2791.93 74.3519 -11.6097 0.1 55.3446
15.6388 2792.68 74.2347 -11.604 0.1 55.354
15.6489 2793.43 74.1174 -11.5979 0.1 55.3445
15.659 2794.18 73.9999 -11.5922 0.1 55.354
15.6692 2794.93 73.8824 -11.5861 0.1 55.3445
15.6793 2795.68 73.7647 -11.5804 0.1 55.354
15.6895 2796.43 73.6469 -11.5743 0.1 55.3445
15.6997 2797.18 73.529 -11.5686 0.1 55.354
15.7099 2797.93 73.4109 -11.5625 0.1 55.3445
15.7201 2798.68 73.2927 -11.5569 0.1 55.354
15.7304 2799.43 73.1744 -11.5508 0.1 55.3445
15.7406 2800.18 73.0559 -11.5451 0.1 55.3541
15.7509 2800.93 72.9373 -11.539 0.1 55.3445
15.7612 2801.68 72.8186 -11.5334 0.1 55.3541
15.7715 2802.43 72.6997 -11.5273 0.1 55.3445
15.7818 2803.18 72.5807 -11.5217 0.1 55.3541
15.7922 2803.93 72.4616 -11.5156 0.1 55.3444
15.8025 2804.68 72.3423 -11.51 0.1 55.3541
15.8129 2805.43 72.2229 -11.504 0.1 55.3444
15.8233 2806.18 72.1034 -11.4984 0.1 55.3541
15.8337 2806.93 71.9837 -11.4923 0.1 55.3444
15.8441 2807.68 71.8639 -11.4867 0.1 55.3541
15.8546 2808.43 71.744 -11.4807 0.1 55.3444
15.865 2809.18 71.6239 -11.4751 0.1 55.3542
15.8755 2809.93 71.5036 -11.469 0.1 55.3444
15.886 2810.68 71.3833 -11.4635 0.1 55.3542
15.8965 2811.43 71.2627 -11.4574 0.1 55.3444
15.9071 2812.18 71.1421 -11.4519 0.1 55.3542
15.9176 2812.93 71.0213 -11.4458 0.1 55.3443
15.9282 2813.68 70.9003 -11.4403 0.1 55.3542
15.9388 2814.43 70.7792 -11.4343 0.1 55.3443
15.9494 2815.18 70.658 -11.4287 0.1 55.3542
15.96 2815.93 70.5366 -11.4227 0.1 55.3443
15.9707 2816.68 70.4151 -11.4172 0.1 55.3542
15.9813 2817.43 70.2934 -11.4112 0.1 55.3443
15.992 2818.18 70.1716 -11.4056 0.1 55.3543
16.0027 2818.93 70.0496 -11.3996 0.1 55.3443
16.0127 2819.63 69.9356 -11.3943 0.1 55.3443
16.0227 2820.33 69.8215 -11.3889 0.1 55.3443
16.0328 2821.03 69.7072 -11.3835 0.1 55.3442
16.0428 2821.73 69.5928 -11.3782 0.1 55.3442
16.0529 2822.43 69.4783 -11.3728 0.1 55.3442
16.063 2823.13 69.3636 -11.3675 0.1 55.3442
16.0731 2823.83 69.2489 -11.3621 0.1 55.3442
16.0832 2824.53 69.1339 -11.3568 0.1 55.3442
16.0933 2825.23 69.0189 -11.3514 0.1 55.3442
16.1035 2825.93 68.9037 -11.3461 0.1 55.3442
16.1136 2826.63 68.7883 -11.3408 0.1 55.3442
16.1238 2827.33 68.6728 -11.3354 0.1 55.3442
16.134 2828.03 68.5572 -11.3301 0.1 55.3442
16.1442 2828.73 68.4415 -11.3248 0.1 55.3442
16.1545 2829.43 68.3255 -11.3194 0.1 55.3441
16.1647 2830.13 68.2095 -11.3141 0.1 55.3441
16.175 2830.83 68.0933 -11.3088 0.1 55.3441
16.1853 2831.53 67.977 -11.3035 0.1 55.3441
16.1956 2832.23 67.8605 -11.2982 0.1 55.3441
16.2059 2832.93 67.7439 -11.2929 0.1 55.3441
16.2163 2833.63 67.6271 -11.2876 0.1 55.3441
16.2266 2834.33 67.5102 -11.2823 0.1 55.3441
16.237 2835.03 67.3931 -11.277 0.1 55.3441
16.2474 2835.73 67.2759 -11.2717 0.1 55.3441
16.2578 2836.43 67.1586 -11.2664 0.1 55.3441
16.2682 2837.13 67.041 -11.2612 0.1 55.344
16.2787 2837.83 66.9234 -11.2559 0.1 55.344
16.2892 2838.53 66.8056 -11.2506 0.1 55.344
16.2997 2839.23 66.6876 -11.2453 0.1 55.344
16.3102 2839.93 66.5695 -11.2401 0.1 55.344
16.3207 2840.63 66.4512 -11.2348 0.1 55.344
16.3312 2841.33 66.3328 -11.2295 0.1 55.344
16.3418 2842.03 66.2142 -11.2243 0.1 55.344
16.3524 2842.73 66.0954 -11.219 0.1 55.344
16.363 2843.43 65.9765 -11.2138 0.1 55.344
16.3736 2844.13 65.8575 -11.2085 0.1 55.344
16.3842 2844.83 65.7382 -11.2033 0.1 55.3439
16.3949 2845.53 65.6188 -11.1981 0.1 55.3439
16.4056 2846.23 65.4993 -11.1928 0.1 55.3439
16.4163 2846.93 65.3796 -11.1876 0.1 55.3439
16.427 2847.63 65.2597 -11.1824 0.1 55.3439
16.4377 2848.33 65.1397 -11.1771 0.1 55.3439
16.4485 2849.03 65.0195 -11.1719 0.1 55.3439
16.4585 2849.68 64.9077 -11.1673 0.1 55.3547
16.4685 2850.33 64.7958 -11.1622 0.1 55.3439
16.4786 2850.98 64.6838 -11.1576 0.1 55.3547
16.4886 2851.63 64.5716 -11.1526 0.1 55.3438
16.4987 2852.28 64.4592 -11.1479 0.1 55.3547
16.5088 2852.93 64.3467 -11.1429 0.1 55.3438
16.5189 2853.58 64.2341 -11.1383 0.1 55.3547
16.529 2854.23 64.1213 -11.1333 0.1 55.3438
16.5392 2854.88 64.0084 -11.1286 0.1 55.3547
16.5493 2855.53 63.8953 -11.1236 0.1 55.3438
16.5595 2856.18 63.782 -11.119 0.1 55.3548
16.5697 2856.83 63.6686 -11.114 0.1 55.3438
16.5799 2857.48 63.5551 -11.1094 0.1 55.3548
16.5902 2858.13 63.4414 -11.1044 0.1 55.3437
16.6004 2858.78 63.3275 -11.0998 0.1 55.3548
16.6107 2859.43 63.2135 -11.0948 0.1 55.3437
16.621 2860.08 63.0993 -11.0902 0.1 55.3548
16.6313 2860.73 62.985 -11.0852 0.1 55.3437
16.6416 2861.38 62.8705 -11.0806 0.1 55.3548
16.652 2862.03 62.7559 -11.0756 0.1 55.3437
16.6623 2862.68 62.6411 -11.071 0.1 55.3549
16.6727 2863.33 62.5261 -11.0661 0.1 55.3437
16.6831 2863.98 62.411 -11.0615 0.1 55.3549
16.6936 2864.63 62.2957 -11.0565 0.1 55.3436
16.704 2865.28 62.1802 -11.0519 0.1 55.3549
16.7145 2865.93 62.0646 -11.047 0.1 55.3436
16.725 2866.58 61.9488 -11.0424 0.1 55.3549
16.7355 2867.23 61.8329 -11.0374 0.1 55.3436
16.746 2867.88 61.7168 -11.0329 0.1 55.3549
16.7565 2868.53 61.6005 -11.0279 0.1 55.3436
16.7671 2869.18 61.484 -11.0234 0.1 55.355
16.7777 2869.83 61.3674 -11.0184 0.1 55.3436
16.7883 2870.48 61.2506 -11.0139 0.1 55.355
16.7989 2871.13 61.1336 -11.0089 0.1 55.3435
16.8095 2871.78 61.0165 -11.0044 0.1 55.355
16.8202 2872.43 60.8992 -10.9995 0.1 55.3435
16.8309 2873.08 60.7817 -10.9949 0.1 55.355
16.8416 2873.73 60.664 -10.99 0.1 55.3435
16.8523 2874.38 60.5461 -10.9854 0.1 55.355
16.8631 2875.03 60.4281 -10.9805 0.1 55.3435
16.8738 2875.68 60.3099 -10.976 0.1 55.3551
16.8846 2876.33 60.1915 -10.9711 0.1 55.3435
16.8954 2876.98 60.0729 -10.9666 0.1 55.3551
16.9063 2877.63 59.9542 -10.9617 0.1 55.3434
16.9163 2878.23 59.8444 -10.9573 0.1 55.3434
16.9263 2878.83 59.7344 -10.953 0.1 55.3434
16.9364 2879.43 59.6243 -10.9486 0.1 55.3434
16.9464 2880.03 59.5141 -10.9443 0.1 55.3434
16.9565 2880.63 59.4036 -10.9399 0.1 55.3434
16.9667 2881.23 59.2931 -10.9356 0.1 55.3434
16.9768 2881.83 59.1823 -10.9313 0.1 55.3434
16.9869 2882.43 59.0714 -10.9269 0.1 55.3433
16.9971 2883.03 58.9603 -10.9226 0.1 55.3433
17.0073 2883.63 58.8491 -10.9183 0.1 55.3433
17.0175 2884.23 58.7377 -10.914 0.1 55.3433
17.0277 2884.83 58.6261 -10.9096 0.1 55.3433
17.038 2885.43 58.5143 -10.9053 0.1 55.3433
17.0482 2886.03 58.4024 -10.901 0.1 55.3433
17.0585 2886.63 58.2903 -10.8967 0.1 55.3433
17.0688 2887.23 58.1781 -10.8924 0.1 55.3433
17.0791 2887.83 58.0657 -10.8881 0.1 55.3432
17.0895 2888.43 57.953 -10.8838 0.1 55.3432
17.0998 2889.03 57.8403 -10.8794 0.1 55.3432
17.1102 2889.63 57.7273 -10.8751 0.1 55.3432
17.1206 2890.23 57.6142 -10.8708 0.1 55.3432
17.1311 2890.83 57.5009 -10.8666 0.1 55.3432
17.1415 2891.43 57.3874 -10.8623 0.1 55.3432
17.152 2892.03 57.2737 -10.858 0.1 55.3432
17.1625 2892.63 57.1599 -10.8537 0.1 55.3431
17.173 2893.23 57.0459 -10.8494 0.1 55.3431
17.1835 2893.83 56.9316 -10.8451 0.1 55.3431
17.194 2894.43 56.8172 -10.8408 0.1 55.3431
17.2046 2895.03 56.7027 -10.8365 0.1 55.3431
17.2152 2895.63 56.5879 -10.8323 0.1 55.3431
17.2258 2896.23 56.4729 -10.828 0.1 55.3431
17.2365 2896.83 56.3578 -10.8237 0.1 55.3431
17.2471 2897.43 56.2424 -10.8195 0.1 55.343
17.2578 2898.03 56.1269 -10.8152 0.1 55.343
17.2685 2898.63 56.0112 -10.8109 0.1 55.343
17.2792 2899.23 55.8953 -10.8067 0.1 55.343
17.29 2899.83 55.7792 -10.8024 0.1 55.343
17.3007 2900.43 55.6629 -10.7981 0.1 55.343
17.3115 2901.03 55.5464 -10.7939 0.1 55.343
17.3223 2901.63 55.4297 -10.7896 0.1 55.343
17.3332 2902.23 55.3128 -10.7854 0.1 55.3429
17.344 2902.83 55.1957 -10.7811 0.1 55.3429
17.3549 2903.43 55.0784 -10.7769 0.1 55.3429
17.3658 2904.03 54.9608 -10.7727 0.1 55.3429
17.3759 2904.58 54.8529 -10.7689 0.1 55.3556
17.3859 2905.13 54.7449 -10.7649 0.1 55.3429
17.3959 2905.68 54.6366 -10.7612 0.1 55.3557
17.406 2906.23 54.5282 -10.7571 0.1 55.3428
17.4161 2906.78 54.4196 -10.7534 0.1 55.3557
17.4262 2907.33 54.3108 -10.7494 0.1 55.3428
17.4364 2907.88 54.2019 -10.7457 0.1 55.3557
17.4465 2908.43 54.0927 -10.7416 0.1 55.3428
17.4567 2908.98 53.9834 -10.7379 0.1 55.3557
17.4669 2909.53 53.8739 -10.7339 0.1 55.3428
17.4771 2910.08 53.7642 -10.7302 0.1 55.3558
17.4874 2910.63 53.6544 -10.7262 0.1 55.3427
17.4976 2911.18 53.5443 -10.7225 0.1 55.3558
17.5079 2911.73 53.4341 -10.7184 0.1 55.3427
17.5182 2912.28 53.3236 -10.7148 0.1 55.3558
17.5286 2912.83 53.213 -10.7107 0.1 55.3427
17.5389 2913.38 53.1022 -10.707 0.1 55.3559
17.5493 2913.93 52.9912 -10.703 0.1 55.3427
17.5597 2914.48 52.88 -10.6993 0.1 55.3559
17.5701 2915.03 52.7686 -10.6953 0.1 55.3426
17.5805 2915.58 52.657 -10.6916 0.1 55.3559
17.591 2916.13 52.5453 -10.6876 0.1 55.3426
17.6014 2916.68 52.4333 -10.684 0.1 55.3559
17.6119 2917.23 52.3211 -10.68 0.1 55.3426
17.6225 2917.78 52.2087 -10.6763 0.1 55.356
17.633 2918.33 52.0961 -10.6723 0.1 55.3425
17.6436 2918.88 51.9834 -10.6686 0.1 55.356
17.6542 2919.43 51.8704 -10.6646 0.1 55.3425
17.6648 2919.98 51.7572 -10.661 0.1 55.356
17.6754 2920.53 51.6438 -10.657 0.1 55.3425
17.6861 2921.08 51.5302 -10.6533 0.1 55.3561
17.6968 2921.63 51.4163 -10.6493 0.1 55.3425
17.7075 2922.18 51.3023 -10.6457 0.1 55.3561
17.7182 2922.73 51.1881 -10.6417 0.1 55.3424
17.729 2923.28 51.0736 -10.638 0.1 55.3561
17.7398 2923.83 50.9589 -10.634 0.1 55.3424
17.7506 2924.38 50.844 -10.6304 0.1 55.3561
17.7614 2924.93 50.7289 -10.6264 0.1 55.3424
17.7723 2925.48 50.6136 -10.6228 0.1 55.3562
17.7831 2926.03 50.498 -10.6188 0.1 55.3423
17.794 2926.58 50.3823 -10.6152 0.1 55.3562
17.805 2927.13 50.2663 -10.6112 0.1 55.3423
17.8159 2927.68 50.15 -10.6076 0.1 55.3562
17.8269 2928.23 50.0336 -10.6036 0.1 55.3423
17.8369 2928.73 49.9275 -10.6001 0.1 55.3423
17.8469 2929.23 49.8212 -10.5967 0.1 55.3422
17.857 2929.73 49.7148 -10.5932 0.1 55.3422
17.8671 2930.23 49.6081 -10.5898 0.1 55.3422
17.8772 2930.73 49.5013 -10.5864 0.1 55.3422
17.8873 2931.23 49.3943 -10.5829 0.1 55.3422
17.8974 2931.73 49.287 -10.5795 0.1 55.3422
17.9076 2932.23 49.1796 -10.576 0.1 55.3422
17.9177 2932.73 49.072 -10.5726 0.1 55.3421
17.9279 2933.23 48.9641 -10.5692 0.1 55.3421
17.9382 2933.73 48.8561 -10.5657 0.1 55.3421
17.9484 2934.23 48.7478 -10.5623 0.1 55.3421
17.9587 2934.73 48.6394 -10.5588 0.1 55.3421
17.969 2935.23 48.5307 -10.5554 0.1 55.3421
17.9793 2935.73 48.4219 -10.552 0.1 55.342
17.9896 2936.23 48.3128 -10.5486 0.1 55.342
18 2936.73 48.2035 -10.5451 0.1 55.342
18.0104 2937.23 48.094 -10.5417 0.1 55.342
18.0208 2937.73 47.9843 -10.5383 0.1 55.342
18.0312 2938.23 47.8744 -10.5349 0.1 55.342
18.0417 2938.73 47.7642 -10.5315 0.1 55.3419
18.0522 2939.23 47.6538 -10.528 0.1 55.3419
18.0627 2939.73 47.5433 -10.5246 0.1 55.3419
18.0732 2940.23 47.4324 -10.5212 0.1 55.3419
18.0837 2940.73 47.3214 -10.5178 0.1 55.3419
18.0943 2941.23 47.2102 -10.5144 0.1 55.3419
18.1049 2941.73 47.0987 -10.511 0.1 55.3418
18.1156 2942.23 46.987 -10.5076 0.1 55.3418
18.1262 2942.73 46.875 -10.5042 0.1 55.3418
18.1369 2943.23 46.7629 -10.5008 0.1 55.3418
18.1476 2943.73 46.6504 -10.4973 0.1 55.3418
18.1583 2944.23 46.5378 -10.4939 0.1 55.3417
18.1691 2944.73 46.4249 -10.4905 0.1 55.3417
18.1799 2945.23 46.3118 -10.4872 0.1 55.3417
18.1907 2945.73 46.1985 -10.4838 0.1 55.3417
18.2015 2946.23 46.0849 -10.4804 0.1 55.3417
18.2124 2946.73 45.971 -10.477 0.1 55.3417
18.2233 2947.23 45.8569 -10.4736 0.1 55.3416
18.2342 2947.73 45.7426 -10.4702 0.1 55.3416
18.2451 2948.23 45.628 -10.4668 0.1 55.3416
18.2561 2948.73 45.5132 -10.4634 0.1 55.3416
18.2671 2949.23 45.3981 -10.46 0.1 55.3416
18.2781 2949.73 45.2827 -10.4566 0.1 55.3415
18.2892 2950.23 45.1671 -10.4533 0.1 55.3415
18.3003 2950.73 45.0513 -10.4499 0.1 55.3415
18.3103 2951.18 44.9468 -10.447 0.1 55.3571
18.3203 2951.63 44.8421 -10.4438 0.1 55.3415
18.3304 2952.08 44.7371 -10.4409 0.1 55.3571
18.3404 2952.53 44.632 -10.4377 0.1 55.3414
18.3505 2952.98 44.5266 -10.4348 0.1 55.3571
18.3607 2953.43 44.4211 -10.4316 0.1 55.3414
18.3708 2953.88 44.3153 -10.4288 0.1 55.3572
18.381 2954.33 44.2092 -10.4256 0.1 55.3414
18.3912 2954.78 44.103 -10.4227 0.1 55.3572
18.4014 2955.23 43.9965 -10.4195 0.1 55.3413
18.4116 2955.68 43.8898 -10.4166 0.1 55.3572
18.4219 2956.13 43.7829 -10.4135 0.1 55.3413
18.4322 2956.58 43.6757 -10.4106 0.1 55.3573
18.4425 2957.03 43.5683 -10.4074 0.1 55.3412
18.4528 2957.48 43.4607 -10.4045 0.1 55.3573
18.4632 2957.93 43.3529 -10.4014 0.1 55.3412
18.4736 2958.38 43.2448 -10.3985 0.1 55.3574
18.484 2958.83 43.1364 -10.3953 0.1 55.3412
18.4945 2959.28 43.0278 -10.3924 0.1 55.3574
18.5049 2959.73 42.919 -10.3893 0.1 55.3411
18.5154 2960.18 42.8099 -10.3864 0.1 55.3574
18.526 2960.63 42.7006 -10.3833 0.1 55.3411
18.5365 2961.08 42.5911 -10.3804 0.1 55.3575
18.5471 2961.53 42.4813 -10.3772 0.1 55.341
18.5577 2961.98 42.3712 -10.3744 0.1 55.3575
18.5683 2962.43 42.2609 -10.3712 0.1 55.341
18.579 2962.88 42.1503 -10.3683 0.1 55.3576
18.5897 2963.33 42.0395 -10.3652 0.1 55.3409
18.6004 2963.78 41.9284 -10.3623 0.1 55.3576
18.6112 2964.23 41.817 -10.3592 0.1 55.3409
18.6219 2964.68 41.7054 -10.3563 0.1 55.3577
18.6327 2965.13 41.5935 -10.3532 0.1 55.3409
18.6436 2965.58 41.4813 -10.3503 0.1 55.3577
18.6544 2966.03 41.3689 -10.3472 0.1 55.3408
18.6653 2966.48 41.2562 -10.3443 0.1 55.3577
18.6763 2966.93 41.1432 -10.3412 0.1 55.3408
18.6872 2967.38 41.0299 -10.3383 0.1 55.3578
18.6982 2967.83 40.9164 -10.3352 0.1 55.3407
18.7092 2968.28 40.8026 -10.3323 0.1 55.3578
18.7203 2968.73 40.6885 -10.3292 0.1 55.3407
18.7313 2969.18 40.5741 -10.3264 0.1 55.3579
18.7425 2969.63 40.4594 -10.3232 0.1 55.3406
18.7536 2970.08 40.3444 -10.3204 0.1 55.3579
18.7648 2970.53 40.2291 -10.3173 0.1 55.3406
18.776 2970.98 40.1135 -10.3144 0.1 55.358
18.7872 2971.43 39.9977 -10.3113 0.1 55.3405
18.7972 2971.83 39.8944 -10.3086 0.1 55.3405
18.8073 2972.23 39.7909 -10.306 0.1 55.3405
18.8173 2972.63 39.6872 -10.3033 0.1 55.3404
18.8274 2973.03 39.5832 -10.3007 0.1 55.3404
18.8375 2973.43 39.4789 -10.298 0.1 55.3404
18.8477 2973.83 39.3745 -10.2954 0.1 55.3404
18.8579 2974.23 39.2697 -10.2927 0.1 55.3404
18.8681 2974.63 39.1648 -10.2901 0.1 55.3403
18.8783 2975.03 39.0595 -10.2875 0.1 55.3403
18.8885 2975.43 38.954 -10.2848 0.1 55.3403
18.8988 2975.83 38.8483 -10.2822 0.1 55.3403
18.9091 2976.23 38.7422 -10.2795 0.1 55.3402
18.9195 2976.63 38.636 -10.2769 0.1 55.3402
18.9299 2977.03 38.5294 -10.2742 0.1 55.3402
18.9403 2977.43 38.4226 -10.2716 0.1 55.3402
18.9507 2977.83 38.3155 -10.269 0.1 55.3401
18.9611 2978.23 38.2082 -10.2663 0.1 55.3401
18.9716 2978.63 38.1005 -10.2637 0.1 55.3401
18.9821 2979.03 37.9926 -10.2611 0.1 55.3401
18.9927 2979.43 37.8844 -10.2584 0.1 55.34
19.0033 2979.83 37.7759 -10.2558 0.1 55.34
19.0139 2980.23 37.6672 -10.2532 0.1 55.34
19.0245 2980.63 37.5581 -10.2505 0.1 55.3399
19.0352 2981.03 37.4488 -10.2479 0.1 55.3399
19.0459 2981.43 37.3392 -10.2453 0.1 55.3399
19.0566 2981.83 37.2293 -10.2426 0.1 55.3399
19.0674 2982.23 37.119 -10.24 0.1 55.3398
19.0782 2982.63 37.0085 -10.2374 0.1 55.3398
19.089 2983.03 36.8977 -10.2348 0.1 55.3398
19.0998 2983.43 36.7866 -10.2321 0.1 55.3398
19.1107 2983.83 36.6751 -10.2295 0.1 55.3397
19.1217 2984.23 36.5634 -10.2269 0.1 55.3397
19.1326 2984.63 36.4513 -10.2243 0.1 55.3397
19.1436 2985.03 36.339 -10.2216 0.1 55.3396
19.1546 2985.43 36.2263 -10.219 0.1 55.3396
19.1657 2985.83 36.1133 -10.2164 0.1 55.3396
19.1768 2986.23 35.9999 -10.2138 0.1 55.3395
19.1879 2986.63 35.8862 -10.2112 0.1 55.3395
19.1991 2987.03 35.7722 -10.2085 0.1 55.3395
19.2103 2987.43 35.6579 -10.2059 0.1 55.3395
19.2215 2987.83 35.5432 -10.2033 0.1 55.3394
19.2328 2988.23 35.4282 -10.2007 0.1 55.3394
19.2441 2988.63 35.3128 -10.1981 0.1 55.3394
19.2555 2989.03 35.1971 -10.1955 0.1 55.3393
19.2668 2989.43 35.081 -10.1929 0.1 55.3393
19.2783 2989.83 34.9646 -10.1903 0.1 55.3393
19.2883 2990.18 34.8625 -10.1881 0.1 55.3593
19.2984 2990.53 34.76 -10.1857 0.1 55.3392
19.3084 2990.88 34.6573 -10.1835 0.1 55.3594
19.3186 2991.23 34.5543 -10.1811 0.1 55.3391
19.3287 2991.58 34.451 -10.1789 0.1 55.3594
19.3389 2991.93 34.3474 -10.1766 0.1 55.3391
19.3491 2992.28 34.2436 -10.1744 0.1 55.3595
19.3593 2992.63 34.1394 -10.172 0.1 55.339
19.3696 2992.98 34.035 -10.1698 0.1 55.3595
19.3799 2993.33 33.9302 -10.1674 0.1 55.339
19.3902 2993.68 33.8251 -10.1653 0.1 55.3596
19.4006 2994.03 33.7198 -10.1629 0.1 55.3389
19.411 2994.38 33.6141 -10.1607 0.1 55.3597
19.4214 2994.73 33.5082 -10.1583 0.1 55.3388
19.4319 2995.08 33.4019 -10.1562 0.1 55.3597
19.4424 2995.43 33.2953 -10.1538 0.1 55.3388
19.4529 2995.78 33.1883 -10.1516 0.1 55.3598
19.4635 2996.13 33.0811 -10.1492 0.1 55.3387
19.4741 2996.48 32.9735 -10.1471 0.1 55.3599
19.4847 2996.83 32.8656 -10.1447 0.1 55.3386
19.4954 2997.18 32.7574 -10.1425 0.1 55.3599
19.5061 2997.53 32.6489 -10.1401 0.1 55.3385
19.5168 2997.88 32.54 -10.138 0.1 55.36
19.5276 2998.23 32.4307 -10.1356 0.1 55.3385
19.5384 2998.58 32.3211 -10.1334 0.1 55.3601
19.5493 2998.93 32.2112 -10.1311 0.1 55.3384
19.5602 2999.28 32.1009 -10.1289 0.1 55.3602
19.5711 2999.63 31.9903 -10.1265 0.1 55.3383
19.582 2999.98 31.8793 -10.1244 0.1 55.3602
19.593 3000.33 31.7679 -10.122 0.1 55.3383
19.6041 3000.68 31.6562 -10.1198 0.1 55.3603
19.6152 3001.03 31.5441 -10.1175 0.1 55.3382
19.6263 3001.38 31.4316 -10.1153 0.1 55.3604
19.6374 3001.73 31.3188 -10.1129 0.1 55.3381
19.6486 3002.08 31.2055 -10.1108 0.1 55.3605
19.6599 3002.43 31.0919 -10.1084 0.1 55.338
19.6712 3002.78 30.9779 -10.1062 0.1 55.3606
19.6825 3003.13 30.8635 -10.1039 0.1 55.3379
19.6938 3003.48 30.7487 -10.1017 0.1 55.3606
19.7053 3003.83 30.6335 -10.0994 0.1 55.3378
19.7167 3004.18 30.5178 -10.0972 0.1 55.3607
19.7282 3004.53 30.4018 -10.0948 0.1 55.3378
19.7397 3004.88 30.2853 -10.0927 0.1 55.3608
19.7513 3005.23 30.1685 -10.0903 0.1 55.3377
19.7629 3005.58 30.0511 -10.0881 0.1 55.3609
19.7729 3005.88 29.9502 -10.0862 0.1 55.3609
19.783 3006.18 29.849 -10.0843 0.1 55.361
19.7931 3006.48 29.7475 -10.0823 0.1 55.361
19.8032 3006.78 29.6456 -10.0804 0.1 55.3611
19.8133 3007.08 29.5434 -10.0785 0.1 55.3611
19.8235 3007.38 29.4409 -10.0765 0.1 55.3612
19.8337 3007.68 29.338 -10.0746 0.1 55.3612
19.8439 3007.98 29.2348 -10.0727 0.1 55.3612
19.8542 3008.28 29.1312 -10.0707 0.1 55.3613
19.8645 3008.58 29.0273 -10.0688 0.1 55.3613
19.8749 3008.88 28.923 -10.0669 0.1 55.3614
19.8853 3009.18 28.8184 -10.0649 0.1 55.3614
19.8957 3009.48 28.7134 -10.063 0.1 55.3615
19.9062 3009.78 28.6081 -10.0611 0.1 55.3615
19.9167 3010.08 28.5023 -10.0591 0.1 55.3615
19.9272 3010.38 28.3963 -10.0572 0.1 55.3616
19.9378 3010.68 28.2898 -10.0553 0.1 55.3616
19.9485 3010.98 28.1829 -10.0533 0.1 55.3617
19.9591 3011.28 28.0757 -10.0514 0.1 55.3617
19.9698 3011.58 27.9681 -10.0495 0.1 55.3618
19.9806 3011.88 27.86 -10.0475 0.1 55.3618
19.9914 3012.18 27.7516 -10.0456 0.1 55.3619
20.0022 3012.48 27.6428 -10.0437 0.1 55.3619
20.0131 3012.78 27.5335 -10.0417 0.1 55.362
20.024 3013.08 27.4239 -10.0398 0.1 55.362
20.035 3013.38 27.3138 -10.0379 0.1 55.3621
20.046 3013.68 27.2033 -10.036 0.1 55.3621
20.057 3013.98 27.0924 -10.034 0.1 55.3622
20.0681 3014.28 26.981 -10.0321 0.1 55.3622
20.0793 3014.58 26.8692 -10.0302 0.1 55.3623
20.0905 3014.88 26.757 -10.0282 0.1 55.3623
20.1017 3015.18 26.6443 -10.0263 0.1 55.3624
20.113 3015.48 26.5311 -10.0244 0.1 55.3625
20.1243 3015.78 26.4175 -10.0224 0.1 55.3625
20.1357 3016.08 26.3034 -10.0205 0.1 55.3626
20.1472 3016.38 26.1888 -10.0186 0.1 55.3626
20.1587 3016.68 26.0738 -10.0167 0.1 55.3627
20.1702 3016.98 25.9582 -10.0147 0.1 55.3627
20.1818 3017.28 25.8422 -10.0128 0.1 55.3628
20.1934 3017.58 25.7257 -10.0109 0.1 55.3629
20.2051 3017.88 25.6086 -10.0089 0.1 55.3629
20.2169 3018.18 25.4911 -10.007 0.1 55.363
20.2287 3018.48 25.373 -10.0051 0.1 55.3631
20.2405 3018.78 25.2544 -10.0032 0.1 55.3631
20.2524 3019.08 25.1353 -10.0012 0.1 55.3632
20.2644 3019.38 25.0156 -9.9993 0.1 55.3633
20.2744 3019.63 24.9154 -9.99761 0.1 55.3352
20.2845 3019.88 24.8149 -9.99608 0.1 55.3634
20.2946 3020.13 24.7139 -9.99439 0.1 55.3351
20.3047 3020.38 24.6126 -9.99286 0.1 55.3635
20.3149 3020.63 24.5108 -9.99118 0.1 55.335
20.3251 3020.88 24.4087 -9.98964 0.1 55.3636
20.3354 3021.13 24.3061 -9.98796 0.1 55.3349
20.3457 3021.38 24.2031 -9.98642 0.1 55.3637
20.3561 3021.63 24.0997 -9.98474 0.1 55.3347
20.3665 3021.88 23.9959 -9.98321 0.1 55.3638
20.3769 3022.13 23.8916 -9.98152 0.1 55.3346
20.3874 3022.38 23.7869 -9.97998 0.1 55.364
20.3979 3022.63 23.6818 -9.9783 0.1 55.3345
20.4085 3022.88 23.5761 -9.97676 0.1 55.3641
20.4191 3023.13 23.4701 -9.97508 0.1 55.3344
20.4298 3023.38 23.3635 -9.97354 0.1 55.3642
20.4406 3023.63 23.2565 -9.97186 0.1 55.3342
20.4513 3023.88 23.1491 -9.97032 0.1 55.3644
20.4622 3024.13 23.0411 -9.96863 0.1 55.3341
20.473 3024.38 22.9326 -9.96709 0.1 55.3645
20.484 3024.63 22.8237 -9.96541 0.1 55.3339
20.495 3024.88 22.7142 -9.96386 0.1 55.3647
20.506 3025.13 22.6042 -9.96218 0.1 55.3338
20.5171 3025.38 22.4937 -9.96063 0.1 55.3648
20.5282 3025.63 22.3827 -9.95895 0.1 55.3336
20.5394 3025.88 22.2712 -9.9574 0.1 55.365
20.5507 3026.13 22.1591 -9.95572 0.1 55.3335
20.562 3026.38 22.0464 -9.95417 0.1 55.3651
20.5734 3026.63 21.9332 -9.95248 0.1 55.3333
20.5848 3026.88 21.8194 -9.95093 0.1 55.3653
20.5963 3027.13 21.705 -9.94925 0.1 55.3331
20.6079 3027.38 21.5901 -9.94769 0.1 55.3655
20.6195 3027.63 21.4745 -9.94601 0.1 55.333
20.6312 3027.88 21.3584 -9.94445 0.1 55.3656
20.6429 3028.13 21.2416 -9.94276 0.1 55.3328
20.6547 3028.38 21.1242 -9.94121 0.1 55.3658
20.6666 3028.63 21.0062 -9.93952 0.1 55.3326
20.6785 3028.88 20.8875 -9.93796 0.1 55.366
20.6906 3029.13 20.7682 -9.93626 0.1 55.3324
20.7026 3029.38 20.6481 -9.9347 0.1 55.3662
20.7148 3029.63 20.5274 -9.93301 0.1 55.3322
20.727 3029.88 20.4061 -9.93144 0.1 55.3664
20.7393 3030.13 20.284 -9.92975 0.1 55.332
20.7517 3030.38 20.1611 -9.92818 0.1 55.3666
20.7641 3030.63 20.0376 -9.92648 0.1 55.3318
20.7741 3030.83 19.9382 -9.92518 0.1 55.3317
20.7842 3031.03 19.8383 -9.92387 0.1 55.3316
20.7943 3031.23 19.738 -9.92256 0.1 55.3315
20.8045 3031.43 19.6371 -9.92125 0.1 55.3315
20.8147 3031.63 19.5358 -9.91994 0.1 55.3314
20.825 3031.83 19.4339 -9.91862 0.1 55.3313
20.8353 3032.03 19.3315 -9.91731 0.1 55.3312
20.8457 3032.23 19.2285 -9.916 0.1 55.3311
20.8561 3032.43 19.1251 -9.91468 0.1 55.331
20.8666 3032.63 19.021 -9.91336 0.1 55.3309
20.8771 3032.83 18.9165 -9.91204 0.1 55.3308
20.8878 3033.03 18.8113 -9.91072 0.1 55.3307
20.8984 3033.23 18.7056 -9.9094 0.1 55.3306
20.9092 3033.43 18.5992 -9.90808 0.1 55.3305
20.9199 3033.63 18.4923 -9.90675 0.1 55.3304
20.9308 3033.83 18.3848 -9.90543 0.1 55.3302
20.9417 3034.03 18.2767 -9.9041 0.1 55.3301
20.9527 3034.23 18.1679 -9.90277 0.1 55.33
20.9638 3034.43 18.0585 -9.90144 0.1 55.3299
20.9749 3034.63 17.9484 -9.9001 0.1 55.3298
20.9861 3034.83 17.8377 -9.89877 0.1 55.3297
20.9973 3035.03 17.7262 -9.89743 0.1 55.3295
21.0086 3035.23 17.6141 -9.89609 0.1 55.3294
21.02 3035.43 17.5013 -9.89475 0.1 55.3293
21.0315 3035.63 17.3878 -9.8934 0.1 55.3292
21.0431 3035.83 17.2735 -9.89205 0.1 55.329
21.0547 3036.03 17.1585 -9.8907 0.1 55.3289
21.0664 3036.23 17.0428 -9.88935 0.1 55.3287
21.0782 3036.43 16.9262 -9.888 0.1 55.3286
21.09 3036.63 16.8089 -9.88664 0.1 55.3285
21.102 3036.83 16.6908 -9.88528 0.1 55.3283
21.114 3037.03 16.5718 -9.88391 0.1 55.3282
21.1262 3037.23 16.452 -9.88255 0.1 55.328
21.1384 3037.43 16.3313 -9.88118 0.1 55.3279
21.1507 3037.63 16.2097 -9.8798 0.1 55.3277
21.1631 3037.83 16.0873 -9.87842 0.1 55.3275
21.1756 3038.03 15.9639 -9.87704 0.1 55.3274
21.1882 3038.23 15.8395 -9.87565 0.1 55.3272
21.2008 3038.43 15.7142 -9.87426 0.1 55.327
21.2136 3038.63 15.5879 -9.87286 0.1 55.3268
21.2265 3038.83 15.4606 -9.87146 0.1 55.3267
21.2395 3039.03 15.3323 -9.87006 0.1 55.3265
21.2526 3039.23 15.2028 -9.86864 0.1 55.3263
21.2659 3039.43 15.0723 -9.86723 0.1 55.3261
21.2792 3039.63 14.9407 -9.8658 0.1 55.3259
21.2893 3039.78 14.8412 -9.86478 0.1 55.3728
21.2995 3039.93 14.7411 -9.86366 0.1 55.3255
21.3097 3040.08 14.6402 -9.86262 0.1 55.3731
21.32 3040.23 14.5387 -9.86149 0.1 55.3252
21.3303 3040.38 14.4365 -9.86045 0.1 55.3735
21.3408 3040.53 14.3336 -9.85931 0.1 55.3249
21.3513 3040.68 14.2299 -9.85826 0.1 55.3738
21.3619 3040.83 14.1255 -9.85711 0.1 55.3245
21.3726 3040.98 14.0203 -9.85605 0.1 55.3742
21.3833 3041.13 13.9143 -9.85489 0.1 55.3241
21.3941 3041.28 13.8075 -9.85382 0.1 55.3746
21.4051 3041.43 13.6999 -9.85265 0.1 55.3238
21.4161 3041.58 13.5915 -9.85156 0.1 55.375
21.4272 3041.73 13.4822 -9.85038 0.1 55.3233
21.4384 3041.88 13.372 -9.84928 0.1 55.3754
21.4496 3042.03 13.2609 -9.84809 0.1 55.3229
21.461 3042.18 13.1489 -9.84697 0.1 55.3758
21.4725 3042.33 13.0359 -9.84576 0.1 55.3225
21.4841 3042.48 12.922 -9.84463 0.1 55.3763
21.4957 3042.63 12.807 -9.84341 0.1 55.322
21.5075 3042.78 12.6911 -9.84225 0.1 55.3768
21.5194 3042.93 12.574 -9.84101 0.1 55.3215
21.5314 3043.08 12.4559 -9.83984 0.1 55.3773
21.5435 3043.23 12.3366 -9.83858 0.1 55.3209
21.5558 3043.38 12.2162 -9.83738 0.1 55.3779
21.5681 3043.53 12.0947 -9.83609 0.1 55.3204
21.5806 3043.68 11.9718 -9.83487 0.1 55.3785
21.5932 3043.83 11.8478 -9.83356 0.1 55.3198
21.606 3043.98 11.7224 -9.8323 0.1 55.3791
21.6189 3044.13 11.5957 -9.83096 0.1 55.3191
21.6319 3044.28 11.4676 -9.82968 0.1 55.3797
21.6451 3044.43 11.338 -9.8283 0.1 55.3185
21.6584 3044.58 11.207 -9.82697 0.1 55.3804
21.6719 3044.73 11.0745 -9.82556 0.1 55.3177
21.6856 3044.88 10.9403 -9.82419 0.1 55.3812
21.6994 3045.03 10.8045 -9.82273 0.1 55.3169
21.7134 3045.18 10.667 -9.82131 0.1 55.382
21.7276 3045.33 10.5277 -9.8198 0.1 55.3161
21.742 3045.48 10.3865 -9.81832 0.1 55.3829
21.7565 3045.63 10.2434 -9.81674 0.1 55.3152
21.7713 3045.78 10.0983 -9.81519 0.1 55.3838
21.7863 3045.93 9.95109 -9.81354 0.1 55.3142
21.7964 3046.03 9.85174 -9.81244 0.1 55.3138
21.8067 3046.13 9.75138 -9.81132 0.1 55.3135
21.817 3046.23 9.64998 -9.81018 0.1 55.3131
21.8275 3046.33 9.54752 -9.80901 0.1 55.3127
21.838 3046.43 9.44394 -9.80782 0.1 55.3123
21.8487 3046.53 9.33923 -9.80661 0.1 55.3119
21.8595 3046.63 9.23333 -9.80536 0.1 55.3115
21.8704 3046.73 9.12622 -9.80409 0.1 55.311
21.8815 3046.83 9.01783 -9.80279 0.1 55.3106
21.8927 3046.93 8.90814 -9.80145 0.1 55.3101
21.904 3047.03 8.79708 -9.80007 0.1 55.3096
21.9155 3047.13 8.68462 -9.79866 0.1 55.3091
21.9271 3047.23 8.57068 -9.7972 0.1 55.3086
21.9389 3047.33 8.45522 -9.7957 0.1 55.308
21.9508 3047.43 8.33816 -9.79415 0.1 55.3074
21.963 3047.53 8.21944 -9.79255 0.1 55.3068
21.9753 3047.63 8.099 -9.79088 0.1 55.3062
21.9877 3047.73 7.97674 -9.78915 0.1 55.3056
22.0004 3047.83 7.85258 -9.78735 0.1 55.3049
22.0133 3047.93 7.72644 -9.78548 0.1 55.3042
22.0264 3048.03 7.59822 -9.78351 0.1 55.3034
22.0398 3048.13 7.4678 -9.78146 0.1 55.3026
22.0533 3048.23 7.33507 -9.7793 0.1 55.3018
22.0672 3048.33 7.1999 -9.77702 0.1 55.3009
22.0812 3048.43 7.06216 -9.77462 0.1 55.2999
22.0956 3048.53 6.92168 -9.77207 0.1 55.299
22.1103 3048.63 6.7783 -9.76935 0.1 55.2979
22.1253 3048.73 6.63183 -9.76645 0.1 55.2968
22.1406 3048.83 6.48206 -9.76334 0.1 55.2956
22.1563 3048.93 6.32876 -9.75999 0.1 55.2943
22.1724 3049.03 6.17166 -9.75636 0.1 55.2929
22.189 3049.13 6.01047 -9.7524 0.1 55.2914
22.206 3049.23 5.84484 -9.74807 0.1 55.2898
22.2234 3049.33 5.67439 -9.74329 0.1 55.2881
22.2415 3049.43 5.49868 -9.73797 0.1 55.2861
22.2601 3049.53 5.31717 -9.73202 0.1 55.284
22.2795 3049.63 5.12925 -9.72528 0.1 55.2817
22.2995 3049.73 4.93419 -9.71758 0.1 55.279
22.3099 3049.78 4.83372 -9.7133 0.1 55.4209
22.3204 3049.83 4.73111 -9.70866 0.1 55.2761
22.3312 3049.88 4.62624 -9.70365 0.1 55.4241
22.3423 3049.93 4.51893 -9.69817 0.1 55.2727
22.3536 3049.98 4.40902 -9.69222 0.1 55.4276
22.3653 3050.03 4.2963 -9.68565 0.1 55.2689
22.3772 3050.08 4.18054 -9.67842 0.1 55.4318
22.3896 3050.13 4.06149 -9.67037 0.1 55.2644
22.4023 3050.18 3.93885 -9.66139 0.1 55.4367
22.4154 3050.23 3.81227 -9.65125 0.1 55.259
22.4289 3050.28 3.68134 -9.63977 0.1 55.4426
22.4431 3050.33 3.54558 -9.62658 0.1 55.2525
22.4577 3050.38 3.40443 -9.61132 0.1 55.4499
22.4731 3050.43 3.25716 -9.59339 0.1 55.2443
22.4892 3050.48 3.10292 -9.57206 0.1 55.4592
22.5062 3050.53 2.9406 -9.54618 0.1 55.2336
22.5243 3050.58 2.76879 -9.51416 0.1 55.4717
22.5436 3050.63 2.58559 -9.47343 0.1 55.2188
22.5645 3050.68 2.38839 -9.41986 0.1 55.4896
22.5875 3050.73 2.17338 -9.34612 0.1 55.1965
22.6134 3050.78 1.93462 -9.23808 0.1 55.5186
22.6435 3050.83 1.66192 -9.06415 0.1 55.1567
22.6809 3050.88 1.33463 -8.7363 0.1 55.5779
22.7368 3050.93 0.894709 -7.87194 0.1 55.0534
22.7927 3051.02 0 -0 0.1 55.8358
