Simulation created and run on: 
Fri Mar 10 13:06:04 2023


Time (s), Height (m), Velocity (m/s), Acceleration (m/s^2), Deployment Angle (degrees)
3.6 599.88 304.08 -9.80665 0.1 0
3.61004 602.93 303.762 -31.6799 0.1 0.138194
3.62008 605.98 303.444 -31.6263 0.1 0.278837
3.63014 609.03 303.126 -31.5732 0.1 0.419627
3.64021 612.08 302.808 -31.5204 0.1 0.560566
3.65028 615.13 302.491 -31.4681 0.1 0.701652
3.66037 618.18 302.174 -31.4161 0.1 0.842886
3.67047 621.23 301.857 -31.3646 0.1 0.984268
3.68058 624.28 301.54 -31.3134 0.1 1.1258
3.6907 627.33 301.223 -31.2626 0.1 1.26748
3.70083 630.38 300.907 -31.2122 0.1 1.40931
3.71097 633.43 300.591 -31.1622 0.1 1.55128
3.72112 636.48 300.275 -31.1126 0.1 1.69341
3.73129 639.53 299.959 -31.0634 0.1 1.83569
3.74129 642.53 299.648 -31.0153 0.1 1.97578
3.75131 645.53 299.338 -30.9677 0.1 2.11602
3.76134 648.53 299.027 -30.9203 0.1 2.2564
3.77138 651.53 298.717 -30.8734 0.1 2.39692
3.78142 654.53 298.407 -30.8268 0.1 2.5376
3.79148 657.53 298.097 -30.7806 0.1 2.67842
3.80155 660.53 297.788 -30.7347 0.1 2.81938
3.81163 663.53 297.478 -30.6892 0.1 2.96049
3.82172 666.53 297.169 -30.644 0.1 3.10175
3.83182 669.53 296.859 -30.5992 0.1 3.24316
3.84193 672.53 296.55 -30.5548 0.1 3.38471
3.85206 675.53 296.241 -30.5107 0.1 3.52641
3.86219 678.53 295.932 -30.4669 0.1 3.66826
3.87233 681.53 295.623 -30.4235 0.1 3.81026
3.88248 684.53 295.315 -30.3804 0.1 3.95241
3.89265 687.53 295.006 -30.3377 0.1 4.0947
3.90265 690.48 294.703 -30.296 0.1 4.23477
3.91267 693.43 294.4 -30.2546 0.1 4.37498
3.92269 696.38 294.097 -30.2136 0.1 4.51534
3.93273 699.33 293.794 -30.1729 0.1 4.65584
3.94278 702.28 293.491 -30.1325 0.1 4.79648
3.95283 705.23 293.188 -30.0925 0.1 4.93728
3.9629 708.18 292.885 -30.0527 0.1 5.07821
3.97298 711.13 292.582 -30.0133 0.1 5.21929
3.98307 714.08 292.28 -29.9742 0.1 5.36052
3.99316 717.03 291.977 -29.9354 0.1 5.5019
4.00327 719.98 291.675 -29.8969 0.1 5.64342
4.01339 722.93 291.373 -29.8587 0.1 5.78509
4.02352 725.88 291.07 -29.8209 0.1 5.9269
4.03366 728.83 290.768 -29.7833 0.1 6.06887
4.04381 731.78 290.466 -29.746 0.1 6.21098
4.05397 734.73 290.164 -29.7091 0.1 6.35323
4.06415 737.68 289.862 -29.6725 0.1 6.49564
4.07416 740.58 289.565 -29.6367 0.1 6.63578
4.08418 743.48 289.268 -29.6013 0.1 6.77606
4.09421 746.38 288.972 -29.5661 0.1 6.91648
4.10425 749.28 288.675 -29.5313 0.1 7.05705
4.1143 752.18 288.378 -29.4967 0.1 7.19777
4.12436 755.08 288.082 -29.4624 0.1 7.33862
4.13443 757.98 287.785 -29.4283 0.1 7.47963
4.14452 760.88 287.489 -29.3946 0.1 7.62078
4.15461 763.78 287.192 -29.3611 0.1 7.76207
4.16471 766.68 286.896 -29.3279 0.1 7.90351
4.17482 769.58 286.599 -29.295 0.1 8.0451
4.18495 772.48 286.303 -29.2624 0.1 8.18683
4.19508 775.38 286.006 -29.23 0.1 8.32871
4.20523 778.28 285.71 -29.1979 0.1 8.47074
4.21538 781.18 285.414 -29.1661 0.1 8.61291
4.22555 784.08 285.117 -29.1345 0.1 8.75524
4.23555 786.93 284.826 -29.1038 0.1 8.89525
4.24556 789.78 284.535 -29.0733 0.1 9.03541
4.25558 792.63 284.244 -29.043 0.1 9.1757
4.26562 795.48 283.952 -29.013 0.1 9.31615
4.27566 798.33 283.661 -28.9833 0.1 9.45674
4.28571 801.18 283.37 -28.9538 0.1 9.59747
4.29577 804.03 283.079 -28.9245 0.1 9.73834
4.30585 806.88 282.788 -28.8955 0.1 9.87937
4.31593 809.73 282.496 -28.8667 0.1 10.0205
4.32602 812.58 282.205 -28.8382 0.1 10.1618
4.33613 815.43 281.914 -28.8099 0.1 10.3033
4.34624 818.28 281.623 -28.7819 0.1 10.4449
4.35637 821.13 281.331 -28.7541 0.1 10.5867
4.3665 823.98 281.04 -28.7265 0.1 10.7286
4.37665 826.83 280.749 -28.6992 0.1 10.8706
4.38681 829.68 280.457 -28.672 0.1 11.0128
4.39697 832.53 280.166 -28.6452 0.1 11.1551
4.40715 835.38 279.875 -28.6185 0.1 11.2976
4.41716 838.18 279.588 -28.5926 0.1 11.4378
4.42718 840.98 279.302 -28.5669 0.1 11.578
4.43721 843.78 279.015 -28.5414 0.1 11.7185
4.44725 846.58 278.729 -28.5161 0.1 11.859
4.4573 849.38 278.443 -28.491 0.1 11.9997
4.46736 852.18 278.156 -28.4661 0.1 12.1406
4.47744 854.98 277.869 -28.4415 0.1 12.2816
4.48752 857.78 277.583 -28.417 0.1 12.4227
4.49761 860.58 277.296 -28.3928 0.1 12.564
4.50771 863.38 277.009 -28.3688 0.1 12.7055
4.51783 866.18 276.723 -28.3449 0.1 12.847
4.52795 868.98 276.436 -28.3213 0.1 12.9888
4.53808 871.78 276.149 -28.2979 0.1 13.1306
4.54823 874.58 275.862 -28.2747 0.1 13.2727
4.55838 877.38 275.575 -28.2517 0.1 13.4148
4.56855 880.18 275.288 -28.2289 0.1 13.5572
4.57873 882.98 275.001 -28.2063 0.1 13.6996
4.58873 885.73 274.719 -28.1843 0.1 13.8397
4.59875 888.48 274.436 -28.1625 0.1 13.9799
4.60877 891.23 274.154 -28.1408 0.1 14.1203
4.61881 893.98 273.872 -28.1194 0.1 14.2608
4.62886 896.73 273.59 -28.0981 0.1 14.4014
4.63891 899.48 273.307 -28.077 0.1 14.5422
4.64898 902.23 273.024 -28.0561 0.1 14.6832
4.65906 904.98 272.742 -28.0354 0.1 14.8242
4.66915 907.73 272.459 -28.0149 0.1 14.9655
4.67924 910.48 272.176 -27.9945 0.1 15.1069
4.68935 913.23 271.893 -27.9743 0.1 15.2484
4.69947 915.98 271.61 -27.9543 0.1 15.39
4.7096 918.73 271.327 -27.9345 0.1 15.5319
4.71974 921.48 271.044 -27.9148 0.1 15.6738
4.7299 924.23 270.761 -27.8953 0.1 15.816
4.74006 926.98 270.478 -27.876 0.1 15.9582
4.75023 929.73 270.194 -27.8568 0.1 16.1006
4.76041 932.48 269.91 -27.8378 0.1 16.2432
4.77042 935.18 269.632 -27.8193 0.1 16.3833
4.78044 937.88 269.353 -27.801 0.1 16.5236
4.79047 940.58 269.075 -27.7828 0.1 16.664
4.80051 943.28 268.796 -27.7648 0.1 16.8045
4.81056 945.98 268.517 -27.7469 0.1 16.9452
4.82062 948.68 268.238 -27.7292 0.1 17.0861
4.83069 951.38 267.959 -27.7117 0.1 17.2271
4.84077 954.08 267.679 -27.6943 0.1 17.3682
4.85087 956.78 267.4 -27.677 0.1 17.5095
4.86097 959.48 267.12 -27.6599 0.1 17.6509
4.87108 962.18 266.841 -27.6429 0.1 17.7925
4.8812 964.88 266.561 -27.6261 0.1 17.9342
4.89134 967.58 266.281 -27.6094 0.1 18.0761
4.90148 970.28 266.001 -27.5929 0.1 18.2181
4.91164 972.98 265.721 -27.5765 0.1 18.3603
4.92181 975.68 265.441 -27.5603 0.1 18.5027
4.93198 978.38 265.16 -27.5441 0.1 18.6451
4.94217 981.08 264.88 -27.5282 0.1 18.7878
4.95218 983.73 264.604 -27.5126 0.1 18.9279
4.9622 986.38 264.329 -27.4972 0.1 19.0682
4.97223 989.03 264.053 -27.4819 0.1 19.2086
4.98227 991.68 263.777 -27.4667 0.1 19.3492
4.99233 994.33 263.501 -27.4517 0.1 19.4899
5.00239 996.98 263.225 -27.4368 0.1 19.6308
5.01246 999.63 262.949 -27.422 0.1 19.7718
5.02254 1002.28 262.672 -27.4073 0.1 19.913
5.03264 1004.93 262.396 -27.3928 0.1 20.0543
5.04274 1007.58 262.119 -27.3784 0.1 20.1957
5.05286 1010.23 261.842 -27.3641 0.1 20.3373
5.06298 1012.88 261.565 -27.3499 0.1 20.4791
5.07312 1015.53 261.288 -27.3358 0.1 20.621
5.08327 1018.18 261.01 -27.3218 0.1 20.7631
5.09343 1020.83 260.733 -27.308 0.1 20.9053
5.1036 1023.48 260.455 -27.2943 0.1 21.0477
5.11378 1026.13 260.178 -27.2806 0.1 21.1902
5.12397 1028.78 259.9 -27.2671 0.1 21.3328
5.13398 1031.38 259.627 -27.254 0.1 21.473
5.144 1033.98 259.354 -27.2409 0.1 21.6132
5.15403 1036.58 259.081 -27.228 0.1 21.7537
5.16407 1039.18 258.807 -27.2151 0.1 21.8942
5.17412 1041.78 258.534 -27.2024 0.1 22.035
5.18418 1044.38 258.26 -27.1897 0.1 22.1758
5.19425 1046.98 257.986 -27.1772 0.1 22.3168
5.20434 1049.58 257.712 -27.1648 0.1 22.458
5.21443 1052.18 257.438 -27.1524 0.1 22.5993
5.22454 1054.78 257.164 -27.1401 0.1 22.7408
5.23465 1057.38 256.889 -27.128 0.1 22.8824
5.24478 1059.98 256.615 -27.1159 0.1 23.0242
5.25492 1062.58 256.34 -27.1039 0.1 23.1661
5.26506 1065.18 256.065 -27.092 0.1 23.3082
5.27522 1067.78 255.79 -27.0802 0.1 23.4504
5.28539 1070.38 255.514 -27.0685 0.1 23.5928
5.29558 1072.98 255.239 -27.0568 0.1 23.7353
5.30577 1075.58 254.963 -27.0453 0.1 23.878
5.31577 1078.13 254.693 -27.0341 0.1 24.0181
5.32579 1080.68 254.422 -27.0229 0.1 24.1583
5.33582 1083.23 254.151 -27.0118 0.1 24.2987
5.34586 1085.78 253.88 -27.0008 0.1 24.4393
5.35591 1088.33 253.609 -26.9837 0.1 24.5524
5.36597 1090.88 253.337 -26.9406 0.1 24.5496
5.37604 1093.43 253.066 -26.8988 0.1 24.5524
5.38612 1095.98 252.795 -26.8559 0.1 24.5496
5.39621 1098.53 252.524 -26.8143 0.1 24.5524
5.40632 1101.08 252.254 -26.7716 0.1 24.5496
5.41643 1103.63 251.983 -26.7301 0.1 24.5524
5.42656 1106.18 251.713 -26.6875 0.1 24.5496
5.43669 1108.73 251.442 -26.6463 0.1 24.5524
5.44684 1111.28 251.172 -26.6039 0.1 24.5496
5.457 1113.83 250.902 -26.5627 0.1 24.5524
5.46717 1116.38 250.632 -26.5205 0.1 24.5496
5.47735 1118.93 250.363 -26.4795 0.1 24.5524
5.48754 1121.48 250.093 -26.4374 0.1 24.5496
5.49754 1123.98 249.829 -26.3968 0.1 24.5496
5.50755 1126.48 249.565 -26.3563 0.1 24.5496
5.51758 1128.98 249.301 -26.3159 0.1 24.5496
5.52761 1131.48 249.037 -26.2755 0.1 24.5496
5.53765 1133.98 248.773 -26.2353 0.1 24.5496
5.54771 1136.48 248.51 -26.195 0.1 24.5496
5.55777 1138.98 248.246 -26.1549 0.1 24.5496
5.56785 1141.48 247.983 -26.1149 0.1 24.5496
5.57794 1143.98 247.719 -26.0749 0.1 24.5496
5.58803 1146.48 247.456 -26.035 0.1 24.5496
5.59814 1148.98 247.193 -25.9952 0.1 24.5496
5.60826 1151.48 246.931 -25.9554 0.1 24.5496
5.61839 1153.98 246.668 -25.9157 0.1 24.5496
5.62853 1156.48 246.405 -25.8761 0.1 24.5496
5.63868 1158.98 246.143 -25.8366 0.1 24.5496
5.64884 1161.48 245.88 -25.7971 0.1 24.5496
5.65902 1163.98 245.618 -25.7578 0.1 24.5496
5.6692 1166.48 245.356 -25.7185 0.1 24.5496
5.6794 1168.98 245.094 -25.6792 0.1 24.5495
5.6894 1171.43 244.837 -25.6415 0.1 24.5524
5.69941 1173.88 244.581 -25.6026 0.1 24.5495
5.70943 1176.33 244.325 -25.5649 0.1 24.5524
5.71947 1178.78 244.068 -25.5262 0.1 24.5495
5.72951 1181.23 243.812 -25.4887 0.1 24.5524
5.73956 1183.68 243.556 -25.4501 0.1 24.5495
5.74963 1186.13 243.3 -25.4127 0.1 24.5524
5.7597 1188.58 243.044 -25.3742 0.1 24.5495
5.76979 1191.03 242.788 -25.337 0.1 24.5524
5.77989 1193.48 242.533 -25.2987 0.1 24.5495
5.78999 1195.93 242.277 -25.2616 0.1 24.5524
5.80011 1198.38 242.022 -25.2234 0.1 24.5495
5.81024 1200.83 241.767 -25.1865 0.1 24.5524
5.82038 1203.28 241.511 -25.1485 0.1 24.5495
5.83053 1205.73 241.256 -25.1117 0.1 24.5524
5.84069 1208.18 241.001 -25.0738 0.1 24.5495
5.85086 1210.63 240.747 -25.0371 0.1 24.5524
5.86104 1213.08 240.492 -24.9993 0.1 24.5495
5.87124 1215.53 240.237 -24.9628 0.1 24.5524
5.88144 1217.98 239.983 -24.9252 0.1 24.5495
5.89145 1220.38 239.734 -24.889 0.1 24.5495
5.90146 1222.78 239.484 -24.8528 0.1 24.5495
5.91149 1225.18 239.235 -24.8167 0.1 24.5495
5.92153 1227.58 238.986 -24.7807 0.1 24.5495
5.93157 1229.98 238.738 -24.7447 0.1 24.5495
5.94163 1232.38 238.489 -24.7088 0.1 24.5495
5.9517 1234.78 238.24 -24.673 0.1 24.5495
5.96178 1237.18 237.992 -24.6373 0.1 24.5495
5.97187 1239.58 237.743 -24.6016 0.1 24.5495
5.98197 1241.98 237.495 -24.5659 0.1 24.5495
5.99208 1244.38 237.247 -24.5304 0.1 24.5495
6.0022 1246.78 236.999 -24.4948 0.1 24.5495
6.01233 1249.18 236.751 -24.4594 0.1 24.5495
6.02248 1251.58 236.503 -24.424 0.1 24.5495
6.03263 1253.98 236.255 -24.3887 0.1 24.5495
6.04279 1256.38 236.007 -24.3535 0.1 24.5495
6.05297 1258.78 235.76 -24.3183 0.1 24.5495
6.06315 1261.18 235.512 -24.2832 0.1 24.5495
6.07335 1263.58 235.265 -24.2481 0.1 24.5495
6.08356 1265.98 235.018 -24.2131 0.1 24.5495
6.09356 1268.33 234.776 -24.1795 0.1 24.5525
6.10358 1270.68 234.534 -24.1448 0.1 24.5495
6.1136 1273.03 234.292 -24.1112 0.1 24.5525
6.12364 1275.38 234.05 -24.0767 0.1 24.5495
6.13368 1277.73 233.808 -24.0433 0.1 24.5525
6.14374 1280.08 233.567 -24.0088 0.1 24.5495
6.15381 1282.43 233.325 -23.9755 0.1 24.5525
6.16388 1284.78 233.084 -23.9412 0.1 24.5495
6.17397 1287.13 232.842 -23.908 0.1 24.5525
6.18407 1289.48 232.601 -23.8738 0.1 24.5495
6.19418 1291.83 232.36 -23.8408 0.1 24.5525
6.2043 1294.18 232.119 -23.8067 0.1 24.5495
6.21443 1296.53 231.878 -23.7737 0.1 24.5525
6.22457 1298.88 231.637 -23.7398 0.1 24.5495
6.23472 1301.23 231.396 -23.7069 0.1 24.5525
6.24488 1303.58 231.155 -23.6731 0.1 24.5495
6.25505 1305.93 230.915 -23.6404 0.1 24.5525
6.26523 1308.28 230.674 -23.6066 0.1 24.5495
6.27542 1310.63 230.434 -23.5741 0.1 24.5525
6.28563 1312.98 230.193 -23.5404 0.1 24.5495
6.29584 1315.33 229.953 -23.508 0.1 24.5525
6.30585 1317.63 229.718 -23.4757 0.1 24.5525
6.31587 1319.93 229.483 -23.4435 0.1 24.5525
6.32589 1322.23 229.248 -23.4114 0.1 24.5525
6.33593 1324.53 229.013 -23.3793 0.1 24.5525
6.34598 1326.83 228.779 -23.3473 0.1 24.5525
6.35604 1329.13 228.544 -23.3153 0.1 24.5525
6.36611 1331.43 228.309 -23.2834 0.1 24.5525
6.37619 1333.73 228.075 -23.2515 0.1 24.5525
6.38628 1336.03 227.84 -23.2197 0.1 24.5525
6.39638 1338.33 227.606 -23.1879 0.1 24.5525
6.40649 1340.63 227.372 -23.1562 0.1 24.5525
6.41661 1342.93 227.138 -23.1246 0.1 24.5525
6.42674 1345.23 226.903 -23.093 0.1 24.5525
6.43688 1347.53 226.669 -23.0615 0.1 24.5525
6.44703 1349.83 226.435 -23.03 0.1 24.5525
6.4572 1352.13 226.202 -22.9986 0.1 24.5525
6.46737 1354.43 225.968 -22.9672 0.1 24.5525
6.47755 1356.73 225.734 -22.9359 0.1 24.5525
6.48775 1359.03 225.5 -22.9046 0.1 24.5525
6.49795 1361.33 225.267 -22.8734 0.1 24.5525
6.50817 1363.63 225.033 -22.8422 0.1 24.5525
6.51817 1365.88 224.805 -22.8113 0.1 24.5494
6.52819 1368.13 224.577 -22.7814 0.1 24.5525
6.53821 1370.38 224.348 -22.7506 0.1 24.5494
6.54825 1372.63 224.12 -22.7208 0.1 24.5525
6.55829 1374.88 223.892 -22.6901 0.1 24.5494
6.56834 1377.13 223.664 -22.6604 0.1 24.5525
6.57841 1379.38 223.436 -22.6298 0.1 24.5494
6.58848 1381.63 223.208 -22.6002 0.1 24.5525
6.59857 1383.88 222.981 -22.5697 0.1 24.5494
6.60867 1386.13 222.753 -22.5403 0.1 24.5525
6.61877 1388.38 222.525 -22.5098 0.1 24.5494
6.62889 1390.63 222.298 -22.4805 0.1 24.5526
6.63902 1392.88 222.07 -22.4501 0.1 24.5494
6.64915 1395.13 221.843 -22.4209 0.1 24.5526
6.6593 1397.38 221.615 -22.3907 0.1 24.5494
6.66946 1399.63 221.388 -22.3615 0.1 24.5526
6.67963 1401.88 221.161 -22.3314 0.1 24.5494
6.68981 1404.13 220.934 -22.3023 0.1 24.5526
6.7 1406.38 220.707 -22.2723 0.1 24.5494
6.7102 1408.63 220.48 -22.2433 0.1 24.5526
6.72041 1410.88 220.253 -22.2134 0.1 24.5494
6.73063 1413.13 220.026 -22.1846 0.1 24.5526
6.74063 1415.33 219.804 -22.1559 0.1 24.5526
6.75064 1417.53 219.582 -22.1273 0.1 24.5526
6.76067 1419.73 219.361 -22.0987 0.1 24.5526
6.7707 1421.93 219.139 -22.0702 0.1 24.5526
6.78075 1424.13 218.918 -22.0417 0.1 24.5526
6.7908 1426.33 218.696 -22.0133 0.1 24.5526
6.80087 1428.53 218.475 -21.9849 0.1 24.5526
6.81094 1430.73 218.253 -21.9565 0.1 24.5526
6.82103 1432.93 218.032 -21.9283 0.1 24.5526
6.83112 1435.13 217.811 -21.9 0.1 24.5526
6.84123 1437.33 217.59 -21.8718 0.1 24.5526
6.85134 1439.53 217.369 -21.8437 0.1 24.5526
6.86147 1441.73 217.147 -21.8156 0.1 24.5526
6.87161 1443.93 216.926 -21.7875 0.1 24.5526
6.88175 1446.13 216.706 -21.7595 0.1 24.5526
6.89191 1448.33 216.485 -21.7315 0.1 24.5526
6.90208 1450.53 216.264 -21.7036 0.1 24.5526
6.91226 1452.73 216.043 -21.6757 0.1 24.5526
6.92245 1454.93 215.822 -21.6479 0.1 24.5526
6.93264 1457.13 215.602 -21.6201 0.1 24.5526
6.94285 1459.33 215.381 -21.5924 0.1 24.5526
6.95307 1461.53 215.161 -21.5647 0.1 24.5526
6.9633 1463.73 214.94 -21.537 0.1 24.5526
6.97331 1465.88 214.725 -21.5096 0.1 24.5493
6.98333 1468.03 214.509 -21.4831 0.1 24.5526
6.99336 1470.18 214.294 -21.4557 0.1 24.5493
7.0034 1472.33 214.079 -21.4294 0.1 24.5526
7.01344 1474.48 213.864 -21.4021 0.1 24.5493
7.0235 1476.63 213.649 -21.3758 0.1 24.5526
7.03357 1478.78 213.434 -21.3486 0.1 24.5493
7.04365 1480.93 213.219 -21.3224 0.1 24.5526
7.05374 1483.08 213.004 -21.2953 0.1 24.5493
7.06384 1485.23 212.789 -21.2692 0.1 24.5526
7.07395 1487.38 212.574 -21.2422 0.1 24.5493
7.08407 1489.53 212.359 -21.2162 0.1 24.5526
7.0942 1491.68 212.144 -21.1892 0.1 24.5493
7.10434 1493.83 211.929 -21.1633 0.1 24.5526
7.11449 1495.98 211.715 -21.1365 0.1 24.5493
7.12465 1498.13 211.5 -21.1106 0.1 24.5526
7.13482 1500.28 211.286 -21.0838 0.1 24.5493
7.145 1502.43 211.071 -21.0581 0.1 24.5526
7.15519 1504.58 210.857 -21.0314 0.1 24.5493
7.16539 1506.73 210.642 -21.0057 0.1 24.5526
7.1756 1508.88 210.428 -20.9791 0.1 24.5493
7.18583 1511.03 210.213 -20.9535 0.1 24.5526
7.19606 1513.18 209.999 -20.927 0.1 24.5493
7.20606 1515.28 209.79 -20.9016 0.1 24.5493
7.21608 1517.38 209.581 -20.8762 0.1 24.5493
7.2261 1519.48 209.372 -20.8509 0.1 24.5493
7.23614 1521.58 209.162 -20.8257 0.1 24.5493
7.24618 1523.68 208.953 -20.8004 0.1 24.5493
7.25624 1525.78 208.744 -20.7752 0.1 24.5493
7.26631 1527.88 208.535 -20.7501 0.1 24.5493
7.27638 1529.98 208.326 -20.725 0.1 24.5493
7.28647 1532.08 208.118 -20.6999 0.1 24.5493
7.29656 1534.18 207.909 -20.6749 0.1 24.5493
7.30667 1536.28 207.7 -20.6499 0.1 24.5493
7.31678 1538.38 207.491 -20.6249 0.1 24.5493
7.32691 1540.48 207.282 -20.6 0.1 24.5493
7.33705 1542.58 207.074 -20.5751 0.1 24.5493
7.34719 1544.68 206.865 -20.5503 0.1 24.5493
7.35735 1546.78 206.656 -20.5255 0.1 24.5493
7.36752 1548.88 206.448 -20.5007 0.1 24.5493
7.37769 1550.98 206.239 -20.476 0.1 24.5493
7.38788 1553.08 206.031 -20.4513 0.1 24.5493
7.39808 1555.18 205.822 -20.4267 0.1 24.5493
7.40829 1557.28 205.614 -20.4021 0.1 24.5493
7.41851 1559.38 205.406 -20.3775 0.1 24.5493
7.42874 1561.48 205.197 -20.353 0.1 24.5493
7.43897 1563.58 204.989 -20.3285 0.1 24.5493
7.44898 1565.63 204.786 -20.3051 0.1 24.5527
7.459 1567.68 204.583 -20.2808 0.1 24.5493
7.46902 1569.73 204.379 -20.2574 0.1 24.5527
7.47906 1571.78 204.176 -20.2332 0.1 24.5493
7.4891 1573.83 203.973 -20.2099 0.1 24.5527
7.49916 1575.88 203.77 -20.1858 0.1 24.5493
7.50922 1577.93 203.567 -20.1626 0.1 24.5527
7.5193 1579.98 203.364 -20.1385 0.1 24.5493
7.52938 1582.03 203.161 -20.1154 0.1 24.5527
7.53948 1584.08 202.958 -20.0914 0.1 24.5493
7.54959 1586.13 202.755 -20.0683 0.1 24.5527
7.5597 1588.18 202.552 -20.0444 0.1 24.5492
7.56983 1590.23 202.349 -20.0214 0.1 24.5527
7.57996 1592.28 202.146 -19.9976 0.1 24.5492
7.59011 1594.33 201.944 -19.9747 0.1 24.5527
7.60027 1596.38 201.741 -19.9509 0.1 24.5492
7.61043 1598.43 201.538 -19.928 0.1 24.5527
7.62061 1600.48 201.336 -19.9043 0.1 24.5492
7.6308 1602.53 201.133 -19.8815 0.1 24.5527
7.641 1604.58 200.93 -19.8579 0.1 24.5492
7.6512 1606.63 200.728 -19.8352 0.1 24.5527
7.66142 1608.68 200.525 -19.8116 0.1 24.5492
7.67165 1610.73 200.323 -19.789 0.1 24.5527
7.68189 1612.78 200.12 -19.7655 0.1 24.5492
7.69214 1614.83 199.918 -19.7429 0.1 24.5527
7.70215 1616.83 199.72 -19.7205 0.1 24.5527
7.71217 1618.83 199.523 -19.6981 0.1 24.5527
7.7222 1620.83 199.325 -19.6758 0.1 24.5527
7.73223 1622.83 199.128 -19.6535 0.1 24.5527
7.74228 1624.83 198.93 -19.6312 0.1 24.5527
7.75234 1626.83 198.733 -19.6089 0.1 24.5527
7.76241 1628.83 198.536 -19.5867 0.1 24.5527
7.77249 1630.83 198.339 -19.5645 0.1 24.5527
7.78258 1632.83 198.141 -19.5424 0.1 24.5527
7.79268 1634.83 197.944 -19.5202 0.1 24.5527
7.80279 1636.83 197.747 -19.4982 0.1 24.5527
7.81291 1638.83 197.55 -19.4761 0.1 24.5527
7.82303 1640.83 197.352 -19.4541 0.1 24.5528
7.83317 1642.83 197.155 -19.4321 0.1 24.5528
7.84332 1644.83 196.958 -19.4101 0.1 24.5528
7.85348 1646.83 196.761 -19.3882 0.1 24.5528
7.86365 1648.83 196.564 -19.3663 0.1 24.5528
7.87383 1650.83 196.367 -19.3445 0.1 24.5528
7.88402 1652.83 196.17 -19.3226 0.1 24.5528
7.89422 1654.83 195.973 -19.3008 0.1 24.5528
7.90443 1656.83 195.776 -19.2791 0.1 24.5528
7.91466 1658.83 195.579 -19.2574 0.1 24.5528
7.92489 1660.83 195.382 -19.2357 0.1 24.5528
7.93513 1662.83 195.185 -19.214 0.1 24.5528
7.94538 1664.83 194.988 -19.1924 0.1 24.5528
7.95539 1666.78 194.797 -19.1709 0.1 24.5492
7.9654 1668.73 194.605 -19.1503 0.1 24.5528
7.97543 1670.68 194.413 -19.1288 0.1 24.5492
7.98546 1672.63 194.221 -19.1083 0.1 24.5528
7.99551 1674.58 194.029 -19.0869 0.1 24.5492
8.00556 1676.53 193.837 -19.0665 0.1 24.5528
8.01563 1678.48 193.645 -19.0451 0.1 24.5492
8.0257 1680.43 193.454 -19.0247 0.1 24.5528
8.03579 1682.38 193.262 -19.0035 0.1 24.5492
8.04588 1684.33 193.07 -18.9831 0.1 24.5528
8.05599 1686.28 192.878 -18.9619 0.1 24.5492
8.0661 1688.23 192.687 -18.9416 0.1 24.5528
8.07623 1690.18 192.495 -18.9205 0.1 24.5492
8.08636 1692.13 192.303 -18.9003 0.1 24.5528
8.09651 1694.08 192.112 -18.8792 0.1 24.5492
8.10666 1696.03 191.92 -18.859 0.1 24.5528
8.11683 1697.98 191.729 -18.838 0.1 24.5492
8.12701 1699.93 191.537 -18.8179 0.1 24.5528
8.13719 1701.88 191.345 -18.7969 0.1 24.5491
8.14739 1703.83 191.154 -18.7769 0.1 24.5528
8.15759 1705.78 190.962 -18.756 0.1 24.5491
8.16781 1707.73 190.771 -18.736 0.1 24.5528
8.17804 1709.68 190.579 -18.7152 0.1 24.5491
8.18828 1711.63 190.388 -18.6952 0.1 24.5528
8.19852 1713.58 190.196 -18.6745 0.1 24.5491
8.20878 1715.53 190.005 -18.6546 0.1 24.5528
8.21879 1717.43 189.818 -18.6348 0.1 24.5528
8.2288 1719.33 189.632 -18.6151 0.1 24.5528
8.23883 1721.23 189.445 -18.5954 0.1 24.5528
8.24886 1723.13 189.259 -18.5757 0.1 24.5528
8.2589 1725.03 189.072 -18.556 0.1 24.5528
8.26896 1726.93 188.886 -18.5364 0.1 24.5528
8.27902 1728.83 188.699 -18.5168 0.1 24.5528
8.2891 1730.73 188.513 -18.4972 0.1 24.5528
8.29918 1732.63 188.327 -18.4777 0.1 24.5528
8.30927 1734.53 188.14 -18.4582 0.1 24.5528
8.31938 1736.43 187.954 -18.4387 0.1 24.5528
8.32949 1738.33 187.767 -18.4192 0.1 24.5528
8.33962 1740.23 187.581 -18.3998 0.1 24.5528
8.34975 1742.13 187.395 -18.3804 0.1 24.5528
8.35989 1744.03 187.208 -18.361 0.1 24.5528
8.37005 1745.93 187.022 -18.3417 0.1 24.5528
8.38021 1747.83 186.836 -18.3223 0.1 24.5529
8.39039 1749.73 186.649 -18.303 0.1 24.5529
8.40057 1751.63 186.463 -18.2838 0.1 24.5529
8.41077 1753.53 186.277 -18.2645 0.1 24.5529
8.42097 1755.43 186.09 -18.2453 0.1 24.5529
8.43119 1757.33 185.904 -18.2261 0.1 24.5529
8.44141 1759.23 185.718 -18.207 0.1 24.5529
8.45165 1761.13 185.532 -18.1878 0.1 24.5529
8.4619 1763.03 185.345 -18.1687 0.1 24.5529
8.47215 1764.93 185.159 -18.1497 0.1 24.5529
8.48242 1766.83 184.973 -18.1306 0.1 24.5529
8.49242 1768.68 184.792 -18.1117 0.1 24.5491
8.50244 1770.53 184.61 -18.0936 0.1 24.5529
8.51247 1772.38 184.429 -18.0747 0.1 24.5491
8.5225 1774.23 184.248 -18.0566 0.1 24.5529
8.53255 1776.08 184.066 -18.0378 0.1 24.5491
8.54261 1777.93 183.885 -18.0198 0.1 24.5529
8.55267 1779.78 183.704 -18.001 0.1 24.5491
8.56275 1781.63 183.522 -17.9831 0.1 24.5529
8.57283 1783.48 183.341 -17.9644 0.1 24.5491
8.58293 1785.33 183.16 -17.9465 0.1 24.5529
8.59303 1787.18 182.979 -17.9278 0.1 24.5491
8.60315 1789.03 182.797 -17.91 0.1 24.5529
8.61327 1790.88 182.616 -17.8913 0.1 24.5491
8.62341 1792.73 182.435 -17.8735 0.1 24.5529
8.63356 1794.58 182.254 -17.855 0.1 24.5491
8.64371 1796.43 182.072 -17.8372 0.1 24.5529
8.65388 1798.28 181.891 -17.8187 0.1 24.5491
8.66405 1800.13 181.71 -17.801 0.1 24.5529
8.67424 1801.98 181.529 -17.7825 0.1 24.549
8.68444 1803.83 181.348 -17.7649 0.1 24.5529
8.69464 1805.68 181.166 -17.7464 0.1 24.549
8.70486 1807.53 180.985 -17.7288 0.1 24.5529
8.71509 1809.38 180.804 -17.7105 0.1 24.549
8.72532 1811.23 180.623 -17.6929 0.1 24.5529
8.73557 1813.08 180.441 -17.6746 0.1 24.549
8.74583 1814.93 180.26 -17.6571 0.1 24.5529
8.7561 1816.78 180.079 -17.6388 0.1 24.549
8.7661 1818.58 179.903 -17.6214 0.1 24.549
8.77611 1820.38 179.726 -17.6041 0.1 24.549
8.78613 1822.18 179.55 -17.5867 0.1 24.549
8.79616 1823.98 179.374 -17.5694 0.1 24.549
8.8062 1825.78 179.197 -17.5522 0.1 24.549
8.81625 1827.58 179.021 -17.5349 0.1 24.549
8.82631 1829.38 178.845 -17.5177 0.1 24.549
8.83638 1831.18 178.669 -17.5005 0.1 24.549
8.84646 1832.98 178.492 -17.4833 0.1 24.549
8.85655 1834.78 178.316 -17.4661 0.1 24.549
8.86665 1836.58 178.14 -17.449 0.1 24.549
8.87676 1838.38 177.963 -17.4319 0.1 24.549
8.88688 1840.18 177.787 -17.4148 0.1 24.549
8.89701 1841.98 177.611 -17.3977 0.1 24.549
8.90715 1843.78 177.434 -17.3806 0.1 24.549
8.9173 1845.58 177.258 -17.3636 0.1 24.549
8.92746 1847.38 177.082 -17.3466 0.1 24.549
8.93763 1849.18 176.905 -17.3296 0.1 24.549
8.94781 1850.98 176.729 -17.3127 0.1 24.549
8.958 1852.78 176.553 -17.2957 0.1 24.549
8.9682 1854.58 176.376 -17.2788 0.1 24.549
8.97841 1856.38 176.2 -17.2619 0.1 24.549
8.98863 1858.18 176.024 -17.245 0.1 24.549
8.99886 1859.98 175.847 -17.2282 0.1 24.549
9.0091 1861.78 175.671 -17.2114 0.1 24.549
9.01935 1863.58 175.495 -17.1946 0.1 24.549
9.02962 1865.38 175.318 -17.1778 0.1 24.549
9.03989 1867.18 175.142 -17.161 0.1 24.549
9.05017 1868.98 174.965 -17.1443 0.1 24.549
9.06018 1870.73 174.794 -17.1284 0.1 24.553
9.07019 1872.48 174.623 -17.1118 0.1 24.549
9.08022 1874.23 174.451 -17.096 0.1 24.553
9.09026 1875.98 174.28 -17.0794 0.1 24.549
9.1003 1877.73 174.108 -17.0636 0.1 24.553
9.11036 1879.48 173.936 -17.0471 0.1 24.549
9.12043 1881.23 173.765 -17.0313 0.1 24.553
9.1305 1882.98 173.593 -17.0149 0.1 24.549
9.14059 1884.73 173.422 -16.9992 0.1 24.553
9.15068 1886.48 173.25 -16.9827 0.1 24.549
9.16079 1888.23 173.079 -16.9671 0.1 24.553
9.17091 1889.98 172.907 -16.9507 0.1 24.549
9.18103 1891.73 172.736 -16.935 0.1 24.553
9.19117 1893.48 172.564 -16.9187 0.1 24.5489
9.20132 1895.23 172.393 -16.9031 0.1 24.553
9.21147 1896.98 172.221 -16.8868 0.1 24.5489
9.22164 1898.73 172.049 -16.8712 0.1 24.553
9.23182 1900.48 171.878 -16.855 0.1 24.5489
9.242 1902.23 171.706 -16.8395 0.1 24.553
9.2522 1903.98 171.535 -16.8232 0.1 24.5489
9.26241 1905.73 171.363 -16.8078 0.1 24.553
9.27262 1907.48 171.191 -16.7916 0.1 24.5489
9.28285 1909.23 171.02 -16.7762 0.1 24.553
9.29309 1910.98 170.848 -16.76 0.1 24.5489
9.30334 1912.73 170.676 -16.7446 0.1 24.553
9.3136 1914.48 170.505 -16.7285 0.1 24.5489
9.32387 1916.23 170.333 -16.7132 0.1 24.553
9.33415 1917.98 170.161 -16.6971 0.1 24.5489
9.34444 1919.73 169.989 -16.6818 0.1 24.553
9.35444 1921.43 169.823 -16.6666 0.1 24.553
9.36446 1923.13 169.656 -16.6514 0.1 24.553
9.37448 1924.83 169.489 -16.6362 0.1 24.553
9.38452 1926.53 169.322 -16.6211 0.1 24.553
9.39456 1928.23 169.155 -16.606 0.1 24.553
9.40462 1929.93 168.988 -16.5908 0.1 24.553
9.41468 1931.63 168.821 -16.5758 0.1 24.5531
9.42476 1933.33 168.654 -16.5607 0.1 24.5531
9.43484 1935.03 168.487 -16.5456 0.1 24.5531
9.44494 1936.73 168.32 -16.5306 0.1 24.5531
9.45504 1938.43 168.154 -16.5156 0.1 24.5531
9.46516 1940.13 167.987 -16.5006 0.1 24.5531
9.47528 1941.83 167.82 -16.4856 0.1 24.5531
9.48542 1943.53 167.653 -16.4706 0.1 24.5531
9.49556 1945.23 167.486 -16.4557 0.1 24.5531
9.50572 1946.93 167.319 -16.4408 0.1 24.5531
9.51588 1948.63 167.151 -16.4259 0.1 24.5531
9.52606 1950.33 166.984 -16.411 0.1 24.5531
9.53624 1952.03 166.817 -16.3961 0.1 24.5531
9.54644 1953.73 166.65 -16.3813 0.1 24.5531
9.55665 1955.43 166.483 -16.3664 0.1 24.5531
9.56686 1957.13 166.316 -16.3516 0.1 24.5531
9.57709 1958.83 166.149 -16.3368 0.1 24.5531
9.58733 1960.53 165.982 -16.322 0.1 24.5531
9.59757 1962.23 165.815 -16.3073 0.1 24.5531
9.60783 1963.93 165.647 -16.2925 0.1 24.5531
9.6181 1965.63 165.48 -16.2778 0.1 24.5531
9.62838 1967.33 165.313 -16.2631 0.1 24.5531
9.63867 1969.03 165.146 -16.2484 0.1 24.5531
9.64897 1970.73 164.978 -16.2338 0.1 24.5531
9.65897 1972.38 164.816 -16.2192 0.1 24.5489
9.66899 1974.03 164.654 -16.2054 0.1 24.5531
9.67902 1975.68 164.491 -16.1908 0.1 24.5488
9.68905 1977.33 164.329 -16.177 0.1 24.5531
9.6991 1978.98 164.166 -16.1625 0.1 24.5488
9.70915 1980.63 164.004 -16.1487 0.1 24.5531
9.71922 1982.28 163.841 -16.1343 0.1 24.5488
9.7293 1983.93 163.679 -16.1205 0.1 24.5531
9.73938 1985.58 163.516 -16.1061 0.1 24.5488
9.74948 1987.23 163.354 -16.0924 0.1 24.5531
9.75958 1988.88 163.191 -16.078 0.1 24.5488
9.7697 1990.53 163.029 -16.0643 0.1 24.5531
9.77983 1992.18 162.866 -16.05 0.1 24.5488
9.78996 1993.83 162.704 -16.0363 0.1 24.5531
9.80011 1995.48 162.541 -16.022 0.1 24.5488
9.81026 1997.13 162.378 -16.0084 0.1 24.5531
9.82043 1998.78 162.216 -15.9941 0.1 24.5488
9.83061 2000.43 162.053 -15.9805 0.1 24.5531
9.8408 2002.08 161.89 -15.9663 0.1 24.5488
9.85099 2003.73 161.727 -15.9527 0.1 24.5531
9.8612 2005.38 161.565 -15.9385 0.1 24.5488
9.87142 2007.03 161.402 -15.925 0.1 24.5531
9.88165 2008.68 161.239 -15.9108 0.1 24.5488
9.89189 2010.33 161.076 -15.8973 0.1 24.5532
9.90213 2011.98 160.913 -15.8832 0.1 24.5488
9.91239 2013.63 160.75 -15.8697 0.1 24.5532
9.92266 2015.28 160.588 -15.8556 0.1 24.5488
9.93294 2016.93 160.425 -15.8422 0.1 24.5532
9.94323 2018.58 160.262 -15.8281 0.1 24.5488
9.95354 2020.23 160.099 -15.8147 0.1 24.5532
9.96385 2021.88 159.936 -15.8007 0.1 24.5488
9.97386 2023.48 159.778 -15.7874 0.1 24.5488
9.98387 2025.08 159.62 -15.7741 0.1 24.5488
9.9939 2026.68 159.461 -15.7609 0.1 24.5488
10.0039 2028.28 159.303 -15.7477 0.1 24.5488
10.014 2029.88 159.145 -15.7345 0.1 24.5488
10.0241 2031.48 158.987 -15.7213 0.1 24.5488
10.0341 2033.08 158.829 -15.7081 0.1 24.5488
10.0442 2034.68 158.67 -15.6949 0.1 24.5488
10.0543 2036.28 158.512 -15.6818 0.1 24.5488
10.0644 2037.88 158.354 -15.6686 0.1 24.5488
10.0745 2039.48 158.195 -15.6555 0.1 24.5488
10.0846 2041.08 158.037 -15.6424 0.1 24.5488
10.0947 2042.68 157.879 -15.6293 0.1 24.5488
10.1049 2044.28 157.72 -15.6162 0.1 24.5488
10.115 2045.88 157.562 -15.6032 0.1 24.5488
10.1252 2047.48 157.403 -15.5901 0.1 24.5488
10.1354 2049.08 157.245 -15.5771 0.1 24.5488
10.1455 2050.68 157.086 -15.5641 0.1 24.5487
10.1557 2052.28 156.928 -15.5511 0.1 24.5487
10.1659 2053.88 156.769 -15.5381 0.1 24.5487
10.1761 2055.48 156.611 -15.5251 0.1 24.5487
10.1864 2057.08 156.452 -15.5122 0.1 24.5487
10.1966 2058.68 156.293 -15.4993 0.1 24.5487
10.2068 2060.28 156.135 -15.4863 0.1 24.5487
10.2171 2061.88 155.976 -15.4734 0.1 24.5487
10.2274 2063.48 155.817 -15.4605 0.1 24.5487
10.2376 2065.08 155.658 -15.4477 0.1 24.5487
10.2479 2066.68 155.5 -15.4348 0.1 24.5487
10.2582 2068.28 155.341 -15.422 0.1 24.5487
10.2685 2069.88 155.182 -15.4091 0.1 24.5487
10.2788 2071.48 155.023 -15.3963 0.1 24.5487
10.2888 2073.03 154.869 -15.3842 0.1 24.5532
10.2989 2074.58 154.715 -15.3715 0.1 24.5487
10.3089 2076.13 154.561 -15.3595 0.1 24.5532
10.3189 2077.68 154.407 -15.3468 0.1 24.5487
10.329 2079.23 154.253 -15.3348 0.1 24.5532
10.339 2080.78 154.099 -15.3221 0.1 24.5487
10.3491 2082.33 153.945 -15.3101 0.1 24.5533
10.3591 2083.88 153.791 -15.2975 0.1 24.5487
10.3692 2085.43 153.636 -15.2855 0.1 24.5533
10.3793 2086.98 153.482 -15.2729 0.1 24.5487
10.3894 2088.53 153.328 -15.261 0.1 24.5533
10.3995 2090.08 153.174 -15.2484 0.1 24.5487
10.4097 2091.63 153.019 -15.2365 0.1 24.5533
10.4198 2093.18 152.865 -15.224 0.1 24.5487
10.4299 2094.73 152.711 -15.2121 0.1 24.5533
10.4401 2096.28 152.556 -15.1996 0.1 24.5487
10.4503 2097.83 152.402 -15.1877 0.1 24.5533
10.4604 2099.38 152.247 -15.1753 0.1 24.5487
10.4706 2100.93 152.093 -15.1634 0.1 24.5533
10.4808 2102.48 151.938 -15.151 0.1 24.5487
10.491 2104.03 151.784 -15.1392 0.1 24.5533
10.5012 2105.58 151.629 -15.1267 0.1 24.5487
10.5115 2107.13 151.474 -15.115 0.1 24.5533
10.5217 2108.68 151.32 -15.1026 0.1 24.5487
10.532 2110.23 151.165 -15.0908 0.1 24.5533
10.5422 2111.78 151.01 -15.0784 0.1 24.5487
10.5525 2113.33 150.855 -15.0667 0.1 24.5533
10.5628 2114.88 150.701 -15.0544 0.1 24.5487
10.5731 2116.43 150.546 -15.0427 0.1 24.5533
10.5834 2117.98 150.391 -15.0304 0.1 24.5487
10.5937 2119.53 150.236 -15.0187 0.1 24.5533
10.604 2121.08 150.081 -15.0064 0.1 24.5486
10.6143 2122.63 149.926 -14.9948 0.1 24.5533
10.6243 2124.13 149.776 -14.9832 0.1 24.5533
10.6344 2125.63 149.626 -14.9717 0.1 24.5533
10.6444 2127.13 149.476 -14.9601 0.1 24.5533
10.6544 2128.63 149.326 -14.9486 0.1 24.5533
10.6645 2130.13 149.175 -14.9371 0.1 24.5533
10.6745 2131.63 149.025 -14.9256 0.1 24.5533
10.6846 2133.13 148.875 -14.9141 0.1 24.5533
10.6947 2134.63 148.725 -14.9027 0.1 24.5533
10.7048 2136.13 148.574 -14.8912 0.1 24.5533
10.7149 2137.63 148.424 -14.8798 0.1 24.5533
10.725 2139.13 148.274 -14.8683 0.1 24.5533
10.7351 2140.63 148.123 -14.8569 0.1 24.5533
10.7453 2142.13 147.973 -14.8455 0.1 24.5533
10.7554 2143.63 147.822 -14.8341 0.1 24.5533
10.7655 2145.13 147.672 -14.8227 0.1 24.5533
10.7757 2146.63 147.521 -14.8114 0.1 24.5533
10.7859 2148.13 147.37 -14.8 0.1 24.5534
10.7961 2149.63 147.22 -14.7887 0.1 24.5534
10.8063 2151.13 147.069 -14.7773 0.1 24.5534
10.8165 2152.63 146.918 -14.766 0.1 24.5534
10.8267 2154.13 146.768 -14.7547 0.1 24.5534
10.8369 2155.63 146.617 -14.7434 0.1 24.5534
10.8471 2157.13 146.466 -14.7321 0.1 24.5534
10.8574 2158.63 146.315 -14.7209 0.1 24.5534
10.8676 2160.13 146.164 -14.7096 0.1 24.5534
10.8779 2161.63 146.013 -14.6984 0.1 24.5534
10.8882 2163.13 145.862 -14.6871 0.1 24.5534
10.8985 2164.63 145.711 -14.6759 0.1 24.5534
10.9088 2166.13 145.56 -14.6647 0.1 24.5534
10.9191 2167.63 145.409 -14.6535 0.1 24.5534
10.9294 2169.13 145.258 -14.6423 0.1 24.5534
10.9397 2170.63 145.106 -14.6312 0.1 24.5534
10.9501 2172.13 144.955 -14.62 0.1 24.5534
10.9601 2173.58 144.809 -14.6089 0.1 24.5486
10.9701 2175.03 144.662 -14.5985 0.1 24.5534
10.9801 2176.48 144.516 -14.5874 0.1 24.5486
10.9902 2177.93 144.37 -14.577 0.1 24.5534
11.0002 2179.38 144.223 -14.5659 0.1 24.5486
11.0103 2180.83 144.077 -14.5555 0.1 24.5534
11.0204 2182.28 143.93 -14.5445 0.1 24.5485
11.0304 2183.73 143.784 -14.5341 0.1 24.5534
11.0405 2185.18 143.637 -14.5231 0.1 24.5485
11.0506 2186.63 143.491 -14.5128 0.1 24.5534
11.0607 2188.08 143.344 -14.5018 0.1 24.5485
11.0709 2189.53 143.197 -14.4914 0.1 24.5534
11.081 2190.98 143.05 -14.4805 0.1 24.5485
11.0911 2192.43 142.904 -14.4702 0.1 24.5534
11.1013 2193.88 142.757 -14.4593 0.1 24.5485
11.1114 2195.33 142.61 -14.449 0.1 24.5534
11.1216 2196.78 142.463 -14.4381 0.1 24.5485
11.1318 2198.23 142.316 -14.4278 0.1 24.5534
11.142 2199.68 142.169 -14.4169 0.1 24.5485
11.1522 2201.13 142.022 -14.4067 0.1 24.5534
11.1624 2202.58 141.875 -14.3958 0.1 24.5485
11.1726 2204.03 141.728 -14.3856 0.1 24.5534
11.1829 2205.48 141.58 -14.3748 0.1 24.5485
11.1931 2206.93 141.433 -14.3645 0.1 24.5535
11.2034 2208.38 141.286 -14.3537 0.1 24.5485
11.2137 2209.83 141.139 -14.3435 0.1 24.5535
11.2239 2211.28 140.991 -14.3328 0.1 24.5485
11.2342 2212.73 140.844 -14.3226 0.1 24.5535
11.2445 2214.18 140.696 -14.3118 0.1 24.5485
11.2548 2215.63 140.549 -14.3017 0.1 24.5535
11.2652 2217.08 140.401 -14.291 0.1 24.5485
11.2755 2218.53 140.254 -14.2808 0.1 24.5535
11.2858 2219.98 140.106 -14.2701 0.1 24.5485
11.2962 2221.43 139.958 -14.26 0.1 24.5535
11.3062 2222.83 139.816 -14.25 0.1 24.5535
11.3162 2224.23 139.673 -14.2399 0.1 24.5535
11.3262 2225.63 139.53 -14.2299 0.1 24.5535
11.3363 2227.03 139.387 -14.2199 0.1 24.5535
11.3463 2228.43 139.244 -14.2099 0.1 24.5535
11.3564 2229.83 139.102 -14.2 0.1 24.5535
11.3665 2231.23 138.959 -14.19 0.1 24.5535
11.3765 2232.63 138.816 -14.18 0.1 24.5535
11.3866 2234.03 138.673 -14.1701 0.1 24.5535
11.3967 2235.43 138.529 -14.1601 0.1 24.5535
11.4068 2236.83 138.386 -14.1502 0.1 24.5535
11.417 2238.23 138.243 -14.1403 0.1 24.5535
11.4271 2239.63 138.1 -14.1304 0.1 24.5535
11.4372 2241.03 137.957 -14.1205 0.1 24.5535
11.4474 2242.43 137.813 -14.1106 0.1 24.5535
11.4576 2243.83 137.67 -14.1007 0.1 24.5535
11.4677 2245.23 137.527 -14.0908 0.1 24.5535
11.4779 2246.63 137.383 -14.081 0.1 24.5535
11.4881 2248.03 137.24 -14.0711 0.1 24.5535
11.4983 2249.43 137.096 -14.0613 0.1 24.5535
11.5085 2250.83 136.952 -14.0514 0.1 24.5535
11.5188 2252.23 136.809 -14.0416 0.1 24.5535
11.529 2253.63 136.665 -14.0318 0.1 24.5535
11.5393 2255.03 136.521 -14.022 0.1 24.5535
11.5495 2256.43 136.377 -14.0122 0.1 24.5535
11.5598 2257.83 136.234 -14.0024 0.1 24.5535
11.5701 2259.23 136.09 -13.9927 0.1 24.5535
11.5804 2260.63 135.946 -13.9829 0.1 24.5536
11.5907 2262.03 135.802 -13.9732 0.1 24.5536
11.601 2263.43 135.658 -13.9634 0.1 24.5536
11.6113 2264.83 135.513 -13.9537 0.1 24.5536
11.6216 2266.23 135.369 -13.944 0.1 24.5536
11.632 2267.63 135.225 -13.9343 0.1 24.5536
11.6424 2269.03 135.081 -13.9246 0.1 24.5536
11.6527 2270.43 134.936 -13.9149 0.1 24.5536
11.6627 2271.78 134.797 -13.9053 0.1 24.5484
11.6728 2273.13 134.658 -13.8962 0.1 24.5536
11.6828 2274.48 134.519 -13.8866 0.1 24.5484
11.6928 2275.83 134.379 -13.8776 0.1 24.5536
11.7029 2277.18 134.24 -13.868 0.1 24.5484
11.7129 2278.53 134.1 -13.859 0.1 24.5536
11.723 2279.88 133.961 -13.8495 0.1 24.5484
11.7331 2281.23 133.821 -13.8405 0.1 24.5536
11.7432 2282.58 133.681 -13.8309 0.1 24.5484
11.7533 2283.93 133.542 -13.822 0.1 24.5536
11.7634 2285.28 133.402 -13.8124 0.1 24.5484
11.7735 2286.63 133.262 -13.8035 0.1 24.5536
11.7837 2287.98 133.122 -13.794 0.1 24.5483
11.7938 2289.33 132.982 -13.785 0.1 24.5536
11.804 2290.68 132.842 -13.7756 0.1 24.5483
11.8141 2292.03 132.702 -13.7666 0.1 24.5536
11.8243 2293.38 132.562 -13.7572 0.1 24.5483
11.8345 2294.73 132.422 -13.7483 0.1 24.5536
11.8447 2296.08 132.282 -13.7388 0.1 24.5483
11.8549 2297.43 132.142 -13.7299 0.1 24.5536
11.8651 2298.78 132.001 -13.7205 0.1 24.5483
11.8754 2300.13 131.861 -13.7116 0.1 24.5536
11.8856 2301.48 131.721 -13.7022 0.1 24.5483
11.8959 2302.83 131.58 -13.6934 0.1 24.5536
11.9061 2304.18 131.44 -13.684 0.1 24.5483
11.9164 2305.53 131.299 -13.6752 0.1 24.5536
11.9267 2306.88 131.158 -13.6658 0.1 24.5483
11.937 2308.23 131.018 -13.657 0.1 24.5536
11.9473 2309.58 130.877 -13.6476 0.1 24.5483
11.9576 2310.93 130.736 -13.6388 0.1 24.5537
11.968 2312.28 130.595 -13.6295 0.1 24.5483
11.9783 2313.63 130.454 -13.6207 0.1 24.5537
11.9887 2314.98 130.313 -13.6114 0.1 24.5483
11.999 2316.33 130.172 -13.6026 0.1 24.5537
12.0094 2317.68 130.031 -13.5934 0.1 24.5483
12.0194 2318.98 129.895 -13.5847 0.1 24.5483
12.0294 2320.28 129.759 -13.576 0.1 24.5483
12.0394 2321.58 129.623 -13.5673 0.1 24.5483
12.0495 2322.88 129.487 -13.5587 0.1 24.5483
12.0595 2324.18 129.351 -13.55 0.1 24.5483
12.0696 2325.48 129.215 -13.5414 0.1 24.5483
12.0796 2326.78 129.079 -13.5328 0.1 24.5483
12.0897 2328.08 128.942 -13.5241 0.1 24.5483
12.0998 2329.38 128.806 -13.5155 0.1 24.5483
12.1099 2330.68 128.669 -13.5069 0.1 24.5483
12.12 2331.98 128.533 -13.4983 0.1 24.5483
12.1301 2333.28 128.396 -13.4897 0.1 24.5483
12.1403 2334.58 128.26 -13.4811 0.1 24.5482
12.1504 2335.88 128.123 -13.4726 0.1 24.5482
12.1606 2337.18 127.986 -13.464 0.1 24.5482
12.1707 2338.48 127.85 -13.4554 0.1 24.5482
12.1809 2339.78 127.713 -13.4469 0.1 24.5482
12.1911 2341.08 127.576 -13.4383 0.1 24.5482
12.2013 2342.38 127.439 -13.4298 0.1 24.5482
12.2115 2343.68 127.302 -13.4213 0.1 24.5482
12.2217 2344.98 127.165 -13.4128 0.1 24.5482
12.2319 2346.28 127.028 -13.4042 0.1 24.5482
12.2422 2347.58 126.89 -13.3957 0.1 24.5482
12.2524 2348.88 126.753 -13.3872 0.1 24.5482
12.2627 2350.18 126.616 -13.3788 0.1 24.5482
12.273 2351.48 126.478 -13.3703 0.1 24.5482
12.2832 2352.78 126.341 -13.3618 0.1 24.5482
12.2935 2354.08 126.203 -13.3533 0.1 24.5482
12.3038 2355.38 126.066 -13.3449 0.1 24.5482
12.3142 2356.68 125.928 -13.3365 0.1 24.5482
12.3245 2357.98 125.79 -13.328 0.1 24.5482
12.3348 2359.28 125.653 -13.3196 0.1 24.5482
12.3452 2360.58 125.515 -13.3112 0.1 24.5482
12.3555 2361.88 125.377 -13.3027 0.1 24.5482
12.3659 2363.18 125.239 -13.2943 0.1 24.5482
12.3763 2364.48 125.101 -13.2859 0.1 24.5482
12.3867 2365.78 124.963 -13.2776 0.1 24.5482
12.3967 2367.03 124.83 -13.2698 0.1 24.5538
12.4067 2368.28 124.697 -13.2614 0.1 24.5482
12.4168 2369.53 124.564 -13.2537 0.1 24.5538
12.4268 2370.78 124.431 -13.2454 0.1 24.5482
12.4369 2372.03 124.298 -13.2376 0.1 24.5538
12.4469 2373.28 124.165 -13.2293 0.1 24.5482
12.457 2374.53 124.032 -13.2215 0.1 24.5538
12.4671 2375.78 123.898 -13.2133 0.1 24.5482
12.4772 2377.03 123.765 -13.2055 0.1 24.5538
12.4873 2378.28 123.632 -13.1973 0.1 24.5481
12.4974 2379.53 123.498 -13.1896 0.1 24.5538
12.5075 2380.78 123.365 -13.1813 0.1 24.5481
12.5177 2382.03 123.231 -13.1736 0.1 24.5538
12.5278 2383.28 123.097 -13.1654 0.1 24.5481
12.538 2384.53 122.964 -13.1577 0.1 24.5538
12.5481 2385.78 122.83 -13.1495 0.1 24.5481
12.5583 2387.03 122.696 -13.1418 0.1 24.5538
12.5685 2388.28 122.562 -13.1336 0.1 24.5481
12.5787 2389.53 122.428 -13.1259 0.1 24.5538
12.5889 2390.78 122.294 -13.1178 0.1 24.5481
12.5992 2392.03 122.16 -13.1101 0.1 24.5538
12.6094 2393.28 122.026 -13.1019 0.1 24.5481
12.6196 2394.53 121.892 -13.0943 0.1 24.5538
12.6299 2395.78 121.757 -13.0862 0.1 24.5481
12.6402 2397.03 121.623 -13.0785 0.1 24.5539
12.6505 2398.28 121.488 -13.0704 0.1 24.5481
12.6608 2399.53 121.354 -13.0628 0.1 24.5539
12.6711 2400.78 121.219 -13.0547 0.1 24.5481
12.6814 2402.03 121.085 -13.0471 0.1 24.5539
12.6917 2403.28 120.95 -13.039 0.1 24.5481
12.7021 2404.53 120.815 -13.0314 0.1 24.5539
12.7124 2405.78 120.68 -13.0233 0.1 24.5481
12.7228 2407.03 120.545 -13.0157 0.1 24.5539
12.7331 2408.28 120.41 -13.0076 0.1 24.5481
12.7435 2409.53 120.275 -13.0001 0.1 24.5539
12.7539 2410.78 120.14 -12.992 0.1 24.5481
12.7643 2412.03 120.005 -12.9845 0.1 24.5539
12.7743 2413.23 119.875 -12.977 0.1 24.5539
12.7844 2414.43 119.745 -12.9695 0.1 24.5539
12.7944 2415.63 119.615 -12.9621 0.1 24.5539
12.8044 2416.83 119.485 -12.9546 0.1 24.5539
12.8145 2418.03 119.355 -12.9471 0.1 24.5539
12.8245 2419.23 119.225 -12.9397 0.1 24.5539
12.8346 2420.43 119.094 -12.9323 0.1 24.5539
12.8447 2421.63 118.964 -12.9248 0.1 24.5539
12.8548 2422.83 118.834 -12.9174 0.1 24.5539
12.8649 2424.03 118.703 -12.91 0.1 24.5539
12.875 2425.23 118.573 -12.9026 0.1 24.5539
12.8851 2426.43 118.442 -12.8952 0.1 24.5539
12.8953 2427.63 118.311 -12.8878 0.1 24.5539
12.9054 2428.83 118.181 -12.8804 0.1 24.5539
12.9156 2430.03 118.05 -12.873 0.1 24.5539
12.9257 2431.23 117.919 -12.8656 0.1 24.5539
12.9359 2432.43 117.788 -12.8582 0.1 24.5539
12.9461 2433.63 117.657 -12.8508 0.1 24.554
12.9563 2434.83 117.526 -12.8435 0.1 24.554
12.9665 2436.03 117.395 -12.8361 0.1 24.554
12.9768 2437.23 117.263 -12.8288 0.1 24.554
12.987 2438.43 117.132 -12.8214 0.1 24.554
12.9973 2439.63 117.001 -12.8141 0.1 24.554
13.0075 2440.83 116.869 -12.8068 0.1 24.554
13.0178 2442.03 116.738 -12.7994 0.1 24.554
13.0281 2443.23 116.606 -12.7921 0.1 24.554
13.0384 2444.43 116.474 -12.7848 0.1 24.554
13.0487 2445.63 116.343 -12.7775 0.1 24.554
13.059 2446.83 116.211 -12.7702 0.1 24.554
13.0693 2448.03 116.079 -12.7629 0.1 24.554
13.0797 2449.23 115.947 -12.7556 0.1 24.554
13.09 2450.43 115.815 -12.7484 0.1 24.554
13.1004 2451.63 115.683 -12.7411 0.1 24.554
13.1108 2452.83 115.55 -12.7338 0.1 24.554
13.1212 2454.03 115.418 -12.7266 0.1 24.554
13.1316 2455.23 115.286 -12.7193 0.1 24.554
13.142 2456.43 115.153 -12.7121 0.1 24.554
13.1524 2457.63 115.021 -12.7048 0.1 24.554
13.1624 2458.78 114.894 -12.6977 0.1 24.5479
13.1724 2459.93 114.767 -12.691 0.1 24.554
13.1825 2461.08 114.639 -12.6838 0.1 24.5479
13.1925 2462.23 114.512 -12.6771 0.1 24.554
13.2026 2463.38 114.385 -12.67 0.1 24.5479
13.2126 2464.53 114.257 -12.6633 0.1 24.554
13.2227 2465.68 114.13 -12.6562 0.1 24.5479
13.2328 2466.83 114.002 -12.6495 0.1 24.554
13.2429 2467.98 113.875 -12.6424 0.1 24.5479
13.253 2469.13 113.747 -12.6358 0.1 24.5541
13.2631 2470.28 113.619 -12.6287 0.1 24.5479
13.2732 2471.43 113.491 -12.622 0.1 24.5541
13.2833 2472.58 113.363 -12.6149 0.1 24.5479
13.2935 2473.73 113.235 -12.6083 0.1 24.5541
13.3037 2474.88 113.107 -12.6012 0.1 24.5479
13.3138 2476.03 112.979 -12.5946 0.1 24.5541
13.324 2477.18 112.851 -12.5875 0.1 24.5479
13.3342 2478.33 112.723 -12.5809 0.1 24.5541
13.3444 2479.48 112.594 -12.5739 0.1 24.5479
13.3546 2480.63 112.466 -12.5673 0.1 24.5541
13.3649 2481.78 112.337 -12.5602 0.1 24.5479
13.3751 2482.93 112.209 -12.5537 0.1 24.5541
13.3854 2484.08 112.08 -12.5466 0.1 24.5479
13.3956 2485.23 111.951 -12.5401 0.1 24.5541
13.4059 2486.38 111.822 -12.533 0.1 24.5478
13.4162 2487.53 111.693 -12.5265 0.1 24.5541
13.4265 2488.68 111.564 -12.5195 0.1 24.5478
13.4368 2489.83 111.435 -12.5129 0.1 24.5541
13.4472 2490.98 111.306 -12.5059 0.1 24.5478
13.4575 2492.13 111.177 -12.4994 0.1 24.5541
13.4678 2493.28 111.047 -12.4924 0.1 24.5478
13.4782 2494.43 110.918 -12.4859 0.1 24.5541
13.4886 2495.58 110.789 -12.4789 0.1 24.5478
13.499 2496.73 110.659 -12.4724 0.1 24.5541
13.5094 2497.88 110.529 -12.4654 0.1 24.5478
13.5198 2499.03 110.4 -12.4589 0.1 24.5541
13.5302 2500.18 110.27 -12.452 0.1 24.5478
13.5406 2501.33 110.14 -12.4455 0.1 24.5542
13.5511 2502.48 110.01 -12.4385 0.1 24.5478
13.5611 2503.58 109.885 -12.4321 0.1 24.5478
13.5711 2504.68 109.761 -12.4257 0.1 24.5478
13.5811 2505.78 109.636 -12.4193 0.1 24.5478
13.5912 2506.88 109.512 -12.4129 0.1 24.5478
13.6012 2507.98 109.387 -12.4065 0.1 24.5478
13.6113 2509.08 109.262 -12.4001 0.1 24.5478
13.6214 2510.18 109.137 -12.3937 0.1 24.5478
13.6314 2511.28 109.012 -12.3874 0.1 24.5478
13.6415 2512.38 108.887 -12.381 0.1 24.5478
13.6516 2513.48 108.762 -12.3746 0.1 24.5478
13.6618 2514.58 108.637 -12.3682 0.1 24.5478
13.6719 2515.68 108.512 -12.3619 0.1 24.5478
13.682 2516.78 108.386 -12.3555 0.1 24.5477
13.6922 2517.88 108.261 -12.3492 0.1 24.5477
13.7024 2518.98 108.135 -12.3428 0.1 24.5477
13.7125 2520.08 108.01 -12.3365 0.1 24.5477
13.7227 2521.18 107.884 -12.3302 0.1 24.5477
13.7329 2522.28 107.758 -12.3238 0.1 24.5477
13.7431 2523.38 107.633 -12.3175 0.1 24.5477
13.7534 2524.48 107.507 -12.3112 0.1 24.5477
13.7636 2525.58 107.381 -12.3049 0.1 24.5477
13.7739 2526.68 107.255 -12.2986 0.1 24.5477
13.7841 2527.78 107.128 -12.2923 0.1 24.5477
13.7944 2528.88 107.002 -12.286 0.1 24.5477
13.8047 2529.98 106.876 -12.2797 0.1 24.5477
13.815 2531.08 106.749 -12.2734 0.1 24.5477
13.8253 2532.18 106.623 -12.2671 0.1 24.5477
13.8356 2533.28 106.496 -12.2608 0.1 24.5477
13.8459 2534.38 106.369 -12.2546 0.1 24.5477
13.8563 2535.48 106.243 -12.2483 0.1 24.5477
13.8667 2536.58 106.116 -12.242 0.1 24.5477
13.877 2537.68 105.989 -12.2358 0.1 24.5477
13.8874 2538.78 105.862 -12.2295 0.1 24.5477
13.8978 2539.88 105.735 -12.2233 0.1 24.5477
13.9082 2540.98 105.608 -12.217 0.1 24.5477
13.9186 2542.08 105.48 -12.2108 0.1 24.5477
13.9291 2543.18 105.353 -12.2046 0.1 24.5477
13.9395 2544.28 105.225 -12.1983 0.1 24.5477
13.95 2545.38 105.098 -12.1921 0.1 24.5476
13.9605 2546.48 104.97 -12.1859 0.1 24.5476
13.9705 2547.53 104.848 -12.1802 0.1 24.5543
13.9805 2548.58 104.726 -12.174 0.1 24.5476
13.9905 2549.63 104.604 -12.1683 0.1 24.5543
14.0006 2550.68 104.482 -12.1622 0.1 24.5476
14.0106 2551.73 104.36 -12.1565 0.1 24.5543
14.0207 2552.78 104.237 -12.1504 0.1 24.5476
14.0308 2553.83 104.115 -12.1447 0.1 24.5543
14.0409 2554.88 103.992 -12.1386 0.1 24.5476
14.051 2555.93 103.87 -12.1329 0.1 24.5543
14.0611 2556.98 103.747 -12.1268 0.1 24.5476
14.0712 2558.03 103.624 -12.1211 0.1 24.5544
14.0813 2559.08 103.501 -12.115 0.1 24.5476
14.0915 2560.13 103.378 -12.1094 0.1 24.5544
14.1017 2561.18 103.255 -12.1033 0.1 24.5476
14.1118 2562.23 103.132 -12.0976 0.1 24.5544
14.122 2563.28 103.009 -12.0916 0.1 24.5476
14.1322 2564.33 102.886 -12.0859 0.1 24.5544
14.1424 2565.38 102.762 -12.0799 0.1 24.5476
14.1527 2566.43 102.639 -12.0742 0.1 24.5544
14.1629 2567.48 102.515 -12.0682 0.1 24.5476
14.1731 2568.53 102.392 -12.0625 0.1 24.5544
14.1834 2569.58 102.268 -12.0565 0.1 24.5476
14.1937 2570.63 102.144 -12.0509 0.1 24.5544
14.204 2571.68 102.02 -12.0448 0.1 24.5475
14.2143 2572.73 101.896 -12.0392 0.1 24.5544
14.2246 2573.78 101.772 -12.0332 0.1 24.5475
14.2349 2574.83 101.648 -12.0276 0.1 24.5544
14.2452 2575.88 101.524 -12.0216 0.1 24.5475
14.2556 2576.93 101.399 -12.016 0.1 24.5544
14.2659 2577.98 101.275 -12.01 0.1 24.5475
14.2763 2579.03 101.15 -12.0044 0.1 24.5544
14.2867 2580.08 101.025 -11.9984 0.1 24.5475
14.2971 2581.13 100.901 -11.9928 0.1 24.5544
14.3075 2582.18 100.776 -11.9868 0.1 24.5475
14.3179 2583.23 100.651 -11.9812 0.1 24.5545
14.3284 2584.28 100.526 -11.9753 0.1 24.5475
14.3388 2585.33 100.401 -11.9697 0.1 24.5545
14.3493 2586.38 100.276 -11.9637 0.1 24.5475
14.3598 2587.43 100.15 -11.9582 0.1 24.5545
14.3703 2588.48 100.025 -11.9522 0.1 24.5475
14.3803 2589.48 99.9052 -11.9467 0.1 24.5475
14.3903 2590.48 99.7856 -11.9413 0.1 24.5475
14.4003 2591.48 99.6659 -11.9358 0.1 24.5475
14.4104 2592.48 99.5461 -11.9303 0.1 24.5475
14.4204 2593.48 99.4262 -11.9249 0.1 24.5475
14.4305 2594.48 99.3062 -11.9194 0.1 24.5475
14.4406 2595.48 99.1861 -11.914 0.1 24.5474
14.4506 2596.48 99.066 -11.9085 0.1 24.5474
14.4607 2597.48 98.9457 -11.9031 0.1 24.5474
14.4709 2598.48 98.8254 -11.8976 0.1 24.5474
14.481 2599.48 98.7049 -11.8922 0.1 24.5474
14.4911 2600.48 98.5844 -11.8868 0.1 24.5474
14.5013 2601.48 98.4638 -11.8813 0.1 24.5474
14.5114 2602.48 98.3431 -11.8759 0.1 24.5474
14.5216 2603.48 98.2222 -11.8705 0.1 24.5474
14.5318 2604.48 98.1013 -11.8651 0.1 24.5474
14.542 2605.48 97.9803 -11.8597 0.1 24.5474
14.5522 2606.48 97.8593 -11.8543 0.1 24.5474
14.5624 2607.48 97.7381 -11.8489 0.1 24.5474
14.5727 2608.48 97.6168 -11.8435 0.1 24.5474
14.5829 2609.48 97.4954 -11.8381 0.1 24.5474
14.5932 2610.48 97.3739 -11.8327 0.1 24.5474
14.6035 2611.48 97.2524 -11.8273 0.1 24.5474
14.6137 2612.48 97.1307 -11.8219 0.1 24.5474
14.624 2613.48 97.0089 -11.8165 0.1 24.5474
14.6344 2614.48 96.8871 -11.8111 0.1 24.5474
14.6447 2615.48 96.7651 -11.8058 0.1 24.5474
14.655 2616.48 96.6431 -11.8004 0.1 24.5474
14.6654 2617.48 96.5209 -11.795 0.1 24.5474
14.6758 2618.48 96.3987 -11.7897 0.1 24.5473
14.6861 2619.48 96.2763 -11.7843 0.1 24.5473
14.6965 2620.48 96.1538 -11.779 0.1 24.5473
14.7069 2621.48 96.0313 -11.7736 0.1 24.5473
14.7174 2622.48 95.9086 -11.7683 0.1 24.5473
14.7278 2623.48 95.7859 -11.7629 0.1 24.5473
14.7382 2624.48 95.663 -11.7576 0.1 24.5473
14.7487 2625.48 95.5401 -11.7523 0.1 24.5473
14.7592 2626.48 95.417 -11.7469 0.1 24.5473
14.7697 2627.48 95.2938 -11.7416 0.1 24.5473
14.7802 2628.48 95.1706 -11.7363 0.1 24.5473
14.7907 2629.48 95.0472 -11.731 0.1 24.5473
14.8007 2630.43 94.9299 -11.7261 0.1 24.5547
14.8107 2631.38 94.8125 -11.7209 0.1 24.5473
14.8207 2632.33 94.695 -11.716 0.1 24.5547
14.8308 2633.28 94.5774 -11.7108 0.1 24.5473
14.8408 2634.23 94.4597 -11.7059 0.1 24.5547
14.8509 2635.18 94.3419 -11.7007 0.1 24.5473
14.8609 2636.13 94.2241 -11.6959 0.1 24.5547
14.871 2637.08 94.1061 -11.6907 0.1 24.5473
14.8811 2638.03 93.988 -11.6858 0.1 24.5547
14.8913 2638.98 93.8699 -11.6806 0.1 24.5472
14.9014 2639.93 93.7516 -11.6758 0.1 24.5547
14.9115 2640.88 93.6332 -11.6706 0.1 24.5472
14.9217 2641.83 93.5148 -11.6658 0.1 24.5547
14.9318 2642.78 93.3962 -11.6606 0.1 24.5472
14.942 2643.73 93.2775 -11.6558 0.1 24.5547
14.9522 2644.68 93.1588 -11.6506 0.1 24.5472
14.9624 2645.63 93.0399 -11.6458 0.1 24.5547
14.9726 2646.58 92.921 -11.6406 0.1 24.5472
14.9829 2647.53 92.8019 -11.6358 0.1 24.5547
14.9931 2648.48 92.6827 -11.6307 0.1 24.5472
15.0034 2649.43 92.5634 -11.6259 0.1 24.5548
15.0136 2650.38 92.4441 -11.6207 0.1 24.5472
15.0239 2651.33 92.3246 -11.6159 0.1 24.5548
15.0342 2652.28 92.205 -11.6108 0.1 24.5472
15.0445 2653.23 92.0853 -11.606 0.1 24.5548
15.0548 2654.18 91.9656 -11.6009 0.1 24.5472
15.0652 2655.13 91.8457 -11.5961 0.1 24.5548
15.0755 2656.08 91.7257 -11.5909 0.1 24.5472
15.0859 2657.03 91.6056 -11.5862 0.1 24.5548
15.0963 2657.98 91.4853 -11.581 0.1 24.5472
15.1067 2658.93 91.365 -11.5763 0.1 24.5548
15.1171 2659.88 91.2446 -11.5712 0.1 24.5471
15.1275 2660.83 91.1241 -11.5664 0.1 24.5548
15.1379 2661.78 91.0034 -11.5613 0.1 24.5471
15.1484 2662.73 90.8827 -11.5565 0.1 24.5548
15.1588 2663.68 90.7618 -11.5514 0.1 24.5471
15.1693 2664.63 90.6409 -11.5467 0.1 24.5548
15.1798 2665.58 90.5198 -11.5416 0.1 24.5471
15.1903 2666.53 90.3986 -11.5369 0.1 24.5548
15.2008 2667.48 90.2773 -11.5318 0.1 24.5471
15.2113 2668.43 90.1559 -11.527 0.1 24.5549
15.2219 2669.38 90.0344 -11.522 0.1 24.5471
15.2319 2670.28 89.9191 -11.5173 0.1 24.5471
15.2419 2671.18 89.8038 -11.5127 0.1 24.5471
15.2519 2672.08 89.6884 -11.508 0.1 24.5471
15.262 2672.98 89.5728 -11.5034 0.1 24.5471
15.272 2673.88 89.4572 -11.4988 0.1 24.5471
15.2821 2674.78 89.3415 -11.4941 0.1 24.5471
15.2922 2675.68 89.2256 -11.4895 0.1 24.5471
15.3023 2676.58 89.1097 -11.4849 0.1 24.547
15.3124 2677.48 88.9936 -11.4803 0.1 24.547
15.3225 2678.38 88.8775 -11.4756 0.1 24.547
15.3326 2679.28 88.7612 -11.471 0.1 24.547
15.3428 2680.18 88.6448 -11.4664 0.1 24.547
15.3529 2681.08 88.5284 -11.4618 0.1 24.547
15.3631 2681.98 88.4118 -11.4572 0.1 24.547
15.3733 2682.88 88.2951 -11.4526 0.1 24.547
15.3835 2683.78 88.1783 -11.448 0.1 24.547
15.3937 2684.68 88.0614 -11.4434 0.1 24.547
15.4039 2685.58 87.9444 -11.4388 0.1 24.547
15.4142 2686.48 87.8273 -11.4342 0.1 24.547
15.4244 2687.38 87.71 -11.4296 0.1 24.547
15.4347 2688.28 87.5927 -11.4251 0.1 24.547
15.445 2689.18 87.4752 -11.4205 0.1 24.547
15.4553 2690.08 87.3577 -11.4159 0.1 24.547
15.4656 2690.98 87.24 -11.4113 0.1 24.547
15.4759 2691.88 87.1222 -11.4068 0.1 24.547
15.4863 2692.78 87.0043 -11.4022 0.1 24.547
15.4966 2693.68 86.8863 -11.3976 0.1 24.5469
15.507 2694.58 86.7682 -11.3931 0.1 24.5469
15.5174 2695.48 86.65 -11.3885 0.1 24.5469
15.5277 2696.38 86.5316 -11.384 0.1 24.5469
15.5382 2697.28 86.4131 -11.3794 0.1 24.5469
15.5486 2698.18 86.2946 -11.3749 0.1 24.5469
15.559 2699.08 86.1759 -11.3703 0.1 24.5469
15.5695 2699.98 86.0571 -11.3658 0.1 24.5469
15.5799 2700.88 85.9381 -11.3612 0.1 24.5469
15.5904 2701.78 85.8191 -11.3567 0.1 24.5469
15.6009 2702.68 85.6999 -11.3521 0.1 24.5469
15.6114 2703.58 85.5806 -11.3476 0.1 24.5469
15.6219 2704.48 85.4612 -11.3431 0.1 24.5469
15.6325 2705.38 85.3417 -11.3386 0.1 24.5469
15.643 2706.28 85.2221 -11.334 0.1 24.5469
15.6536 2707.18 85.1023 -11.3295 0.1 24.5469
15.6642 2708.08 84.9824 -11.325 0.1 24.5469
15.6742 2708.93 84.8691 -11.3209 0.1 24.5551
15.6842 2709.78 84.7557 -11.3165 0.1 24.5468
15.6943 2710.63 84.6421 -11.3124 0.1 24.5551
15.7043 2711.48 84.5285 -11.308 0.1 24.5468
15.7144 2712.33 84.4147 -11.3039 0.1 24.5551
15.7244 2713.18 84.3008 -11.2995 0.1 24.5468
15.7345 2714.03 84.1868 -11.2954 0.1 24.5551
15.7446 2714.88 84.0727 -11.291 0.1 24.5468
15.7548 2715.73 83.9585 -11.2869 0.1 24.5551
15.7649 2716.58 83.8442 -11.2825 0.1 24.5468
15.775 2717.43 83.7297 -11.2784 0.1 24.5552
15.7852 2718.28 83.6152 -11.274 0.1 24.5468
15.7954 2719.13 83.5005 -11.2699 0.1 24.5552
15.8055 2719.98 83.3857 -11.2656 0.1 24.5468
15.8157 2720.83 83.2708 -11.2615 0.1 24.5552
15.826 2721.68 83.1558 -11.2571 0.1 24.5468
15.8362 2722.53 83.0407 -11.253 0.1 24.5552
15.8464 2723.38 82.9254 -11.2487 0.1 24.5468
15.8567 2724.23 82.8101 -11.2446 0.1 24.5552
15.867 2725.08 82.6946 -11.2402 0.1 24.5467
15.8773 2725.93 82.579 -11.2362 0.1 24.5552
15.8876 2726.78 82.4633 -11.2318 0.1 24.5467
15.8979 2727.63 82.3474 -11.2278 0.1 24.5552
15.9082 2728.48 82.2315 -11.2234 0.1 24.5467
15.9185 2729.33 82.1154 -11.2194 0.1 24.5552
15.9289 2730.18 81.9992 -11.215 0.1 24.5467
15.9393 2731.03 81.8829 -11.211 0.1 24.5553
15.9497 2731.88 81.7665 -11.2066 0.1 24.5467
15.9601 2732.73 81.6499 -11.2026 0.1 24.5553
15.9705 2733.58 81.5332 -11.1983 0.1 24.5467
15.9809 2734.43 81.4164 -11.1942 0.1 24.5553
15.9914 2735.28 81.2995 -11.1899 0.1 24.5467
16.0018 2736.13 81.1824 -11.1859 0.1 24.5553
16.0123 2736.98 81.0652 -11.1815 0.1 24.5467
16.0228 2737.83 80.9479 -11.1775 0.1 24.5553
16.0333 2738.68 80.8305 -11.1732 0.1 24.5466
16.0438 2739.53 80.7129 -11.1692 0.1 24.5553
16.0544 2740.38 80.5952 -11.1649 0.1 24.5466
16.0649 2741.23 80.4774 -11.1608 0.1 24.5553
16.0755 2742.08 80.3594 -11.1565 0.1 24.5466
16.0861 2742.93 80.2414 -11.1525 0.1 24.5553
16.0967 2743.78 80.1232 -11.1482 0.1 24.5466
16.1073 2744.63 80.0048 -11.1442 0.1 24.5554
16.1173 2745.43 79.8933 -11.1403 0.1 24.5554
16.1273 2746.23 79.7817 -11.1364 0.1 24.5554
16.1374 2747.03 79.67 -11.1325 0.1 24.5554
16.1474 2747.83 79.5581 -11.1286 0.1 24.5554
16.1575 2748.63 79.4462 -11.1247 0.1 24.5554
16.1676 2749.43 79.3341 -11.1208 0.1 24.5554
16.1776 2750.23 79.2219 -11.1169 0.1 24.5554
16.1878 2751.03 79.1096 -11.113 0.1 24.5554
16.1979 2751.83 78.9971 -11.1091 0.1 24.5554
16.208 2752.63 78.8845 -11.1053 0.1 24.5554
16.2182 2753.43 78.7719 -11.1014 0.1 24.5554
16.2283 2754.23 78.659 -11.0975 0.1 24.5554
16.2385 2755.03 78.5461 -11.0936 0.1 24.5554
16.2487 2755.83 78.4331 -11.0897 0.1 24.5554
16.2589 2756.63 78.3199 -11.0859 0.1 24.5554
16.2691 2757.43 78.2066 -11.082 0.1 24.5555
16.2794 2758.23 78.0932 -11.0781 0.1 24.5555
16.2896 2759.03 77.9796 -11.0743 0.1 24.5555
16.2999 2759.83 77.8659 -11.0704 0.1 24.5555
16.3102 2760.63 77.7521 -11.0665 0.1 24.5555
16.3205 2761.43 77.6382 -11.0627 0.1 24.5555
16.3308 2762.23 77.5241 -11.0588 0.1 24.5555
16.3411 2763.03 77.4099 -11.055 0.1 24.5555
16.3514 2763.83 77.2956 -11.0511 0.1 24.5555
16.3618 2764.63 77.1812 -11.0473 0.1 24.5555
16.3722 2765.43 77.0666 -11.0434 0.1 24.5555
16.3826 2766.23 76.9519 -11.0396 0.1 24.5555
16.393 2767.03 76.8371 -11.0357 0.1 24.5555
16.4034 2767.83 76.7221 -11.0319 0.1 24.5555
16.4138 2768.63 76.607 -11.028 0.1 24.5555
16.4243 2769.43 76.4918 -11.0242 0.1 24.5556
16.4347 2770.23 76.3764 -11.0204 0.1 24.5556
16.4452 2771.03 76.2609 -11.0165 0.1 24.5556
16.4557 2771.83 76.1452 -11.0127 0.1 24.5556
16.4662 2772.63 76.0295 -11.0089 0.1 24.5556
16.4768 2773.43 75.9136 -11.005 0.1 24.5556
16.4873 2774.23 75.7975 -11.0012 0.1 24.5556
16.4979 2775.03 75.6813 -10.9974 0.1 24.5556
16.5085 2775.83 75.565 -10.9936 0.1 24.5556
16.519 2776.63 75.4485 -10.9898 0.1 24.5556
16.5297 2777.43 75.3319 -10.9859 0.1 24.5556
16.5403 2778.23 75.2152 -10.9821 0.1 24.5556
16.5509 2779.03 75.0983 -10.9783 0.1 24.5556
16.5616 2779.83 74.9813 -10.9745 0.1 24.5556
16.5716 2780.58 74.8715 -10.9708 0.1 24.5463
16.5816 2781.33 74.7615 -10.9674 0.1 24.5557
16.5917 2782.08 74.6514 -10.9637 0.1 24.5463
16.6017 2782.83 74.5412 -10.9602 0.1 24.5557
16.6118 2783.58 74.4308 -10.9565 0.1 24.5463
16.6219 2784.33 74.3204 -10.9531 0.1 24.5557
16.632 2785.08 74.2098 -10.9494 0.1 24.5463
16.6421 2785.83 74.099 -10.946 0.1 24.5557
16.6522 2786.58 73.9882 -10.9423 0.1 24.5462
16.6624 2787.33 73.8772 -10.9389 0.1 24.5557
16.6725 2788.08 73.7661 -10.9352 0.1 24.5462
16.6827 2788.83 73.6548 -10.9318 0.1 24.5557
16.6929 2789.58 73.5434 -10.9281 0.1 24.5462
16.7031 2790.33 73.4319 -10.9247 0.1 24.5557
16.7133 2791.08 73.3203 -10.921 0.1 24.5462
16.7236 2791.83 73.2085 -10.9176 0.1 24.5558
16.7338 2792.58 73.0966 -10.914 0.1 24.5462
16.7441 2793.33 72.9845 -10.9106 0.1 24.5558
16.7544 2794.08 72.8723 -10.9069 0.1 24.5462
16.7647 2794.83 72.76 -10.9035 0.1 24.5558
16.775 2795.58 72.6475 -10.8998 0.1 24.5462
16.7853 2796.33 72.5349 -10.8964 0.1 24.5558
16.7957 2797.08 72.4222 -10.8928 0.1 24.5461
16.806 2797.83 72.3093 -10.8894 0.1 24.5558
16.8164 2798.58 72.1963 -10.8857 0.1 24.5461
16.8268 2799.33 72.0831 -10.8824 0.1 24.5558
16.8372 2800.08 71.9698 -10.8787 0.1 24.5461
16.8476 2800.83 71.8564 -10.8753 0.1 24.5558
16.8581 2801.58 71.7428 -10.8717 0.1 24.5461
16.8686 2802.33 71.6291 -10.8683 0.1 24.5559
16.879 2803.08 71.5152 -10.8647 0.1 24.5461
16.8895 2803.83 71.4012 -10.8613 0.1 24.5559
16.9 2804.58 71.287 -10.8576 0.1 24.5461
16.9106 2805.33 71.1727 -10.8543 0.1 24.5559
16.9211 2806.08 71.0582 -10.8506 0.1 24.5461
16.9317 2806.83 70.9436 -10.8473 0.1 24.5559
16.9423 2807.58 70.8289 -10.8436 0.1 24.546
16.9529 2808.33 70.714 -10.8403 0.1 24.5559
16.9635 2809.08 70.5989 -10.8366 0.1 24.546
16.9741 2809.83 70.4837 -10.8333 0.1 24.5559
16.9848 2810.58 70.3684 -10.8297 0.1 24.546
16.9954 2811.33 70.2529 -10.8263 0.1 24.556
17.0061 2812.08 70.1372 -10.8227 0.1 24.546
17.0168 2812.83 70.0214 -10.8193 0.1 24.556
17.0268 2813.53 69.9132 -10.8161 0.1 24.556
17.0368 2814.23 69.8048 -10.8128 0.1 24.556
17.0469 2814.93 69.6963 -10.8096 0.1 24.556
17.0569 2815.63 69.5876 -10.8063 0.1 24.556
17.067 2816.33 69.4789 -10.8031 0.1 24.556
17.0771 2817.03 69.37 -10.7999 0.1 24.556
17.0872 2817.73 69.2609 -10.7966 0.1 24.556
17.0973 2818.43 69.1517 -10.7934 0.1 24.556
17.1074 2819.13 69.0424 -10.7901 0.1 24.556
17.1176 2819.83 68.9329 -10.7869 0.1 24.5561
17.1277 2820.53 68.8233 -10.7837 0.1 24.5561
17.1379 2821.23 68.7135 -10.7804 0.1 24.5561
17.1481 2821.93 68.6036 -10.7772 0.1 24.5561
17.1583 2822.63 68.4936 -10.774 0.1 24.5561
17.1686 2823.33 68.3834 -10.7708 0.1 24.5561
17.1788 2824.03 68.2731 -10.7675 0.1 24.5561
17.1891 2824.73 68.1626 -10.7643 0.1 24.5561
17.1993 2825.43 68.052 -10.7611 0.1 24.5561
17.2096 2826.13 67.9412 -10.7579 0.1 24.5561
17.22 2826.83 67.8303 -10.7546 0.1 24.5561
17.2303 2827.53 67.7192 -10.7514 0.1 24.5561
17.2406 2828.23 67.608 -10.7482 0.1 24.5562
17.251 2828.93 67.4966 -10.745 0.1 24.5562
17.2614 2829.63 67.3851 -10.7418 0.1 24.5562
17.2718 2830.33 67.2735 -10.7386 0.1 24.5562
17.2822 2831.03 67.1616 -10.7354 0.1 24.5562
17.2926 2831.73 67.0497 -10.7322 0.1 24.5562
17.3031 2832.43 66.9375 -10.7289 0.1 24.5562
17.3135 2833.13 66.8253 -10.7257 0.1 24.5562
17.324 2833.83 66.7128 -10.7225 0.1 24.5562
17.3345 2834.53 66.6002 -10.7193 0.1 24.5562
17.345 2835.23 66.4875 -10.7161 0.1 24.5562
17.3556 2835.93 66.3746 -10.7129 0.1 24.5563
17.3661 2836.63 66.2615 -10.7097 0.1 24.5563
17.3767 2837.33 66.1483 -10.7065 0.1 24.5563
17.3873 2838.03 66.0349 -10.7034 0.1 24.5563
17.3979 2838.73 65.9214 -10.7002 0.1 24.5563
17.4085 2839.43 65.8077 -10.697 0.1 24.5563
17.4192 2840.13 65.6938 -10.6938 0.1 24.5563
17.4298 2840.83 65.5798 -10.6906 0.1 24.5563
17.4405 2841.53 65.4656 -10.6874 0.1 24.5563
17.4512 2842.23 65.3512 -10.6842 0.1 24.5563
17.462 2842.93 65.2367 -10.6811 0.1 24.5563
17.4727 2843.63 65.122 -10.6779 0.1 24.5564
17.4835 2844.33 65.0071 -10.6747 0.1 24.5564
17.4935 2844.98 64.9003 -10.6716 0.1 24.5456
17.5035 2845.63 64.7933 -10.6688 0.1 24.5564
17.5135 2846.28 64.6862 -10.6657 0.1 24.5456
17.5236 2846.93 64.579 -10.6629 0.1 24.5564
17.5337 2847.58 64.4716 -10.6598 0.1 24.5455
17.5437 2848.23 64.364 -10.657 0.1 24.5564
17.5539 2848.88 64.2563 -10.654 0.1 24.5455
17.564 2849.53 64.1484 -10.6511 0.1 24.5564
17.5741 2850.18 64.0404 -10.6481 0.1 24.5455
17.5843 2850.83 63.9323 -10.6453 0.1 24.5565
17.5945 2851.48 63.824 -10.6422 0.1 24.5455
17.6047 2852.13 63.7155 -10.6394 0.1 24.5565
17.6149 2852.78 63.6069 -10.6363 0.1 24.5455
17.6251 2853.43 63.4981 -10.6335 0.1 24.5565
17.6353 2854.08 63.3892 -10.6305 0.1 24.5455
17.6456 2854.73 63.2801 -10.6277 0.1 24.5565
17.6559 2855.38 63.1708 -10.6246 0.1 24.5454
17.6662 2856.03 63.0614 -10.6218 0.1 24.5565
17.6765 2856.68 62.9518 -10.6188 0.1 24.5454
17.6868 2857.33 62.8421 -10.616 0.1 24.5565
17.6972 2857.98 62.7322 -10.6129 0.1 24.5454
17.7076 2858.63 62.6222 -10.6101 0.1 24.5566
17.7179 2859.28 62.5119 -10.6071 0.1 24.5454
17.7284 2859.93 62.4016 -10.6043 0.1 24.5566
17.7388 2860.58 62.291 -10.6013 0.1 24.5454
17.7492 2861.23 62.1803 -10.5985 0.1 24.5566
17.7597 2861.88 62.0694 -10.5954 0.1 24.5453
17.7702 2862.53 61.9584 -10.5926 0.1 24.5566
17.7807 2863.18 61.8472 -10.5896 0.1 24.5453
17.7912 2863.83 61.7358 -10.5868 0.1 24.5566
17.8017 2864.48 61.6242 -10.5838 0.1 24.5453
17.8123 2865.13 61.5125 -10.581 0.1 24.5567
17.8229 2865.78 61.4006 -10.578 0.1 24.5453
17.8335 2866.43 61.2885 -10.5752 0.1 24.5567
17.8441 2867.08 61.1763 -10.5722 0.1 24.5453
17.8547 2867.73 61.0638 -10.5694 0.1 24.5567
17.8654 2868.38 60.9512 -10.5664 0.1 24.5452
17.876 2869.03 60.8385 -10.5636 0.1 24.5567
17.8867 2869.68 60.7255 -10.5606 0.1 24.5452
17.8975 2870.33 60.6124 -10.5578 0.1 24.5568
17.9082 2870.98 60.499 -10.5548 0.1 24.5452
17.9189 2871.63 60.3855 -10.552 0.1 24.5568
17.9297 2872.28 60.2719 -10.549 0.1 24.5452
17.9405 2872.93 60.158 -10.5462 0.1 24.5568
17.9513 2873.58 60.0439 -10.5432 0.1 24.5451
17.9613 2874.18 59.9385 -10.5406 0.1 24.5451
17.9714 2874.78 59.8329 -10.5379 0.1 24.5451
17.9814 2875.38 59.7271 -10.5352 0.1 24.5451
17.9914 2875.98 59.6212 -10.5326 0.1 24.5451
18.0015 2876.58 59.5151 -10.5299 0.1 24.5451
18.0116 2877.18 59.4089 -10.5273 0.1 24.5451
18.0217 2877.78 59.3025 -10.5246 0.1 24.5451
18.0318 2878.38 59.1959 -10.522 0.1 24.5451
18.042 2878.98 59.0892 -10.5193 0.1 24.5451
18.0522 2879.58 58.9823 -10.5166 0.1 24.545
18.0623 2880.18 58.8752 -10.514 0.1 24.545
18.0725 2880.78 58.768 -10.5113 0.1 24.545
18.0828 2881.38 58.6605 -10.5087 0.1 24.545
18.093 2881.98 58.553 -10.506 0.1 24.545
18.1033 2882.58 58.4452 -10.5034 0.1 24.545
18.1135 2883.18 58.3373 -10.5007 0.1 24.545
18.1238 2883.78 58.2292 -10.4981 0.1 24.545
18.1341 2884.38 58.1209 -10.4955 0.1 24.545
18.1445 2884.98 58.0125 -10.4928 0.1 24.5449
18.1548 2885.58 57.9039 -10.4902 0.1 24.5449
18.1652 2886.18 57.7951 -10.4875 0.1 24.5449
18.1756 2886.78 57.6861 -10.4849 0.1 24.5449
18.186 2887.38 57.5769 -10.4822 0.1 24.5449
18.1964 2887.98 57.4676 -10.4796 0.1 24.5449
18.2069 2888.58 57.3581 -10.477 0.1 24.5449
18.2174 2889.18 57.2484 -10.4743 0.1 24.5449
18.2279 2889.78 57.1385 -10.4717 0.1 24.5449
18.2384 2890.38 57.0285 -10.4691 0.1 24.5448
18.2489 2890.98 56.9182 -10.4664 0.1 24.5448
18.2594 2891.58 56.8078 -10.4638 0.1 24.5448
18.27 2892.18 56.6972 -10.4612 0.1 24.5448
18.2806 2892.78 56.5864 -10.4585 0.1 24.5448
18.2912 2893.38 56.4754 -10.4559 0.1 24.5448
18.3019 2893.98 56.3642 -10.4533 0.1 24.5448
18.3125 2894.58 56.2528 -10.4507 0.1 24.5448
18.3232 2895.18 56.1412 -10.448 0.1 24.5447
18.3339 2895.78 56.0295 -10.4454 0.1 24.5447
18.3446 2896.38 55.9175 -10.4428 0.1 24.5447
18.3554 2896.98 55.8053 -10.4402 0.1 24.5447
18.3661 2897.58 55.693 -10.4376 0.1 24.5447
18.3769 2898.18 55.5804 -10.4349 0.1 24.5447
18.3877 2898.78 55.4677 -10.4323 0.1 24.5447
18.3985 2899.38 55.3547 -10.4297 0.1 24.5447
18.4094 2899.98 55.2415 -10.4271 0.1 24.5446
18.4203 2900.58 55.1282 -10.4245 0.1 24.5446
18.4312 2901.18 55.0146 -10.4219 0.1 24.5446
18.4412 2901.73 54.9103 -10.4196 0.1 24.5574
18.4512 2902.28 54.8059 -10.4171 0.1 24.5446
18.4612 2902.83 54.7012 -10.4148 0.1 24.5574
18.4713 2903.38 54.5964 -10.4123 0.1 24.5446
18.4814 2903.93 54.4914 -10.41 0.1 24.5574
18.4915 2904.48 54.3863 -10.4075 0.1 24.5445
18.5016 2905.03 54.2809 -10.4052 0.1 24.5574
18.5118 2905.58 54.1754 -10.4027 0.1 24.5445
18.5219 2906.13 54.0697 -10.4004 0.1 24.5574
18.5321 2906.68 53.9638 -10.398 0.1 24.5445
18.5423 2907.23 53.8577 -10.3957 0.1 24.5575
18.5525 2907.78 53.7514 -10.3932 0.1 24.5445
18.5628 2908.33 53.645 -10.3909 0.1 24.5575
18.573 2908.88 53.5384 -10.3884 0.1 24.5444
18.5833 2909.43 53.4315 -10.3861 0.1 24.5575
18.5936 2909.98 53.3245 -10.3837 0.1 24.5444
18.604 2910.53 53.2173 -10.3814 0.1 24.5576
18.6143 2911.08 53.1099 -10.3789 0.1 24.5444
18.6247 2911.63 53.0023 -10.3766 0.1 24.5576
18.6351 2912.18 52.8945 -10.3742 0.1 24.5444
18.6455 2912.73 52.7866 -10.3719 0.1 24.5576
18.6559 2913.28 52.6784 -10.3694 0.1 24.5443
18.6664 2913.83 52.57 -10.3671 0.1 24.5576
18.6768 2914.38 52.4614 -10.3647 0.1 24.5443
18.6873 2914.93 52.3527 -10.3624 0.1 24.5577
18.6978 2915.48 52.2437 -10.3599 0.1 24.5443
18.7084 2916.03 52.1345 -10.3576 0.1 24.5577
18.7189 2916.58 52.0251 -10.3552 0.1 24.5443
18.7295 2917.13 51.9156 -10.3529 0.1 24.5577
18.7401 2917.68 51.8058 -10.3505 0.1 24.5442
18.7508 2918.23 51.6958 -10.3482 0.1 24.5577
18.7614 2918.78 51.5856 -10.3457 0.1 24.5442
18.7721 2919.33 51.4751 -10.3435 0.1 24.5578
18.7828 2919.88 51.3645 -10.341 0.1 24.5442
18.7935 2920.43 51.2537 -10.3387 0.1 24.5578
18.8043 2920.98 51.1426 -10.3363 0.1 24.5441
18.815 2921.53 51.0313 -10.334 0.1 24.5578
18.8258 2922.08 50.9198 -10.3316 0.1 24.5441
18.8366 2922.63 50.8081 -10.3293 0.1 24.5579
18.8475 2923.18 50.6962 -10.3268 0.1 24.5441
18.8583 2923.73 50.584 -10.3246 0.1 24.5579
18.8692 2924.28 50.4716 -10.3221 0.1 24.544
18.8801 2924.83 50.359 -10.3199 0.1 24.5579
18.8911 2925.38 50.2462 -10.3174 0.1 24.544
18.902 2925.93 50.1331 -10.3152 0.1 24.558
18.913 2926.48 50.0198 -10.3127 0.1 24.544
18.923 2926.98 49.9167 -10.3106 0.1 24.544
18.933 2927.48 49.8133 -10.3084 0.1 24.544
18.9431 2927.98 49.7097 -10.3063 0.1 24.5439
18.9532 2928.48 49.6059 -10.3042 0.1 24.5439
18.9632 2928.98 49.5019 -10.302 0.1 24.5439
18.9734 2929.48 49.3978 -10.2999 0.1 24.5439
18.9835 2929.98 49.2934 -10.2978 0.1 24.5439
18.9936 2930.48 49.1889 -10.2956 0.1 24.5439
19.0038 2930.98 49.0841 -10.2935 0.1 24.5438
19.014 2931.48 48.9791 -10.2914 0.1 24.5438
19.0242 2931.98 48.8739 -10.2892 0.1 24.5438
19.0345 2932.48 48.7686 -10.2871 0.1 24.5438
19.0447 2932.98 48.663 -10.285 0.1 24.5438
19.055 2933.48 48.5572 -10.2829 0.1 24.5438
19.0653 2933.98 48.4512 -10.2807 0.1 24.5438
19.0757 2934.48 48.345 -10.2786 0.1 24.5437
19.086 2934.98 48.2386 -10.2765 0.1 24.5437
19.0964 2935.48 48.1319 -10.2744 0.1 24.5437
19.1068 2935.98 48.0251 -10.2722 0.1 24.5437
19.1172 2936.48 47.918 -10.2701 0.1 24.5437
19.1277 2936.98 47.8107 -10.268 0.1 24.5437
19.1382 2937.48 47.7032 -10.2659 0.1 24.5436
19.1486 2937.98 47.5955 -10.2637 0.1 24.5436
19.1592 2938.48 47.4876 -10.2616 0.1 24.5436
19.1697 2938.98 47.3794 -10.2595 0.1 24.5436
19.1803 2939.48 47.271 -10.2574 0.1 24.5436
19.1909 2939.98 47.1624 -10.2553 0.1 24.5436
19.2015 2940.48 47.0535 -10.2532 0.1 24.5435
19.2121 2940.98 46.9444 -10.251 0.1 24.5435
19.2228 2941.48 46.8351 -10.2489 0.1 24.5435
19.2335 2941.98 46.7256 -10.2468 0.1 24.5435
19.2442 2942.48 46.6158 -10.2447 0.1 24.5435
19.2549 2942.98 46.5058 -10.2426 0.1 24.5435
19.2657 2943.48 46.3955 -10.2405 0.1 24.5434
19.2765 2943.98 46.2851 -10.2384 0.1 24.5434
19.2873 2944.48 46.1743 -10.2362 0.1 24.5434
19.2981 2944.98 46.0633 -10.2341 0.1 24.5434
19.309 2945.48 45.9521 -10.232 0.1 24.5434
19.3199 2945.98 45.8406 -10.2299 0.1 24.5433
19.3308 2946.48 45.7289 -10.2278 0.1 24.5433
19.3418 2946.98 45.617 -10.2257 0.1 24.5433
19.3528 2947.48 45.5047 -10.2236 0.1 24.5433
19.3638 2947.98 45.3923 -10.2215 0.1 24.5433
19.3748 2948.48 45.2795 -10.2194 0.1 24.5432
19.3858 2948.98 45.1665 -10.2173 0.1 24.5432
19.3969 2949.48 45.0533 -10.2152 0.1 24.5432
19.4069 2949.93 44.9511 -10.2134 0.1 24.5588
19.417 2950.38 44.8488 -10.2114 0.1 24.5432
19.427 2950.83 44.7462 -10.2096 0.1 24.5588
19.4371 2951.28 44.6434 -10.2076 0.1 24.5431
19.4472 2951.73 44.5404 -10.2058 0.1 24.5588
19.4573 2952.18 44.4372 -10.2038 0.1 24.5431
19.4674 2952.63 44.3337 -10.202 0.1 24.5589
19.4776 2953.08 44.23 -10.2001 0.1 24.5431
19.4878 2953.53 44.1261 -10.1982 0.1 24.5589
19.498 2953.98 44.022 -10.1963 0.1 24.543
19.5082 2954.43 43.9176 -10.1945 0.1 24.5589
19.5185 2954.88 43.8131 -10.1925 0.1 24.543
19.5288 2955.33 43.7082 -10.1907 0.1 24.559
19.5391 2955.78 43.6032 -10.1887 0.1 24.543
19.5494 2956.23 43.4979 -10.1869 0.1 24.559
19.5598 2956.68 43.3924 -10.185 0.1 24.5429
19.5702 2957.13 43.2866 -10.1832 0.1 24.5591
19.5806 2957.58 43.1806 -10.1812 0.1 24.5429
19.591 2958.03 43.0744 -10.1794 0.1 24.5591
19.6015 2958.48 42.9679 -10.1774 0.1 24.5428
19.6119 2958.93 42.8612 -10.1756 0.1 24.5591
19.6225 2959.38 42.7542 -10.1737 0.1 24.5428
19.633 2959.83 42.647 -10.1719 0.1 24.5592
19.6436 2960.28 42.5395 -10.1699 0.1 24.5428
19.6542 2960.73 42.4318 -10.1681 0.1 24.5592
19.6648 2961.18 42.3238 -10.1662 0.1 24.5427
19.6754 2961.63 42.2156 -10.1644 0.1 24.5593
19.6861 2962.08 42.1071 -10.1624 0.1 24.5427
19.6968 2962.53 41.9984 -10.1606 0.1 24.5593
19.7075 2962.98 41.8894 -10.1586 0.1 24.5426
19.7183 2963.43 41.7801 -10.1568 0.1 24.5594
19.7291 2963.88 41.6705 -10.1549 0.1 24.5426
19.7399 2964.33 41.5607 -10.1531 0.1 24.5594
19.7507 2964.78 41.4506 -10.1511 0.1 24.5425
19.7616 2965.23 41.3403 -10.1494 0.1 24.5594
19.7725 2965.68 41.2296 -10.1474 0.1 24.5425
19.7834 2966.13 41.1187 -10.1456 0.1 24.5595
19.7944 2966.58 41.0076 -10.1437 0.1 24.5424
19.8054 2967.03 40.8961 -10.1419 0.1 24.5595
19.8164 2967.48 40.7843 -10.1399 0.1 24.5424
19.8275 2967.93 40.6723 -10.1381 0.1 24.5596
19.8385 2968.38 40.56 -10.1362 0.1 24.5423
19.8497 2968.83 40.4473 -10.1344 0.1 24.5596
19.8608 2969.28 40.3344 -10.1324 0.1 24.5423
19.872 2969.73 40.2212 -10.1306 0.1 24.5597
19.8832 2970.18 40.1077 -10.1287 0.1 24.5423
19.8944 2970.63 39.9939 -10.1269 0.1 24.5597
19.9044 2971.03 39.8925 -10.1253 0.1 24.5597
19.9145 2971.43 39.7908 -10.1236 0.1 24.5598
19.9245 2971.83 39.6889 -10.1219 0.1 24.5598
19.9346 2972.23 39.5868 -10.1203 0.1 24.5598
19.9448 2972.63 39.4844 -10.1186 0.1 24.5598
19.9549 2973.03 39.3817 -10.117 0.1 24.5599
19.9651 2973.43 39.2788 -10.1153 0.1 24.5599
19.9753 2973.83 39.1757 -10.1136 0.1 24.5599
19.9855 2974.23 39.0722 -10.112 0.1 24.5599
19.9957 2974.63 38.9686 -10.1103 0.1 24.56
20.006 2975.03 38.8647 -10.1087 0.1 24.56
20.0163 2975.43 38.7605 -10.107 0.1 24.56
20.0267 2975.83 38.656 -10.1054 0.1 24.56
20.037 2976.23 38.5513 -10.1037 0.1 24.5601
20.0474 2976.63 38.4463 -10.1021 0.1 24.5601
20.0578 2977.03 38.3411 -10.1004 0.1 24.5601
20.0683 2977.43 38.2355 -10.0988 0.1 24.5601
20.0788 2977.83 38.1297 -10.0971 0.1 24.5602
20.0893 2978.23 38.0237 -10.0955 0.1 24.5602
20.0998 2978.63 37.9173 -10.0938 0.1 24.5602
20.1104 2979.03 37.8107 -10.0922 0.1 24.5602
20.121 2979.43 37.7037 -10.0905 0.1 24.5603
20.1316 2979.83 37.5965 -10.0889 0.1 24.5603
20.1423 2980.23 37.489 -10.0872 0.1 24.5603
20.1529 2980.63 37.3812 -10.0856 0.1 24.5603
20.1637 2981.03 37.2731 -10.0839 0.1 24.5604
20.1744 2981.43 37.1648 -10.0823 0.1 24.5604
20.1852 2981.83 37.0561 -10.0806 0.1 24.5604
20.196 2982.23 36.9471 -10.079 0.1 24.5604
20.2069 2982.63 36.8378 -10.0773 0.1 24.5605
20.2177 2983.03 36.7282 -10.0757 0.1 24.5605
20.2286 2983.43 36.6183 -10.074 0.1 24.5605
20.2396 2983.83 36.5081 -10.0724 0.1 24.5606
20.2506 2984.23 36.3975 -10.0707 0.1 24.5606
20.2616 2984.63 36.2867 -10.0691 0.1 24.5606
20.2726 2985.03 36.1755 -10.0674 0.1 24.5607
20.2837 2985.43 36.064 -10.0658 0.1 24.5607
20.2948 2985.83 35.9522 -10.0641 0.1 24.5607
20.3059 2986.23 35.84 -10.0625 0.1 24.5607
20.3171 2986.63 35.7275 -10.0609 0.1 24.5608
20.3283 2987.03 35.6147 -10.0592 0.1 24.5608
20.3396 2987.43 35.5015 -10.0576 0.1 24.5608
20.3509 2987.83 35.388 -10.0559 0.1 24.5609
20.3622 2988.23 35.2742 -10.0543 0.1 24.5609
20.3736 2988.63 35.1599 -10.0526 0.1 24.5609
20.385 2989.03 35.0454 -10.051 0.1 24.561
20.395 2989.38 34.9448 -10.0495 0.1 24.541
20.405 2989.73 34.844 -10.0481 0.1 24.561
20.4151 2990.08 34.7429 -10.0466 0.1 24.5409
20.4251 2990.43 34.6416 -10.0452 0.1 24.5611
20.4353 2990.78 34.5399 -10.0437 0.1 24.5408
20.4454 2991.13 34.438 -10.0424 0.1 24.5611
20.4556 2991.48 34.3358 -10.0409 0.1 24.5408
20.4658 2991.83 34.2332 -10.0395 0.1 24.5612
20.476 2992.18 34.1304 -10.038 0.1 24.5407
20.4863 2992.53 34.0273 -10.0366 0.1 24.5613
20.4966 2992.88 33.9239 -10.0351 0.1 24.5407
20.507 2993.23 33.8202 -10.0338 0.1 24.5613
20.5173 2993.58 33.7162 -10.0323 0.1 24.5406
20.5277 2993.93 33.6119 -10.0309 0.1 24.5614
20.5382 2994.28 33.5072 -10.0294 0.1 24.5405
20.5486 2994.63 33.4023 -10.028 0.1 24.5615
20.5591 2994.98 33.297 -10.0265 0.1 24.5405
20.5696 2995.33 33.1915 -10.0252 0.1 24.5615
20.5802 2995.68 33.0856 -10.0237 0.1 24.5404
20.5908 2996.03 32.9793 -10.0223 0.1 24.5616
20.6014 2996.38 32.8728 -10.0208 0.1 24.5403
20.6121 2996.73 32.7659 -10.0194 0.1 24.5617
20.6228 2997.08 32.6587 -10.0179 0.1 24.5403
20.6335 2997.43 32.5511 -10.0166 0.1 24.5617
20.6443 2997.78 32.4432 -10.0151 0.1 24.5402
20.6551 2998.13 32.335 -10.0137 0.1 24.5618
20.666 2998.48 32.2264 -10.0122 0.1 24.5401
20.6769 2998.83 32.1175 -10.0108 0.1 24.5619
20.6878 2999.18 32.0082 -10.0094 0.1 24.54
20.6987 2999.53 31.8985 -10.008 0.1 24.5619
20.7097 2999.88 31.7885 -10.0065 0.1 24.54
20.7208 3000.23 31.6781 -10.0051 0.1 24.562
20.7318 3000.58 31.5674 -10.0036 0.1 24.5399
20.7429 3000.93 31.4562 -10.0023 0.1 24.5621
20.7541 3001.28 31.3447 -10.0008 0.1 24.5398
20.7653 3001.63 31.2328 -9.9994 0.1 24.5622
20.7765 3001.98 31.1206 -9.99792 0.1 24.5397
20.7878 3002.33 31.0079 -9.99654 0.1 24.5623
20.7991 3002.68 30.8948 -9.99506 0.1 24.5397
20.8104 3003.03 30.7814 -9.99368 0.1 24.5623
20.8218 3003.38 30.6675 -9.9922 0.1 24.5396
20.8333 3003.73 30.5532 -9.99083 0.1 24.5624
20.8447 3004.08 30.4386 -9.98934 0.1 24.5395
20.8563 3004.43 30.3234 -9.98797 0.1 24.5625
20.8678 3004.78 30.2079 -9.98648 0.1 24.5394
20.8795 3005.13 30.092 -9.98511 0.1 24.5626
20.8911 3005.48 29.9756 -9.98363 0.1 24.5393
20.9011 3005.78 29.8755 -9.9824 0.1 24.5393
20.9112 3006.08 29.7751 -9.98118 0.1 24.5392
20.9213 3006.38 29.6743 -9.97995 0.1 24.5392
20.9314 3006.68 29.5732 -9.97873 0.1 24.5391
20.9416 3006.98 29.4718 -9.9775 0.1 24.5391
20.9518 3007.28 29.37 -9.97628 0.1 24.5391
20.962 3007.58 29.2679 -9.97505 0.1 24.539
20.9723 3007.88 29.1655 -9.97383 0.1 24.539
20.9826 3008.18 29.0627 -9.9726 0.1 24.5389
20.9929 3008.48 28.9595 -9.97138 0.1 24.5389
21.0033 3008.78 28.856 -9.97015 0.1 24.5389
21.0137 3009.08 28.7522 -9.96893 0.1 24.5388
21.0242 3009.38 28.6479 -9.96771 0.1 24.5388
21.0347 3009.68 28.5433 -9.96648 0.1 24.5387
21.0452 3009.98 28.4384 -9.96526 0.1 24.5387
21.0558 3010.28 28.333 -9.96403 0.1 24.5386
21.0664 3010.58 28.2273 -9.96281 0.1 24.5386
21.0771 3010.88 28.1212 -9.96158 0.1 24.5385
21.0878 3011.18 28.0147 -9.96036 0.1 24.5385
21.0985 3011.48 27.9078 -9.95913 0.1 24.5384
21.1093 3011.78 27.8005 -9.95791 0.1 24.5384
21.1201 3012.08 27.6928 -9.95668 0.1 24.5383
21.1309 3012.38 27.5847 -9.95546 0.1 24.5383
21.1418 3012.68 27.4762 -9.95423 0.1 24.5382
21.1528 3012.98 27.3673 -9.953 0.1 24.5382
21.1638 3013.28 27.2579 -9.95178 0.1 24.5381
21.1748 3013.58 27.1481 -9.95055 0.1 24.5381
21.1859 3013.88 27.0379 -9.94933 0.1 24.538
21.197 3014.18 26.9273 -9.9481 0.1 24.538
21.2082 3014.48 26.8162 -9.94687 0.1 24.5379
21.2194 3014.78 26.7046 -9.94565 0.1 24.5379
21.2306 3015.08 26.5926 -9.94442 0.1 24.5378
21.242 3015.38 26.4802 -9.94319 0.1 24.5378
21.2533 3015.68 26.3673 -9.94197 0.1 24.5377
21.2647 3015.98 26.2539 -9.94074 0.1 24.5377
21.2762 3016.28 26.14 -9.93951 0.1 24.5376
21.2877 3016.58 26.0256 -9.93828 0.1 24.5375
21.2992 3016.88 25.9108 -9.93706 0.1 24.5375
21.3108 3017.18 25.7954 -9.93583 0.1 24.5374
21.3225 3017.48 25.6796 -9.9346 0.1 24.5374
21.3342 3017.78 25.5632 -9.93337 0.1 24.5373
21.346 3018.08 25.4464 -9.93214 0.1 24.5372
21.3578 3018.38 25.329 -9.93091 0.1 24.5372
21.3697 3018.68 25.211 -9.92968 0.1 24.5371
21.3816 3018.98 25.0925 -9.92845 0.1 24.537
21.3936 3019.28 24.9735 -9.92722 0.1 24.537
21.4036 3019.53 24.8739 -9.92624 0.1 24.565
21.4137 3019.78 24.7739 -9.92516 0.1 24.5369
21.4238 3020.03 24.6735 -9.92418 0.1 24.5652
21.434 3020.28 24.5727 -9.92311 0.1 24.5367
21.4442 3020.53 24.4715 -9.92213 0.1 24.5653
21.4544 3020.78 24.3699 -9.92106 0.1 24.5366
21.4647 3021.03 24.2679 -9.92007 0.1 24.5654
21.475 3021.28 24.1654 -9.919 0.1 24.5365
21.4854 3021.53 24.0626 -9.91801 0.1 24.5655
21.4958 3021.78 23.9593 -9.91694 0.1 24.5364
21.5063 3022.03 23.8555 -9.91595 0.1 24.5656
21.5168 3022.28 23.7513 -9.91488 0.1 24.5362
21.5273 3022.53 23.6467 -9.91389 0.1 24.5658
21.5379 3022.78 23.5416 -9.91282 0.1 24.5361
21.5486 3023.03 23.4361 -9.91183 0.1 24.5659
21.5593 3023.28 23.3301 -9.91075 0.1 24.536
21.57 3023.53 23.2236 -9.90976 0.1 24.566
21.5808 3023.78 23.1166 -9.90869 0.1 24.5358
21.5917 3024.03 23.0092 -9.9077 0.1 24.5662
21.6026 3024.28 22.9012 -9.90662 0.1 24.5357
21.6135 3024.53 22.7928 -9.90563 0.1 24.5663
21.6245 3024.78 22.6838 -9.90455 0.1 24.5356
21.6356 3025.03 22.5743 -9.90355 0.1 24.5665
21.6467 3025.28 22.4643 -9.90247 0.1 24.5354
21.6578 3025.53 22.3538 -9.90148 0.1 24.5666
21.6691 3025.78 22.2428 -9.9004 0.1 24.5352
21.6803 3026.03 22.1312 -9.8994 0.1 24.5668
21.6917 3026.28 22.019 -9.89832 0.1 24.5351
21.7031 3026.53 21.9063 -9.89732 0.1 24.5669
21.7145 3026.78 21.793 -9.89624 0.1 24.5349
21.726 3027.03 21.6791 -9.89523 0.1 24.5671
21.7376 3027.28 21.5646 -9.89415 0.1 24.5348
21.7492 3027.53 21.4496 -9.89314 0.1 24.5673
21.7609 3027.78 21.3339 -9.89206 0.1 24.5346
21.7727 3028.03 21.2176 -9.89105 0.1 24.5675
21.7845 3028.28 21.1007 -9.88996 0.1 24.5344
21.7964 3028.53 20.9831 -9.88895 0.1 24.5676
21.8083 3028.78 20.8649 -9.88786 0.1 24.5342
21.8203 3029.03 20.746 -9.88685 0.1 24.5678
21.8324 3029.28 20.6265 -9.88576 0.1 24.534
21.8446 3029.53 20.5063 -9.88474 0.1 24.568
21.8568 3029.78 20.3853 -9.88365 0.1 24.5338
21.8691 3030.03 20.2637 -9.88263 0.1 24.5682
21.8815 3030.28 20.1413 -9.88153 0.1 24.5336
21.894 3030.53 20.0182 -9.88051 0.1 24.5685
21.904 3030.73 19.9192 -9.87966 0.1 24.5685
21.9141 3030.93 19.8197 -9.87881 0.1 24.5686
21.9242 3031.13 19.7197 -9.87796 0.1 24.5687
21.9344 3031.33 19.6192 -9.87711 0.1 24.5688
21.9446 3031.53 19.5182 -9.87625 0.1 24.5689
21.9549 3031.73 19.4167 -9.8754 0.1 24.569
21.9652 3031.93 19.3146 -9.87454 0.1 24.5691
21.9756 3032.13 19.2121 -9.87368 0.1 24.5692
21.986 3032.33 19.1089 -9.87282 0.1 24.5693
21.9966 3032.53 19.0053 -9.87196 0.1 24.5694
22.0071 3032.73 18.901 -9.8711 0.1 24.5695
22.0177 3032.93 18.7962 -9.87024 0.1 24.5696
22.0284 3033.13 18.6908 -9.86937 0.1 24.5697
22.0391 3033.33 18.5848 -9.86851 0.1 24.5698
22.0499 3033.53 18.4783 -9.86764 0.1 24.5699
22.0608 3033.73 18.3711 -9.86677 0.1 24.57
22.0717 3033.93 18.2633 -9.8659 0.1 24.5701
22.0827 3034.13 18.1548 -9.86502 0.1 24.5702
22.0938 3034.33 18.0458 -9.86415 0.1 24.5704
22.1049 3034.53 17.936 -9.86327 0.1 24.5705
22.1161 3034.73 17.8256 -9.86239 0.1 24.5706
22.1274 3034.93 17.7145 -9.86151 0.1 24.5707
22.1387 3035.13 17.6028 -9.86062 0.1 24.5708
22.1501 3035.33 17.4903 -9.85973 0.1 24.571
22.1616 3035.53 17.3771 -9.85885 0.1 24.5711
22.1731 3035.73 17.2632 -9.85795 0.1 24.5712
22.1848 3035.93 17.1485 -9.85706 0.1 24.5714
22.1965 3036.13 17.033 -9.85616 0.1 24.5715
22.2083 3036.33 16.9168 -9.85526 0.1 24.5716
22.2202 3036.53 16.7998 -9.85436 0.1 24.5718
22.2321 3036.73 16.682 -9.85345 0.1 24.5719
22.2442 3036.93 16.5633 -9.85254 0.1 24.5721
22.2563 3037.13 16.4438 -9.85163 0.1 24.5722
22.2685 3037.33 16.3235 -9.85071 0.1 24.5724
22.2808 3037.53 16.2022 -9.84979 0.1 24.5726
22.2932 3037.73 16.0801 -9.84887 0.1 24.5727
22.3057 3037.93 15.957 -9.84794 0.1 24.5729
22.3183 3038.13 15.833 -9.847 0.1 24.5731
22.331 3038.33 15.708 -9.84607 0.1 24.5732
22.3438 3038.53 15.582 -9.84512 0.1 24.5734
22.3567 3038.73 15.455 -9.84418 0.1 24.5736
22.3697 3038.93 15.3269 -9.84322 0.1 24.5738
22.3828 3039.13 15.1978 -9.84226 0.1 24.574
22.3961 3039.33 15.0676 -9.8413 0.1 24.5742
22.4094 3039.53 14.9363 -9.84033 0.1 24.5744
22.4195 3039.68 14.837 -9.83957 0.1 24.5274
22.4297 3039.83 14.7371 -9.83886 0.1 24.5747
22.4399 3039.98 14.6365 -9.83809 0.1 24.5271
22.4502 3040.13 14.5352 -9.83737 0.1 24.575
22.4605 3040.28 14.4332 -9.8366 0.1 24.5268
22.471 3040.43 14.3305 -9.83587 0.1 24.5754
22.4815 3040.58 14.2271 -9.83509 0.1 24.5264
22.4921 3040.73 14.1229 -9.83435 0.1 24.5757
22.5028 3040.88 14.0179 -9.83356 0.1 24.526
22.5135 3041.03 13.9121 -9.83281 0.1 24.5761
22.5244 3041.18 13.8056 -9.83201 0.1 24.5257
22.5353 3041.33 13.6982 -9.83125 0.1 24.5765
22.5463 3041.48 13.59 -9.83043 0.1 24.5253
22.5574 3041.63 13.4809 -9.82966 0.1 24.5769
22.5686 3041.78 13.3709 -9.82883 0.1 24.5248
22.5799 3041.93 13.2601 -9.82804 0.1 24.5773
22.5912 3042.08 13.1483 -9.8272 0.1 24.5244
22.6027 3042.23 13.0355 -9.82639 0.1 24.5778
22.6143 3042.38 12.9218 -9.82553 0.1 24.5239
22.626 3042.53 12.8071 -9.82471 0.1 24.5783
22.6377 3042.68 12.6913 -9.82383 0.1 24.5234
22.6496 3042.83 12.5745 -9.82299 0.1 24.5788
22.6616 3042.98 12.4566 -9.8221 0.1 24.5229
22.6738 3043.13 12.3376 -9.82123 0.1 24.5793
22.686 3043.28 12.2174 -9.82032 0.1 24.5224
22.6984 3043.43 12.096 -9.81943 0.1 24.5799
22.7108 3043.58 11.9734 -9.81848 0.1 24.5218
22.7235 3043.73 11.8496 -9.81757 0.1 24.5805
22.7362 3043.88 11.7244 -9.8166 0.1 24.5212
22.7491 3044.03 11.5979 -9.81565 0.1 24.5811
22.7621 3044.18 11.47 -9.81464 0.1 24.5205
22.7753 3044.33 11.3407 -9.81366 0.1 24.5818
22.7886 3044.48 11.2099 -9.81262 0.1 24.5198
22.8021 3044.63 11.0776 -9.8116 0.1 24.5825
22.8158 3044.78 10.9437 -9.81051 0.1 24.5191
22.8296 3044.93 10.8081 -9.80945 0.1 24.5833
22.8436 3045.08 10.6708 -9.80831 0.1 24.5182
22.8578 3045.23 10.5317 -9.80719 0.1 24.5841
22.8721 3045.38 10.3908 -9.806 0.1 24.5174
22.8867 3045.53 10.2479 -9.80481 0.1 24.5851
22.9015 3045.68 10.1031 -9.80355 0.1 24.5164
22.9165 3045.83 9.95611 -9.80229 0.1 24.586
22.9266 3045.93 9.85692 -9.80141 0.1 24.5864
22.9368 3046.03 9.75672 -9.80052 0.1 24.5868
22.9471 3046.13 9.6555 -9.7996 0.1 24.5871
22.9576 3046.23 9.5532 -9.79866 0.1 24.5875
22.9681 3046.33 9.4498 -9.7977 0.1 24.5879
22.9788 3046.43 9.34526 -9.79671 0.1 24.5883
22.9896 3046.53 9.23954 -9.79569 0.1 24.5887
23.0005 3046.63 9.1326 -9.79465 0.1 24.5892
23.0116 3046.73 9.02439 -9.79357 0.1 24.5896
23.0227 3046.83 8.91488 -9.79246 0.1 24.5901
23.0341 3046.93 8.80402 -9.79131 0.1 24.5906
23.0455 3047.03 8.69174 -9.79012 0.1 24.5911
23.0572 3047.13 8.578 -9.78889 0.1 24.5916
23.0689 3047.23 8.46273 -9.78762 0.1 24.5922
23.0809 3047.33 8.34587 -9.7863 0.1 24.5928
23.093 3047.43 8.22737 -9.78492 0.1 24.5934
23.1053 3047.53 8.10713 -9.78348 0.1 24.594
23.1177 3047.63 7.98509 -9.78198 0.1 24.5946
23.1304 3047.73 7.86116 -9.78041 0.1 24.5953
23.1433 3047.83 7.73525 -9.77877 0.1 24.596
23.1564 3047.93 7.60726 -9.77704 0.1 24.5968
23.1697 3048.03 7.47708 -9.77521 0.1 24.5976
23.1833 3048.13 7.3446 -9.77328 0.1 24.5984
23.1971 3048.23 7.2097 -9.77124 0.1 24.5993
23.2111 3048.33 7.07223 -9.76907 0.1 24.6002
23.2255 3048.43 6.93203 -9.76676 0.1 24.6012
23.2401 3048.53 6.78895 -9.76428 0.1 24.6023
23.2551 3048.63 6.6428 -9.76162 0.1 24.6034
23.2704 3048.73 6.49336 -9.75875 0.1 24.6046
23.2861 3048.83 6.3404 -9.75564 0.1 24.6058
23.3022 3048.93 6.18367 -9.75225 0.1 24.6072
23.3187 3049.03 6.02287 -9.74855 0.1 24.6087
23.3356 3049.13 5.85766 -9.74447 0.1 24.6103
23.3531 3049.23 5.68767 -9.73995 0.1 24.612
23.3711 3049.33 5.51244 -9.73491 0.1 24.614
23.3897 3049.43 5.33146 -9.72923 0.1 24.6161
23.4089 3049.53 5.14412 -9.72279 0.1 24.6184
23.4289 3049.63 4.94971 -9.71539 0.1 24.621
23.4392 3049.68 4.84959 -9.71125 0.1 24.4796
23.4498 3049.73 4.74735 -9.7068 0.1 24.6239
23.4605 3049.78 4.64287 -9.70195 0.1 24.4765
23.4716 3049.83 4.53598 -9.69668 0.1 24.6272
23.4829 3049.88 4.42652 -9.6909 0.1 24.4729
23.4945 3049.93 4.31428 -9.68456 0.1 24.631
23.5064 3049.98 4.19905 -9.67755 0.1 24.4688
23.5186 3050.03 4.08056 -9.66976 0.1 24.6355
23.5312 3050.08 3.95853 -9.66104 0.1 24.4639
23.5443 3050.13 3.83262 -9.65123 0.1 24.6408
23.5578 3050.18 3.70244 -9.64008 0.1 24.4581
23.5718 3050.23 3.56751 -9.62731 0.1 24.6472
23.5864 3050.28 3.42727 -9.61251 0.1 24.451
23.6016 3050.33 3.28105 -9.59518 0.1 24.6552
23.6176 3050.38 3.128 -9.57455 0.1 24.4419
23.6345 3050.43 2.96708 -9.54962 0.1 24.6657
23.6524 3050.48 2.79691 -9.51883 0.1 24.4297
23.6715 3050.53 2.6157 -9.47983 0.1 24.68
23.6921 3050.58 2.42097 -9.4288 0.1 24.4124
23.7148 3050.63 2.20914 -9.35911 0.1 24.7015
23.7401 3050.68 1.97473 -9.25811 0.1 24.3847
23.7693 3050.73 1.70845 -9.0984 0.1 24.7392
23.8053 3050.78 1.39215 -8.80677 0.1 24.3294
23.8564 3050.83 0.978458 -8.09562 0.1 24.8323
23.9075 3050.93 0 -0 0.1 24.1168
