Simulation created and run on: 
Fri Mar 10 13:05:27 2023


Time (s), Height (m), Velocity (m/s), Acceleration (m/s^2), Deployment Angle (degrees)
3.6 639.88 324.08 -9.80665 0.1 0
3.61003 643.13 323.733 -34.5274 0.1 0.138311
3.62008 646.38 323.387 -34.465 0.1 0.278933
3.63013 649.63 323.041 -34.4032 0.1 0.419706
3.6402 652.88 322.695 -34.3417 0.1 0.56063
3.65028 656.13 322.349 -34.2808 0.1 0.701704
3.66036 659.38 322.003 -34.2203 0.1 0.84293
3.67046 662.63 321.658 -34.1603 0.1 0.984308
3.68057 665.88 321.313 -34.1007 0.1 1.12584
3.69069 669.13 320.968 -34.0416 0.1 1.26752
3.70082 672.38 320.624 -33.9829 0.1 1.40935
3.71097 675.63 320.279 -33.9247 0.1 1.55134
3.72112 678.88 319.935 -33.8669 0.1 1.69348
3.73113 682.08 319.596 -33.8104 0.1 1.83358
3.74114 685.28 319.258 -33.7544 0.1 1.97383
3.75117 688.48 318.92 -33.6988 0.1 2.11423
3.76121 691.68 318.582 -33.6436 0.1 2.25477
3.77126 694.88 318.244 -33.5889 0.1 2.39547
3.78132 698.08 317.906 -33.5345 0.1 2.53632
3.79139 701.28 317.569 -33.4806 0.1 2.67731
3.80148 704.48 317.232 -33.4271 0.1 2.81846
3.81157 707.68 316.894 -33.374 0.1 2.95975
3.82167 710.88 316.558 -33.3213 0.1 3.1012
3.83179 714.08 316.221 -33.2691 0.1 3.2428
3.84191 717.28 315.884 -33.2172 0.1 3.38454
3.85205 720.48 315.548 -33.1657 0.1 3.52644
3.86219 723.68 315.212 -33.1147 0.1 3.66849
3.87235 726.88 314.875 -33.064 0.1 3.81069
3.88236 730.03 314.545 -33.0146 0.1 3.95082
3.89238 733.18 314.214 -32.9655 0.1 4.0911
3.90241 736.33 313.884 -32.9167 0.1 4.23152
3.91245 739.48 313.554 -32.8684 0.1 4.37209
3.9225 742.63 313.223 -32.8205 0.1 4.51281
3.93257 745.78 312.893 -32.7729 0.1 4.65368
3.94264 748.93 312.564 -32.7257 0.1 4.79469
3.95272 752.08 312.234 -32.6788 0.1 4.93586
3.96282 755.23 311.904 -32.6324 0.1 5.07717
3.97292 758.38 311.575 -32.5863 0.1 5.21863
3.98304 761.53 311.245 -32.5405 0.1 5.36025
3.99316 764.68 310.916 -32.4952 0.1 5.50201
4.0033 767.83 310.587 -32.4502 0.1 5.64392
4.01345 770.98 310.258 -32.4055 0.1 5.78599
4.0236 774.13 309.929 -32.3612 0.1 5.9282
4.03361 777.23 309.605 -32.318 0.1 6.0683
4.04363 780.33 309.282 -32.2751 0.1 6.20855
4.05366 783.43 308.958 -32.2325 0.1 6.34895
4.0637 786.53 308.635 -32.1903 0.1 6.4895
4.07375 789.63 308.312 -32.1484 0.1 6.63019
4.08381 792.73 307.988 -32.1069 0.1 6.77103
4.09388 795.83 307.665 -32.0657 0.1 6.91201
4.10396 798.93 307.342 -32.0248 0.1 7.05315
4.11405 802.03 307.019 -31.9843 0.1 7.19443
4.12415 805.13 306.696 -31.944 0.1 7.33587
4.13427 808.23 306.373 -31.9041 0.1 7.47745
4.14439 811.33 306.051 -31.8646 0.1 7.61918
4.15452 814.43 305.728 -31.8253 0.1 7.76106
4.16467 817.53 305.405 -31.7864 0.1 7.90309
4.17483 820.63 305.083 -31.7478 0.1 8.04527
4.18483 823.68 304.765 -31.7101 0.1 8.1853
4.19484 826.73 304.448 -31.6727 0.1 8.32548
4.20486 829.78 304.131 -31.6356 0.1 8.46581
4.2149 832.83 303.813 -31.5989 0.1 8.60628
4.22494 835.88 303.496 -31.5624 0.1 8.7469
4.235 838.93 303.179 -31.5262 0.1 8.88767
4.24506 841.98 302.862 -31.4903 0.1 9.02858
4.25514 845.03 302.545 -31.4547 0.1 9.16964
4.26523 848.08 302.228 -31.4194 0.1 9.31085
4.27532 851.13 301.911 -31.3844 0.1 9.45221
4.28543 854.18 301.594 -31.3497 0.1 9.59371
4.29555 857.23 301.276 -31.3153 0.1 9.73537
4.30568 860.28 300.959 -31.2811 0.1 9.87717
4.31582 863.33 300.642 -31.2473 0.1 10.0191
4.32597 866.38 300.325 -31.2137 0.1 10.1612
4.33613 869.43 300.008 -31.1804 0.1 10.3035
4.34613 872.43 299.697 -31.1479 0.1 10.4435
4.35615 875.43 299.385 -31.1157 0.1 10.5838
4.36618 878.43 299.073 -31.0837 0.1 10.7241
4.37621 881.43 298.761 -31.052 0.1 10.8646
4.38626 884.43 298.449 -31.0206 0.1 11.0053
4.39632 887.43 298.138 -30.9894 0.1 11.1461
4.40638 890.43 297.826 -30.9585 0.1 11.287
4.41646 893.43 297.514 -30.9279 0.1 11.4281
4.42655 896.43 297.202 -30.8975 0.1 11.5694
4.43665 899.43 296.89 -30.8673 0.1 11.7108
4.44676 902.43 296.578 -30.8374 0.1 11.8523
4.45688 905.43 296.266 -30.8078 0.1 11.994
4.46701 908.43 295.954 -30.7784 0.1 12.1358
4.47716 911.43 295.642 -30.7492 0.1 12.2778
4.48731 914.43 295.33 -30.7203 0.1 12.4199
4.49747 917.43 295.018 -30.6917 0.1 12.5622
4.50748 920.38 294.711 -30.6637 0.1 12.7023
4.51749 923.33 294.404 -30.636 0.1 12.8425
4.52752 926.28 294.097 -30.6085 0.1 12.9829
4.53755 929.23 293.79 -30.5812 0.1 13.1234
4.5476 932.18 293.483 -30.5542 0.1 13.264
4.55766 935.13 293.176 -30.5274 0.1 13.4048
4.56772 938.08 292.869 -30.5008 0.1 13.5457
4.5778 941.03 292.562 -30.4745 0.1 13.6868
4.58789 943.98 292.254 -30.4483 0.1 13.8281
4.59799 946.93 291.947 -30.4224 0.1 13.9695
4.6081 949.88 291.639 -30.3967 0.1 14.111
4.61822 952.83 291.332 -30.3712 0.1 14.2527
4.62835 955.78 291.024 -30.3459 0.1 14.3945
4.63849 958.73 290.717 -30.3209 0.1 14.5365
4.64865 961.68 290.409 -30.296 0.1 14.6787
4.65881 964.63 290.101 -30.2714 0.1 14.8209
4.66881 967.53 289.799 -30.2474 0.1 14.961
4.67882 970.43 289.496 -30.2236 0.1 15.1011
4.68885 973.33 289.193 -30.1999 0.1 15.2414
4.69888 976.23 288.89 -30.1765 0.1 15.3819
4.70892 979.13 288.587 -30.1533 0.1 15.5225
4.71898 982.03 288.284 -30.1302 0.1 15.6633
4.72904 984.93 287.981 -30.1074 0.1 15.8042
4.73912 987.83 287.678 -30.0847 0.1 15.9452
4.74921 990.73 287.374 -30.0623 0.1 16.0864
4.7593 993.63 287.071 -30.04 0.1 16.2278
4.76941 996.53 286.768 -30.0179 0.1 16.3693
4.77953 999.43 286.464 -29.996 0.1 16.5109
4.78966 1002.33 286.16 -29.9743 0.1 16.6528
4.7998 1005.23 285.856 -29.9527 0.1 16.7947
4.80995 1008.13 285.552 -29.9313 0.1 16.9368
4.82011 1011.03 285.248 -29.9101 0.1 17.0791
4.83028 1013.93 284.944 -29.8891 0.1 17.2215
4.84029 1016.78 284.645 -29.8687 0.1 17.3616
4.85031 1019.63 284.346 -29.8483 0.1 17.5018
4.86033 1022.48 284.047 -29.8282 0.1 17.6422
4.87037 1025.33 283.748 -29.8082 0.1 17.7828
4.88042 1028.18 283.448 -29.7884 0.1 17.9234
4.89048 1031.03 283.149 -29.7687 0.1 18.0643
4.90055 1033.88 282.849 -29.7492 0.1 18.2053
4.91063 1036.73 282.549 -29.7299 0.1 18.3464
4.92073 1039.58 282.249 -29.7107 0.1 18.4877
4.93083 1042.43 281.949 -29.6917 0.1 18.6291
4.94094 1045.28 281.649 -29.6728 0.1 18.7707
4.95107 1048.13 281.349 -29.6541 0.1 18.9125
4.9612 1050.98 281.048 -29.6355 0.1 19.0544
4.97135 1053.83 280.747 -29.6171 0.1 19.1964
4.98151 1056.68 280.447 -29.5988 0.1 19.3386
4.99167 1059.53 280.146 -29.5807 0.1 19.4809
5.00167 1062.33 279.85 -29.563 0.1 19.6209
5.01169 1065.13 279.554 -29.5455 0.1 19.7611
5.02171 1067.93 279.258 -29.5281 0.1 19.9014
5.03174 1070.73 278.962 -29.5109 0.1 20.0418
5.04178 1073.53 278.666 -29.4938 0.1 20.1824
5.05183 1076.33 278.369 -29.4768 0.1 20.3232
5.0619 1079.13 278.073 -29.4599 0.1 20.4641
5.07197 1081.93 277.776 -29.4432 0.1 20.6051
5.08206 1084.73 277.479 -29.4266 0.1 20.7463
5.09216 1087.53 277.182 -29.4102 0.1 20.8876
5.10226 1090.33 276.885 -29.3938 0.1 21.0291
5.11238 1093.13 276.588 -29.3776 0.1 21.1708
5.12251 1095.93 276.29 -29.3615 0.1 21.3126
5.13265 1098.73 275.993 -29.3456 0.1 21.4546
5.1428 1101.53 275.695 -29.3297 0.1 21.5967
5.15296 1104.33 275.397 -29.314 0.1 21.7389
5.16313 1107.13 275.099 -29.2984 0.1 21.8813
5.17314 1109.88 274.806 -29.2832 0.1 22.0214
5.18315 1112.63 274.513 -29.2681 0.1 22.1615
5.19317 1115.38 274.219 -29.2531 0.1 22.3019
5.20321 1118.13 273.926 -29.2382 0.1 22.4423
5.21325 1120.88 273.632 -29.2235 0.1 22.5829
5.22331 1123.63 273.339 -29.2088 0.1 22.7237
5.23337 1126.38 273.045 -29.1942 0.1 22.8646
5.24345 1129.13 272.751 -29.1798 0.1 23.0057
5.25354 1131.88 272.456 -29.1654 0.1 23.147
5.26364 1134.63 272.162 -29.1512 0.1 23.2883
5.27375 1137.38 271.867 -29.137 0.1 23.4299
5.28387 1140.13 271.572 -29.123 0.1 23.5716
5.294 1142.88 271.277 -29.109 0.1 23.7134
5.30414 1145.63 270.982 -29.0951 0.1 23.8554
5.3143 1148.38 270.687 -29.0814 0.1 23.9976
5.32446 1151.13 270.391 -29.0677 0.1 24.1399
5.33464 1153.88 270.096 -29.0541 0.1 24.2823
5.34464 1156.58 269.805 -29.0409 0.1 24.4223
5.35465 1159.28 269.514 -29.0277 0.1 24.5625
5.36467 1161.98 269.223 -29.0146 0.1 24.7028
5.37471 1164.68 268.932 -29.0016 0.1 24.8433
5.38475 1167.38 268.641 -28.9887 0.1 24.984
5.39481 1170.08 268.35 -28.9759 0.1 25.1247
5.40488 1172.78 268.058 -28.9632 0.1 25.2657
5.41496 1175.48 267.766 -28.9505 0.1 25.4068
5.42504 1178.18 267.474 -28.9379 0.1 25.548
5.43514 1180.88 267.182 -28.9254 0.1 25.6894
5.44526 1183.58 266.89 -28.9129 0.1 25.831
5.45538 1186.28 266.597 -28.9006 0.1 25.9727
5.46551 1188.98 266.304 -28.8883 0.1 26.1145
5.47566 1191.68 266.011 -28.876 0.1 26.2566
5.48581 1194.38 265.718 -28.8639 0.1 26.3987
5.49598 1197.08 265.425 -28.8518 0.1 26.5411
5.50616 1199.78 265.131 -28.8398 0.1 26.6836
5.51616 1202.43 264.843 -28.828 0.1 26.8236
5.52617 1205.08 264.554 -28.8164 0.1 26.9637
5.53619 1207.73 264.265 -28.8048 0.1 27.104
5.54622 1210.38 263.976 -28.7932 0.1 27.2445
5.55627 1213.03 263.687 -28.7817 0.1 27.3851
5.56632 1215.68 263.398 -28.7703 0.1 27.5259
5.57639 1218.33 263.108 -28.7589 0.1 27.6668
5.58647 1220.98 262.819 -28.7476 0.1 27.8079
5.59656 1223.63 262.529 -28.7363 0.1 27.9491
5.60666 1226.28 262.238 -28.7251 0.1 28.0905
5.61677 1228.93 261.948 -28.714 0.1 28.2321
5.62689 1231.58 261.657 -28.7029 0.1 28.3738
5.63702 1234.23 261.367 -28.6918 0.1 28.5157
5.64717 1236.88 261.076 -28.6808 0.1 28.6577
5.65732 1239.53 260.784 -28.6698 0.1 28.7999
5.66749 1242.18 260.493 -28.6589 0.1 28.9422
5.67767 1244.83 260.201 -28.648 0.1 29.0847
5.68786 1247.48 259.909 -28.6372 0.1 29.2274
5.69787 1250.08 259.623 -28.6266 0.1 29.3675
5.70789 1252.68 259.336 -28.6161 0.1 29.5078
5.71792 1255.28 259.049 -28.6056 0.1 29.6482
5.72796 1257.88 258.762 -28.5951 0.1 29.7888
5.73802 1260.48 258.474 -28.5847 0.1 29.9295
5.74808 1263.08 258.187 -28.5743 0.1 30.0704
5.75816 1265.68 257.899 -28.5639 0.1 30.2115
5.76825 1268.28 257.611 -28.5536 0.1 30.3527
5.77834 1270.88 257.322 -28.5433 0.1 30.4941
5.78845 1273.48 257.034 -28.5331 0.1 30.6356
5.79857 1276.08 256.745 -28.5228 0.1 30.7773
5.80871 1278.68 256.456 -28.5126 0.1 30.9192
5.81885 1281.28 256.167 -28.5025 0.1 31.0612
5.82901 1283.88 255.878 -28.4923 0.1 31.2034
5.83917 1286.48 255.588 -28.4822 0.1 31.3457
5.84935 1289.08 255.298 -28.4721 0.1 31.4882
5.85954 1291.68 255.008 -28.462 0.1 31.6308
5.86955 1294.23 254.723 -28.4522 0.1 31.7709
5.87956 1296.78 254.438 -28.4423 0.1 31.9112
5.88959 1299.33 254.153 -28.4325 0.1 32.0515
5.89963 1301.88 253.868 -28.4227 0.1 32.1921
5.90968 1304.43 253.582 -28.4129 0.1 32.3328
5.91974 1306.98 253.296 -28.4032 0.1 32.4736
5.92982 1309.53 253.01 -28.3934 0.1 32.6147
5.9399 1312.08 252.724 -28.3837 0.1 32.7558
5.95 1314.63 252.438 -28.374 0.1 32.8972
5.9601 1317.18 252.151 -28.3642 0.1 33.0387
5.97022 1319.73 251.864 -28.3545 0.1 33.1803
5.98035 1322.28 251.577 -28.3449 0.1 33.3222
5.9905 1324.83 251.289 -28.3352 0.1 33.4641
6.00065 1327.38 251.002 -28.3255 0.1 33.6063
6.01081 1329.93 250.714 -28.3158 0.1 33.7486
6.02099 1332.48 250.426 -28.3062 0.1 33.8911
6.03118 1335.03 250.137 -28.2965 0.1 34.0337
6.04118 1337.53 249.854 -28.2871 0.1 34.1737
6.05119 1340.03 249.571 -28.2776 0.1 34.3139
6.06121 1342.53 249.288 -28.2682 0.1 34.4542
6.07125 1345.03 249.004 -28.2587 0.1 34.5947
6.08129 1347.53 248.72 -28.2492 0.1 34.7353
6.09135 1350.03 248.436 -28.2398 0.1 34.8761
6.10142 1352.53 248.152 -28.2303 0.1 35.0171
6.1115 1355.03 247.868 -28.2209 0.1 35.1582
6.12159 1357.53 247.583 -28.2114 0.1 35.2995
6.1317 1360.03 247.298 -28.2019 0.1 35.4409
6.14181 1362.53 247.013 -28.1925 0.1 35.5825
6.15194 1365.03 246.727 -28.183 0.1 35.7243
6.16208 1367.53 246.441 -28.1735 0.1 35.8662
6.17223 1370.03 246.156 -28.164 0.1 36.0083
6.18239 1372.53 245.869 -28.1545 0.1 36.1506
6.19256 1375.03 245.583 -28.145 0.1 36.293
6.20275 1377.53 245.296 -28.1355 0.1 36.4356
6.21295 1380.03 245.009 -28.1259 0.1 36.5784
6.22295 1382.48 244.728 -28.1166 0.1 36.7185
6.23297 1384.93 244.446 -28.1072 0.1 36.8587
6.243 1387.38 244.165 -28.0978 0.1 36.9991
6.25304 1389.83 243.883 -28.0884 0.1 37.1397
6.26309 1392.28 243.6 -28.079 0.1 37.2804
6.27315 1394.73 243.318 -28.0695 0.1 37.4213
6.28323 1397.18 243.035 -28.0601 0.1 37.5623
6.29332 1399.63 242.752 -28.0506 0.1 37.7035
6.30341 1402.08 242.469 -28.0411 0.1 37.8449
6.31353 1404.53 242.185 -28.0316 0.1 37.9865
6.32365 1406.98 241.902 -28.0221 0.1 38.1282
6.33378 1409.43 241.618 -28.0125 0.1 38.27
6.34393 1411.88 241.334 -28.0029 0.1 38.4121
6.35409 1414.33 241.049 -27.9933 0.1 38.5543
6.36426 1416.78 240.765 -27.9837 0.1 38.6967
6.37444 1419.23 240.48 -27.974 0.1 38.8392
6.38463 1421.68 240.195 -27.9643 0.1 38.9819
6.39484 1424.13 239.909 -27.9546 0.1 39.1248
6.40485 1426.53 239.629 -27.9451 0.1 39.265
6.41487 1428.93 239.349 -27.9355 0.1 39.4052
6.4249 1431.33 239.069 -27.9259 0.1 39.5457
6.43495 1433.73 238.789 -27.9163 0.1 39.6863
6.445 1436.13 238.508 -27.9066 0.1 39.8271
6.45507 1438.53 238.227 -27.8969 0.1 39.9681
6.46515 1440.93 237.946 -27.8872 0.1 40.1092
6.47525 1443.33 237.665 -27.8775 0.1 40.2505
6.48535 1445.73 237.383 -27.8677 0.1 40.392
6.49547 1448.13 237.101 -27.8579 0.1 40.5336
6.5056 1450.53 236.819 -27.848 0.1 40.6754
6.51574 1452.93 236.537 -27.8381 0.1 40.8173
6.52589 1455.33 236.254 -27.8282 0.1 40.9595
6.53605 1457.73 235.971 -27.8182 0.1 41.1018
6.54623 1460.13 235.688 -27.8082 0.1 41.2442
6.55642 1462.53 235.405 -27.7981 0.1 41.3869
6.56662 1464.93 235.121 -27.7881 0.1 41.5297
6.57662 1467.28 234.843 -27.7781 0.1 41.6697
6.58663 1469.63 234.565 -27.7682 0.1 41.8099
6.59666 1471.98 234.287 -27.7582 0.1 41.9502
6.6067 1474.33 234.008 -27.7481 0.1 42.0907
6.61674 1476.68 233.73 -27.7381 0.1 42.2314
6.6268 1479.03 233.451 -27.7279 0.1 42.3723
6.63688 1481.38 233.171 -27.7178 0.1 42.5133
6.64696 1483.73 232.892 -27.7076 0.1 42.6545
6.65706 1486.08 232.612 -27.6973 0.1 42.7958
6.66717 1488.43 232.332 -27.687 0.1 42.9373
6.67729 1490.78 232.052 -27.6766 0.1 43.079
6.68742 1493.13 231.772 -27.6663 0.1 43.2209
6.69757 1495.48 231.491 -27.6558 0.1 43.3629
6.70772 1497.83 231.21 -27.6453 0.1 43.5051
6.71789 1500.18 230.929 -27.6348 0.1 43.6475
6.72808 1502.53 230.648 -27.6242 0.1 43.7901
6.73827 1504.88 230.366 -27.6135 0.1 43.9328
6.74848 1507.23 230.084 -27.6028 0.1 44.0757
6.75848 1509.53 229.808 -27.5923 0.1 44.2157
6.7685 1511.83 229.532 -27.5817 0.1 44.3559
6.77852 1514.13 229.256 -27.5711 0.1 44.4963
6.78856 1516.43 228.979 -27.5604 0.1 44.6368
6.79861 1518.73 228.702 -27.5497 0.1 44.7775
6.80868 1521.03 228.425 -27.5389 0.1 44.9184
6.81875 1523.33 228.147 -27.5281 0.1 45.0595
6.82884 1525.63 227.87 -27.5172 0.1 45.2007
6.83894 1527.93 227.592 -27.5063 0.1 45.3421
6.84905 1530.23 227.314 -27.4953 0.1 45.4836
6.85918 1532.53 227.036 -27.4842 0.1 45.6254
6.86931 1534.83 226.757 -27.4731 0.1 45.7673
6.87946 1537.13 226.478 -27.4619 0.1 45.9094
6.88962 1539.43 226.199 -27.4507 0.1 46.0516
6.8998 1541.73 225.92 -27.4394 0.1 46.1941
6.90998 1544.03 225.64 -27.4281 0.1 46.3367
6.92018 1546.33 225.361 -27.4166 0.1 46.4795
6.9304 1548.63 225.081 -27.4052 0.1 46.6224
6.9404 1550.88 224.807 -27.3939 0.1 46.7625
6.95041 1553.13 224.532 -27.3825 0.1 46.9027
6.96044 1555.38 224.258 -27.3711 0.1 47.0431
6.97048 1557.63 223.983 -27.3597 0.1 47.1836
6.98053 1559.88 223.708 -27.3482 0.1 47.3243
6.9906 1562.13 223.433 -27.3366 0.1 47.4652
7.00067 1564.38 223.158 -27.3249 0.1 47.6063
7.01076 1566.63 222.882 -27.3132 0.1 47.7475
7.02086 1568.88 222.606 -27.3014 0.1 47.8889
7.03098 1571.13 222.33 -27.2896 0.1 48.0305
7.0411 1573.38 222.054 -27.2777 0.1 48.1723
7.05124 1575.63 221.777 -27.2657 0.1 48.3142
7.06139 1577.88 221.501 -27.2537 0.1 48.4564
7.07156 1580.13 221.224 -27.2416 0.1 48.5987
7.08174 1582.38 220.947 -27.2294 0.1 48.7411
7.09193 1584.63 220.669 -27.2171 0.1 48.8838
7.10213 1586.88 220.392 -27.2048 0.1 49.0266
7.11234 1589.13 220.114 -27.1875 0.1 49.1506
7.12235 1591.33 219.842 -27.1393 0.1 49.1506
7.13236 1593.53 219.57 -27.0912 0.1 49.1506
7.14239 1595.73 219.299 -27.0431 0.1 49.1506
7.15242 1597.93 219.028 -26.9952 0.1 49.1506
7.16247 1600.13 218.757 -26.9474 0.1 49.1506
7.17254 1602.33 218.486 -26.8997 0.1 49.1506
7.18261 1604.53 218.215 -26.852 0.1 49.1506
7.1927 1606.73 217.944 -26.8045 0.1 49.1506
7.2028 1608.93 217.674 -26.7571 0.1 49.1506
7.21292 1611.13 217.404 -26.7098 0.1 49.1506
7.22304 1613.33 217.133 -26.6626 0.1 49.1506
7.23318 1615.53 216.863 -26.6154 0.1 49.1506
7.24333 1617.73 216.593 -26.5684 0.1 49.1506
7.25349 1619.93 216.324 -26.5215 0.1 49.1506
7.26367 1622.13 216.054 -26.4747 0.1 49.1506
7.27386 1624.33 215.784 -26.428 0.1 49.1506
7.28406 1626.53 215.515 -26.3813 0.1 49.1506
7.29428 1628.73 215.246 -26.3348 0.1 49.1506
7.3045 1630.93 214.977 -26.2884 0.1 49.1506
7.31451 1633.08 214.714 -26.2423 0.1 49.1474
7.32453 1635.23 214.451 -26.1979 0.1 49.1506
7.33456 1637.38 214.189 -26.1521 0.1 49.1473
7.34461 1639.53 213.926 -26.1079 0.1 49.1506
7.35466 1641.68 213.664 -26.0622 0.1 49.1473
7.36473 1643.83 213.402 -26.0182 0.1 49.1506
7.37481 1645.98 213.14 -25.9727 0.1 49.1473
7.38491 1648.13 212.878 -25.9288 0.1 49.1506
7.39501 1650.28 212.616 -25.8835 0.1 49.1473
7.40513 1652.43 212.354 -25.8399 0.1 49.1506
7.41526 1654.58 212.093 -25.7947 0.1 49.1473
7.42541 1656.73 211.831 -25.7513 0.1 49.1506
7.43556 1658.88 211.57 -25.7063 0.1 49.1473
7.44573 1661.03 211.309 -25.663 0.1 49.1506
7.45591 1663.18 211.048 -25.6183 0.1 49.1473
7.46611 1665.33 210.787 -25.5752 0.1 49.1506
7.47631 1667.48 210.526 -25.5306 0.1 49.1473
7.48653 1669.63 210.265 -25.4877 0.1 49.1506
7.49676 1671.78 210.005 -25.4433 0.1 49.1473
7.50677 1673.88 209.75 -25.4008 0.1 49.1473
7.51679 1675.98 209.496 -25.3583 0.1 49.1473
7.52682 1678.08 209.242 -25.316 0.1 49.1473
7.53686 1680.18 208.988 -25.2737 0.1 49.1473
7.54691 1682.28 208.734 -25.2316 0.1 49.1473
7.55698 1684.38 208.48 -25.1895 0.1 49.1473
7.56706 1686.48 208.227 -25.1475 0.1 49.1473
7.57715 1688.58 207.973 -25.1056 0.1 49.1473
7.58726 1690.68 207.72 -25.0637 0.1 49.1473
7.59737 1692.78 207.466 -25.022 0.1 49.1473
7.6075 1694.88 207.213 -24.9803 0.1 49.1473
7.61764 1696.98 206.96 -24.9387 0.1 49.1473
7.62779 1699.08 206.707 -24.8972 0.1 49.1473
7.63796 1701.18 206.454 -24.8558 0.1 49.1473
7.64814 1703.28 206.201 -24.8145 0.1 49.1473
7.65833 1705.38 205.949 -24.7732 0.1 49.1473
7.66853 1707.48 205.696 -24.7321 0.1 49.1473
7.67875 1709.58 205.444 -24.691 0.1 49.1473
7.68898 1711.68 205.191 -24.65 0.1 49.1473
7.69922 1713.78 204.939 -24.6091 0.1 49.1473
7.70923 1715.83 204.693 -24.57 0.1 49.1507
7.71925 1717.88 204.447 -24.5295 0.1 49.1473
7.72928 1719.93 204.201 -24.4905 0.1 49.1507
7.73933 1721.98 203.955 -24.4501 0.1 49.1473
7.74938 1724.03 203.71 -24.4113 0.1 49.1507
7.75945 1726.08 203.464 -24.3711 0.1 49.1473
7.76953 1728.13 203.218 -24.3325 0.1 49.1507
7.77963 1730.18 202.973 -24.2924 0.1 49.1473
7.78973 1732.23 202.728 -24.2539 0.1 49.1507
7.79985 1734.28 202.483 -24.214 0.1 49.1473
7.80998 1736.33 202.237 -24.1756 0.1 49.1507
7.82013 1738.38 201.992 -24.1359 0.1 49.1472
7.83028 1740.43 201.748 -24.0977 0.1 49.1507
7.84045 1742.48 201.503 -24.0581 0.1 49.1472
7.85063 1744.53 201.258 -24.0201 0.1 49.1507
7.86082 1746.58 201.013 -23.9806 0.1 49.1472
7.87103 1748.63 200.769 -23.9427 0.1 49.1507
7.88124 1750.68 200.524 -23.9035 0.1 49.1472
7.89147 1752.73 200.28 -23.8657 0.1 49.1507
7.90171 1754.78 200.036 -23.8266 0.1 49.1472
7.91172 1756.78 199.798 -23.7892 0.1 49.1472
7.92173 1758.78 199.56 -23.7519 0.1 49.1472
7.93176 1760.78 199.322 -23.7146 0.1 49.1472
7.9418 1762.78 199.084 -23.6774 0.1 49.1472
7.95186 1764.78 198.846 -23.6403 0.1 49.1472
7.96192 1766.78 198.608 -23.6033 0.1 49.1472
7.972 1768.78 198.371 -23.5663 0.1 49.1472
7.98208 1770.78 198.133 -23.5294 0.1 49.1472
7.99218 1772.78 197.896 -23.4926 0.1 49.1472
8.0023 1774.78 197.658 -23.4559 0.1 49.1472
8.01242 1776.78 197.421 -23.4192 0.1 49.1472
8.02256 1778.78 197.184 -23.3826 0.1 49.1472
8.03271 1780.78 196.946 -23.346 0.1 49.1472
8.04287 1782.78 196.709 -23.3096 0.1 49.1472
8.05304 1784.78 196.472 -23.2732 0.1 49.1472
8.06323 1786.78 196.236 -23.2368 0.1 49.1472
8.07343 1788.78 195.999 -23.2006 0.1 49.1472
8.08364 1790.78 195.762 -23.1644 0.1 49.1472
8.09386 1792.78 195.526 -23.1282 0.1 49.1472
8.1041 1794.78 195.289 -23.0922 0.1 49.1472
8.11434 1796.78 195.053 -23.0562 0.1 49.1472
8.12435 1798.73 194.822 -23.0219 0.1 49.1508
8.13436 1800.68 194.592 -22.9862 0.1 49.1472
8.14439 1802.63 194.361 -22.952 0.1 49.1508
8.15443 1804.58 194.131 -22.9165 0.1 49.1472
8.16448 1806.53 193.901 -22.8824 0.1 49.1508
8.17454 1808.48 193.671 -22.847 0.1 49.1472
8.18462 1810.43 193.441 -22.8131 0.1 49.1508
8.1947 1812.38 193.211 -22.7778 0.1 49.1472
8.2048 1814.33 192.981 -22.744 0.1 49.1508
8.21491 1816.28 192.751 -22.7089 0.1 49.1472
8.22504 1818.23 192.522 -22.6752 0.1 49.1508
8.23517 1820.18 192.292 -22.6402 0.1 49.1472
8.24532 1822.13 192.062 -22.6067 0.1 49.1508
8.25548 1824.08 191.833 -22.5718 0.1 49.1472
8.26565 1826.03 191.604 -22.5383 0.1 49.1508
8.27583 1827.98 191.374 -22.5036 0.1 49.1472
8.28603 1829.93 191.145 -22.4703 0.1 49.1508
8.29623 1831.88 190.916 -22.4357 0.1 49.1471
8.30646 1833.83 190.687 -22.4025 0.1 49.1508
8.31669 1835.78 190.458 -22.368 0.1 49.1471
8.32693 1837.73 190.229 -22.3349 0.1 49.1508
8.33719 1839.68 190 -22.3006 0.1 49.1471
8.3472 1841.58 189.777 -22.2678 0.1 49.1471
8.35721 1843.48 189.554 -22.2351 0.1 49.1471
8.36724 1845.38 189.331 -22.2025 0.1 49.1471
8.37728 1847.28 189.108 -22.1699 0.1 49.1471
8.38734 1849.18 188.885 -22.1374 0.1 49.1471
8.3974 1851.08 188.663 -22.1049 0.1 49.1471
8.40748 1852.98 188.44 -22.0725 0.1 49.1471
8.41757 1854.88 188.218 -22.0402 0.1 49.1471
8.42767 1856.78 187.995 -22.0079 0.1 49.1471
8.43778 1858.68 187.773 -21.9757 0.1 49.1471
8.44791 1860.58 187.551 -21.9435 0.1 49.1471
8.45804 1862.48 187.328 -21.9114 0.1 49.1471
8.46819 1864.38 187.106 -21.8793 0.1 49.1471
8.47835 1866.28 186.884 -21.8473 0.1 49.1471
8.48853 1868.18 186.662 -21.8154 0.1 49.1471
8.49871 1870.08 186.44 -21.7835 0.1 49.1471
8.50891 1871.98 186.218 -21.7517 0.1 49.1471
8.51912 1873.88 185.996 -21.7199 0.1 49.1471
8.52934 1875.78 185.774 -21.6882 0.1 49.1471
8.53957 1877.68 185.552 -21.6566 0.1 49.1471
8.54982 1879.58 185.331 -21.625 0.1 49.1471
8.56008 1881.48 185.109 -21.5934 0.1 49.1471
8.57008 1883.33 184.893 -21.5634 0.1 49.1509
8.58009 1885.18 184.677 -21.5322 0.1 49.1471
8.59011 1887.03 184.462 -21.5023 0.1 49.1509
8.60015 1888.88 184.246 -21.4712 0.1 49.1471
8.61019 1890.73 184.03 -21.4414 0.1 49.1509
8.62025 1892.58 183.815 -21.4103 0.1 49.1471
8.63032 1894.43 183.6 -21.3807 0.1 49.1509
8.64041 1896.28 183.384 -21.3497 0.1 49.1471
8.6505 1898.13 183.169 -21.3202 0.1 49.1509
8.66061 1899.98 182.953 -21.2893 0.1 49.1471
8.67072 1901.83 182.738 -21.2599 0.1 49.1509
8.68085 1903.68 182.523 -21.2292 0.1 49.1471
8.691 1905.53 182.308 -21.1998 0.1 49.1509
8.70115 1907.38 182.093 -21.1692 0.1 49.1471
8.71132 1909.23 181.878 -21.1399 0.1 49.1509
8.72149 1911.08 181.663 -21.1094 0.1 49.1471
8.73168 1912.93 181.448 -21.0803 0.1 49.1509
8.74189 1914.78 181.233 -21.0499 0.1 49.147
8.7521 1916.63 181.018 -21.0208 0.1 49.1509
8.76233 1918.48 180.803 -20.9905 0.1 49.147
8.77256 1920.33 180.588 -20.9616 0.1 49.1509
8.78282 1922.18 180.374 -20.9314 0.1 49.147
8.79308 1924.03 180.159 -20.9025 0.1 49.1509
8.80335 1925.88 179.944 -20.8725 0.1 49.147
8.81336 1927.68 179.736 -20.8439 0.1 49.147
8.82338 1929.48 179.527 -20.8153 0.1 49.147
8.83342 1931.28 179.318 -20.7868 0.1 49.147
8.84346 1933.08 179.11 -20.7584 0.1 49.147
8.85351 1934.88 178.901 -20.73 0.1 49.147
8.86358 1936.68 178.692 -20.7016 0.1 49.147
8.87366 1938.48 178.484 -20.6733 0.1 49.147
8.88375 1940.28 178.275 -20.6451 0.1 49.147
8.89386 1942.08 178.067 -20.6169 0.1 49.147
8.90397 1943.88 177.859 -20.5887 0.1 49.147
8.9141 1945.68 177.65 -20.5606 0.1 49.147
8.92423 1947.48 177.442 -20.5325 0.1 49.147
8.93439 1949.28 177.234 -20.5045 0.1 49.147
8.94455 1951.08 177.026 -20.4766 0.1 49.147
8.95472 1952.88 176.817 -20.4486 0.1 49.147
8.96491 1954.68 176.609 -20.4208 0.1 49.147
8.97511 1956.48 176.401 -20.393 0.1 49.147
8.98532 1958.28 176.193 -20.3652 0.1 49.147
8.99554 1960.08 175.985 -20.3375 0.1 49.147
9.00577 1961.88 175.777 -20.3098 0.1 49.147
9.01602 1963.68 175.569 -20.2821 0.1 49.147
9.02628 1965.48 175.361 -20.2545 0.1 49.147
9.03655 1967.28 175.153 -20.227 0.1 49.147
9.04683 1969.08 174.945 -20.1995 0.1 49.147
9.05684 1970.83 174.743 -20.1734 0.1 49.151
9.06686 1972.58 174.541 -20.1462 0.1 49.147
9.07689 1974.33 174.339 -20.1202 0.1 49.151
9.08694 1976.08 174.137 -20.093 0.1 49.147
9.09699 1977.83 173.935 -20.0671 0.1 49.151
9.10706 1979.58 173.734 -20.0401 0.1 49.147
9.11714 1981.33 173.532 -20.0143 0.1 49.151
9.12723 1983.08 173.33 -19.9873 0.1 49.147
9.13733 1984.83 173.128 -19.9615 0.1 49.151
9.14745 1986.58 172.926 -19.9346 0.1 49.147
9.15757 1988.33 172.725 -19.909 0.1 49.151
9.16771 1990.08 172.523 -19.8822 0.1 49.147
9.17786 1991.83 172.321 -19.8566 0.1 49.151
9.18802 1993.58 172.12 -19.8299 0.1 49.1469
9.19819 1995.33 171.918 -19.8044 0.1 49.151
9.20838 1997.08 171.716 -19.7778 0.1 49.1469
9.21858 1998.83 171.515 -19.7524 0.1 49.151
9.22879 2000.58 171.313 -19.7259 0.1 49.1469
9.23901 2002.33 171.112 -19.7006 0.1 49.151
9.24924 2004.08 170.91 -19.6741 0.1 49.1469
9.25949 2005.83 170.709 -19.6489 0.1 49.151
9.26974 2007.58 170.508 -19.6225 0.1 49.1469
9.28001 2009.33 170.306 -19.5974 0.1 49.151
9.2903 2011.08 170.105 -19.5711 0.1 49.1469
9.30059 2012.83 169.904 -19.5461 0.1 49.151
9.3106 2014.53 169.708 -19.5212 0.1 49.151
9.32063 2016.23 169.512 -19.4963 0.1 49.151
9.33066 2017.93 169.317 -19.4715 0.1 49.151
9.34071 2019.63 169.121 -19.4468 0.1 49.1511
9.35076 2021.33 168.926 -19.4221 0.1 49.1511
9.36083 2023.03 168.731 -19.3974 0.1 49.1511
9.37092 2024.73 168.535 -19.3728 0.1 49.1511
9.38101 2026.43 168.34 -19.3482 0.1 49.1511
9.39111 2028.13 168.144 -19.3236 0.1 49.1511
9.40123 2029.83 167.949 -19.2991 0.1 49.1511
9.41136 2031.53 167.754 -19.2746 0.1 49.1511
9.4215 2033.23 167.558 -19.2502 0.1 49.1511
9.43165 2034.93 167.363 -19.2258 0.1 49.1511
9.44181 2036.63 167.168 -19.2014 0.1 49.1511
9.45199 2038.33 166.972 -19.1771 0.1 49.1511
9.46218 2040.03 166.777 -19.1528 0.1 49.1511
9.47238 2041.73 166.582 -19.1286 0.1 49.1511
9.48259 2043.43 166.387 -19.1044 0.1 49.1511
9.49281 2045.13 166.192 -19.0802 0.1 49.1511
9.50305 2046.83 165.997 -19.0561 0.1 49.1511
9.51329 2048.53 165.801 -19.032 0.1 49.1511
9.52355 2050.23 165.606 -19.0079 0.1 49.1511
9.53382 2051.93 165.411 -18.9839 0.1 49.1511
9.54411 2053.63 165.216 -18.9599 0.1 49.1511
9.5544 2055.33 165.021 -18.936 0.1 49.1511
9.56441 2056.98 164.832 -18.9122 0.1 49.1469
9.57442 2058.63 164.642 -18.8896 0.1 49.1511
9.58445 2060.28 164.453 -18.866 0.1 49.1469
9.59449 2061.93 164.264 -18.8434 0.1 49.1511
9.60454 2063.58 164.074 -18.8198 0.1 49.1468
9.6146 2065.23 163.885 -18.7974 0.1 49.1511
9.62468 2066.88 163.696 -18.7738 0.1 49.1468
9.63476 2068.53 163.507 -18.7514 0.1 49.1511
9.64486 2070.18 163.318 -18.728 0.1 49.1468
9.65497 2071.83 163.128 -18.7057 0.1 49.1511
9.66509 2073.48 162.939 -18.6823 0.1 49.1468
9.67522 2075.13 162.75 -18.66 0.1 49.1511
9.68537 2076.78 162.561 -18.6367 0.1 49.1468
9.69552 2078.43 162.372 -18.6145 0.1 49.1511
9.70569 2080.08 162.182 -18.5913 0.1 49.1468
9.71587 2081.73 161.993 -18.5692 0.1 49.1511
9.72606 2083.38 161.804 -18.546 0.1 49.1468
9.73627 2085.03 161.615 -18.524 0.1 49.1511
9.74648 2086.68 161.426 -18.5008 0.1 49.1468
9.75671 2088.33 161.237 -18.4789 0.1 49.1512
9.76695 2089.98 161.048 -18.4558 0.1 49.1468
9.7772 2091.63 160.859 -18.4339 0.1 49.1512
9.78746 2093.28 160.67 -18.411 0.1 49.1468
9.79774 2094.93 160.481 -18.3891 0.1 49.1512
9.80803 2096.58 160.291 -18.3662 0.1 49.1468
9.81833 2098.23 160.102 -18.3445 0.1 49.1512
9.82864 2099.88 159.913 -18.3217 0.1 49.1468
9.83865 2101.48 159.73 -18.3001 0.1 49.1468
9.84867 2103.08 159.547 -18.2785 0.1 49.1468
9.85871 2104.68 159.363 -18.257 0.1 49.1468
9.86876 2106.28 159.18 -18.2356 0.1 49.1468
9.87881 2107.88 158.997 -18.2141 0.1 49.1468
9.88888 2109.48 158.814 -18.1927 0.1 49.1468
9.89896 2111.08 158.63 -18.1713 0.1 49.1468
9.90905 2112.68 158.447 -18.15 0.1 49.1468
9.91916 2114.28 158.264 -18.1287 0.1 49.1468
9.92927 2115.88 158.08 -18.1074 0.1 49.1468
9.9394 2117.48 157.897 -18.0862 0.1 49.1468
9.94954 2119.08 157.714 -18.065 0.1 49.1468
9.95969 2120.68 157.531 -18.0438 0.1 49.1468
9.96986 2122.28 157.347 -18.0226 0.1 49.1468
9.98003 2123.88 157.164 -18.0015 0.1 49.1468
9.99022 2125.48 156.981 -17.9804 0.1 49.1468
10.0004 2127.08 156.798 -17.9594 0.1 49.1467
10.0106 2128.68 156.614 -17.9383 0.1 49.1467
10.0208 2130.28 156.431 -17.9173 0.1 49.1467
10.0311 2131.88 156.248 -17.8964 0.1 49.1467
10.0413 2133.48 156.064 -17.8754 0.1 49.1467
10.0516 2135.08 155.881 -17.8545 0.1 49.1467
10.0619 2136.68 155.698 -17.8337 0.1 49.1467
10.0721 2138.28 155.515 -17.8128 0.1 49.1467
10.0824 2139.88 155.331 -17.792 0.1 49.1467
10.0927 2141.48 155.148 -17.7713 0.1 49.1467
10.1031 2143.08 154.965 -17.7505 0.1 49.1467
10.1131 2144.63 154.787 -17.731 0.1 49.1512
10.1231 2146.18 154.61 -17.7104 0.1 49.1467
10.1331 2147.73 154.432 -17.6909 0.1 49.1512
10.1432 2149.28 154.255 -17.6704 0.1 49.1467
10.1532 2150.83 154.077 -17.651 0.1 49.1513
10.1633 2152.38 153.9 -17.6306 0.1 49.1467
10.1734 2153.93 153.722 -17.6112 0.1 49.1513
10.1834 2155.48 153.544 -17.5908 0.1 49.1467
10.1935 2157.03 153.367 -17.5715 0.1 49.1513
10.2037 2158.58 153.189 -17.5512 0.1 49.1467
10.2138 2160.13 153.012 -17.5319 0.1 49.1513
10.2239 2161.68 152.834 -17.5117 0.1 49.1467
10.2341 2163.23 152.656 -17.4925 0.1 49.1513
10.2442 2164.78 152.479 -17.4722 0.1 49.1467
10.2544 2166.33 152.301 -17.4531 0.1 49.1513
10.2646 2167.88 152.124 -17.433 0.1 49.1467
10.2748 2169.43 151.946 -17.4139 0.1 49.1513
10.285 2170.98 151.768 -17.3938 0.1 49.1467
10.2952 2172.53 151.591 -17.3747 0.1 49.1513
10.3054 2174.08 151.413 -17.3547 0.1 49.1467
10.3157 2175.63 151.235 -17.3357 0.1 49.1513
10.3259 2177.18 151.058 -17.3158 0.1 49.1467
10.3362 2178.73 150.88 -17.2968 0.1 49.1513
10.3465 2180.28 150.702 -17.2769 0.1 49.1467
10.3568 2181.83 150.525 -17.2581 0.1 49.1513
10.3671 2183.38 150.347 -17.2382 0.1 49.1467
10.3774 2184.93 150.169 -17.2194 0.1 49.1513
10.3877 2186.48 149.991 -17.1996 0.1 49.1466
10.3977 2187.98 149.819 -17.1809 0.1 49.1466
10.4077 2189.48 149.647 -17.1623 0.1 49.1466
10.4178 2190.98 149.475 -17.1437 0.1 49.1466
10.4278 2192.48 149.303 -17.1252 0.1 49.1466
10.4379 2193.98 149.131 -17.1066 0.1 49.1466
10.4479 2195.48 148.959 -17.0881 0.1 49.1466
10.458 2196.98 148.787 -17.0696 0.1 49.1466
10.4681 2198.48 148.615 -17.0512 0.1 49.1466
10.4782 2199.98 148.443 -17.0327 0.1 49.1466
10.4883 2201.48 148.271 -17.0143 0.1 49.1466
10.4984 2202.98 148.099 -16.9959 0.1 49.1466
10.5086 2204.48 147.926 -16.9776 0.1 49.1466
10.5187 2205.98 147.754 -16.9592 0.1 49.1466
10.5289 2207.48 147.582 -16.9409 0.1 49.1466
10.539 2208.98 147.41 -16.9226 0.1 49.1466
10.5492 2210.48 147.238 -16.9044 0.1 49.1466
10.5594 2211.98 147.065 -16.8862 0.1 49.1466
10.5696 2213.48 146.893 -16.868 0.1 49.1466
10.5798 2214.98 146.721 -16.8498 0.1 49.1466
10.5901 2216.48 146.549 -16.8316 0.1 49.1466
10.6003 2217.98 146.376 -16.8135 0.1 49.1466
10.6106 2219.48 146.204 -16.7954 0.1 49.1466
10.6208 2220.98 146.032 -16.7773 0.1 49.1466
10.6311 2222.48 145.859 -16.7593 0.1 49.1466
10.6414 2223.98 145.687 -16.7412 0.1 49.1466
10.6517 2225.48 145.515 -16.7232 0.1 49.1466
10.662 2226.98 145.342 -16.7053 0.1 49.1466
10.6723 2228.48 145.17 -16.6873 0.1 49.1466
10.6827 2229.98 144.997 -16.6694 0.1 49.1466
10.6927 2231.43 144.831 -16.6526 0.1 49.1514
10.7027 2232.88 144.664 -16.6348 0.1 49.1466
10.7127 2234.33 144.497 -16.618 0.1 49.1514
10.7228 2235.78 144.33 -16.6003 0.1 49.1466
10.7328 2237.23 144.164 -16.5836 0.1 49.1514
10.7429 2238.68 143.997 -16.5659 0.1 49.1466
10.753 2240.13 143.83 -16.5492 0.1 49.1514
10.7631 2241.58 143.663 -16.5316 0.1 49.1465
10.7732 2243.03 143.496 -16.515 0.1 49.1514
10.7833 2244.48 143.329 -16.4974 0.1 49.1465
10.7934 2245.93 143.163 -16.4808 0.1 49.1514
10.8035 2247.38 142.996 -16.4633 0.1 49.1465
10.8137 2248.83 142.829 -16.4467 0.1 49.1514
10.8238 2250.28 142.662 -16.4292 0.1 49.1465
10.834 2251.73 142.495 -16.4127 0.1 49.1514
10.8442 2253.18 142.328 -16.3953 0.1 49.1465
10.8544 2254.63 142.161 -16.3788 0.1 49.1514
10.8646 2256.08 141.994 -16.3614 0.1 49.1465
10.8748 2257.53 141.826 -16.345 0.1 49.1514
10.885 2258.98 141.659 -16.3277 0.1 49.1465
10.8953 2260.43 141.492 -16.3113 0.1 49.1515
10.9055 2261.88 141.325 -16.294 0.1 49.1465
10.9158 2263.33 141.158 -16.2777 0.1 49.1515
10.9261 2264.78 140.991 -16.2605 0.1 49.1465
10.9364 2266.23 140.823 -16.2442 0.1 49.1515
10.9467 2267.68 140.656 -16.227 0.1 49.1465
10.957 2269.13 140.489 -16.2107 0.1 49.1515
10.9673 2270.58 140.321 -16.1936 0.1 49.1465
10.9776 2272.03 140.154 -16.1774 0.1 49.1515
10.988 2273.48 139.987 -16.1603 0.1 49.1465
10.998 2274.88 139.825 -16.1442 0.1 49.1465
11.008 2276.28 139.663 -16.1282 0.1 49.1465
11.018 2277.68 139.502 -16.1122 0.1 49.1465
11.0281 2279.08 139.34 -16.0962 0.1 49.1465
11.0381 2280.48 139.178 -16.0803 0.1 49.1465
11.0482 2281.88 139.016 -16.0643 0.1 49.1465
11.0583 2283.28 138.855 -16.0484 0.1 49.1465
11.0684 2284.68 138.693 -16.0325 0.1 49.1465
11.0785 2286.08 138.531 -16.0166 0.1 49.1465
11.0886 2287.48 138.369 -16.0008 0.1 49.1465
11.0987 2288.88 138.207 -15.9849 0.1 49.1464
11.1088 2290.28 138.045 -15.9691 0.1 49.1464
11.119 2291.68 137.883 -15.9533 0.1 49.1464
11.1292 2293.08 137.721 -15.9376 0.1 49.1464
11.1393 2294.48 137.559 -15.9218 0.1 49.1464
11.1495 2295.88 137.397 -15.9061 0.1 49.1464
11.1597 2297.28 137.235 -15.8904 0.1 49.1464
11.1699 2298.68 137.073 -15.8747 0.1 49.1464
11.1801 2300.08 136.911 -15.859 0.1 49.1464
11.1904 2301.48 136.749 -15.8434 0.1 49.1464
11.2006 2302.88 136.586 -15.8277 0.1 49.1464
11.2109 2304.28 136.424 -15.8121 0.1 49.1464
11.2211 2305.68 136.262 -15.7965 0.1 49.1464
11.2314 2307.08 136.1 -15.781 0.1 49.1464
11.2417 2308.48 135.937 -15.7654 0.1 49.1464
11.252 2309.88 135.775 -15.7499 0.1 49.1464
11.2623 2311.28 135.612 -15.7344 0.1 49.1464
11.2727 2312.68 135.45 -15.7189 0.1 49.1464
11.283 2314.08 135.287 -15.7034 0.1 49.1464
11.2934 2315.48 135.125 -15.688 0.1 49.1464
11.3037 2316.88 134.962 -15.6725 0.1 49.1464
11.3137 2318.23 134.806 -15.6581 0.1 49.1516
11.3238 2319.58 134.649 -15.6428 0.1 49.1464
11.3338 2320.93 134.492 -15.6285 0.1 49.1516
11.3438 2322.28 134.335 -15.6132 0.1 49.1464
11.3539 2323.63 134.178 -15.5989 0.1 49.1516
11.364 2324.98 134.021 -15.5837 0.1 49.1464
11.374 2326.33 133.864 -15.5694 0.1 49.1516
11.3841 2327.68 133.707 -15.5542 0.1 49.1464
11.3942 2329.03 133.55 -15.5399 0.1 49.1516
11.4043 2330.38 133.393 -15.5248 0.1 49.1464
11.4145 2331.73 133.236 -15.5106 0.1 49.1516
11.4246 2333.08 133.079 -15.4955 0.1 49.1464
11.4348 2334.43 132.921 -15.4813 0.1 49.1516
11.4449 2335.78 132.764 -15.4662 0.1 49.1463
11.4551 2337.13 132.607 -15.4521 0.1 49.1516
11.4653 2338.48 132.45 -15.437 0.1 49.1463
11.4755 2339.83 132.292 -15.4229 0.1 49.1516
11.4857 2341.18 132.135 -15.4079 0.1 49.1463
11.4959 2342.53 131.977 -15.3938 0.1 49.1516
11.5061 2343.88 131.82 -15.3789 0.1 49.1463
11.5164 2345.23 131.662 -15.3648 0.1 49.1516
11.5267 2346.58 131.505 -15.3499 0.1 49.1463
11.5369 2347.93 131.347 -15.3359 0.1 49.1516
11.5472 2349.28 131.19 -15.321 0.1 49.1463
11.5575 2350.63 131.032 -15.3071 0.1 49.1517
11.5678 2351.98 130.874 -15.2922 0.1 49.1463
11.5781 2353.33 130.716 -15.2783 0.1 49.1517
11.5885 2354.68 130.559 -15.2635 0.1 49.1463
11.5988 2356.03 130.401 -15.2496 0.1 49.1517
11.6092 2357.38 130.243 -15.2348 0.1 49.1463
11.6196 2358.73 130.085 -15.2209 0.1 49.1517
11.6299 2360.08 129.927 -15.2062 0.1 49.1463
11.6399 2361.38 129.775 -15.1925 0.1 49.1463
11.65 2362.68 129.623 -15.1787 0.1 49.1463
11.66 2363.98 129.47 -15.165 0.1 49.1463
11.6701 2365.28 129.318 -15.1513 0.1 49.1463
11.6801 2366.58 129.166 -15.1377 0.1 49.1463
11.6902 2367.88 129.013 -15.124 0.1 49.1463
11.7003 2369.18 128.861 -15.1103 0.1 49.1463
11.7104 2370.48 128.708 -15.0967 0.1 49.1463
11.7205 2371.78 128.556 -15.0831 0.1 49.1463
11.7306 2373.08 128.403 -15.0695 0.1 49.1463
11.7407 2374.38 128.251 -15.0559 0.1 49.1463
11.7509 2375.68 128.098 -15.0424 0.1 49.1462
11.761 2376.98 127.945 -15.0288 0.1 49.1462
11.7712 2378.28 127.793 -15.0153 0.1 49.1462
11.7814 2379.58 127.64 -15.0018 0.1 49.1462
11.7916 2380.88 127.487 -14.9883 0.1 49.1462
11.8018 2382.18 127.334 -14.9748 0.1 49.1462
11.812 2383.48 127.181 -14.9613 0.1 49.1462
11.8222 2384.78 127.028 -14.9479 0.1 49.1462
11.8324 2386.08 126.875 -14.9344 0.1 49.1462
11.8427 2387.38 126.722 -14.921 0.1 49.1462
11.853 2388.68 126.569 -14.9076 0.1 49.1462
11.8632 2389.98 126.416 -14.8942 0.1 49.1462
11.8735 2391.28 126.263 -14.8809 0.1 49.1462
11.8838 2392.58 126.11 -14.8675 0.1 49.1462
11.8941 2393.88 125.956 -14.8542 0.1 49.1462
11.9045 2395.18 125.803 -14.8409 0.1 49.1462
11.9148 2396.48 125.65 -14.8276 0.1 49.1462
11.9252 2397.78 125.496 -14.8143 0.1 49.1462
11.9355 2399.08 125.343 -14.801 0.1 49.1462
11.9459 2400.38 125.189 -14.7878 0.1 49.1462
11.9563 2401.68 125.036 -14.7745 0.1 49.1462
11.9663 2402.93 124.888 -14.7622 0.1 49.1518
11.9763 2404.18 124.74 -14.7491 0.1 49.1462
11.9863 2405.43 124.592 -14.7368 0.1 49.1518
11.9964 2406.68 124.444 -14.7237 0.1 49.1462
12.0064 2407.93 124.296 -14.7115 0.1 49.1518
12.0165 2409.18 124.148 -14.6984 0.1 49.1462
12.0266 2410.43 124 -14.6862 0.1 49.1518
12.0367 2411.68 123.852 -14.6732 0.1 49.1462
12.0468 2412.93 123.704 -14.661 0.1 49.1518
12.0569 2414.18 123.556 -14.648 0.1 49.1461
12.067 2415.43 123.408 -14.6359 0.1 49.1518
12.0771 2416.68 123.26 -14.6229 0.1 49.1461
12.0873 2417.93 123.111 -14.6108 0.1 49.1518
12.0974 2419.18 122.963 -14.5978 0.1 49.1461
12.1076 2420.43 122.814 -14.5857 0.1 49.1518
12.1178 2421.68 122.666 -14.5728 0.1 49.1461
12.128 2422.93 122.517 -14.5608 0.1 49.1518
12.1382 2424.18 122.369 -14.5479 0.1 49.1461
12.1484 2425.43 122.22 -14.5358 0.1 49.1518
12.1587 2426.68 122.072 -14.523 0.1 49.1461
12.1689 2427.93 121.923 -14.511 0.1 49.1519
12.1792 2429.18 121.774 -14.4982 0.1 49.1461
12.1894 2430.43 121.625 -14.4862 0.1 49.1519
12.1997 2431.68 121.476 -14.4734 0.1 49.1461
12.21 2432.93 121.327 -14.4614 0.1 49.1519
12.2203 2434.18 121.178 -14.4487 0.1 49.1461
12.2306 2435.43 121.029 -14.4367 0.1 49.1519
12.241 2436.68 120.88 -14.424 0.1 49.1461
12.2513 2437.93 120.731 -14.4121 0.1 49.1519
12.2617 2439.18 120.582 -14.3994 0.1 49.1461
12.2721 2440.43 120.432 -14.3875 0.1 49.1519
12.2824 2441.68 120.283 -14.3748 0.1 49.1461
12.2928 2442.93 120.134 -14.363 0.1 49.1519
12.3033 2444.18 119.984 -14.3504 0.1 49.1461
12.3133 2445.38 119.841 -14.3386 0.1 49.1461
12.3233 2446.58 119.697 -14.3269 0.1 49.1461
12.3333 2447.78 119.553 -14.3152 0.1 49.1461
12.3434 2448.98 119.41 -14.3035 0.1 49.146
12.3534 2450.18 119.266 -14.2918 0.1 49.146
12.3635 2451.38 119.122 -14.2801 0.1 49.146
12.3736 2452.58 118.978 -14.2685 0.1 49.146
12.3836 2453.78 118.834 -14.2568 0.1 49.146
12.3938 2454.98 118.69 -14.2452 0.1 49.146
12.4039 2456.18 118.546 -14.2336 0.1 49.146
12.414 2457.38 118.402 -14.222 0.1 49.146
12.4241 2458.58 118.258 -14.2104 0.1 49.146
12.4343 2459.78 118.114 -14.1988 0.1 49.146
12.4445 2460.98 117.969 -14.1872 0.1 49.146
12.4546 2462.18 117.825 -14.1757 0.1 49.146
12.4648 2463.38 117.68 -14.1642 0.1 49.146
12.475 2464.58 117.536 -14.1526 0.1 49.146
12.4853 2465.78 117.391 -14.1411 0.1 49.146
12.4955 2466.98 117.247 -14.1296 0.1 49.146
12.5057 2468.18 117.102 -14.1181 0.1 49.146
12.516 2469.38 116.958 -14.1066 0.1 49.146
12.5262 2470.58 116.813 -14.0952 0.1 49.146
12.5365 2471.78 116.668 -14.0837 0.1 49.146
12.5468 2472.98 116.523 -14.0723 0.1 49.146
12.5571 2474.18 116.378 -14.0609 0.1 49.146
12.5674 2475.38 116.233 -14.0494 0.1 49.146
12.5778 2476.58 116.088 -14.038 0.1 49.146
12.5881 2477.78 115.943 -14.0267 0.1 49.146
12.5985 2478.98 115.798 -14.0153 0.1 49.146
12.6088 2480.18 115.652 -14.0039 0.1 49.146
12.6192 2481.38 115.507 -13.9926 0.1 49.146
12.6296 2482.58 115.362 -13.9812 0.1 49.1459
12.64 2483.78 115.216 -13.9699 0.1 49.1459
12.6504 2484.98 115.071 -13.9586 0.1 49.1459
12.6604 2486.13 114.931 -13.9481 0.1 49.152
12.6705 2487.28 114.791 -13.9369 0.1 49.1459
12.6805 2488.43 114.652 -13.9265 0.1 49.152
12.6905 2489.58 114.512 -13.9153 0.1 49.1459
12.7006 2490.73 114.372 -13.9049 0.1 49.152
12.7106 2491.88 114.232 -13.8938 0.1 49.1459
12.7207 2493.03 114.093 -13.8834 0.1 49.152
12.7308 2494.18 113.953 -13.8723 0.1 49.1459
12.7409 2495.33 113.813 -13.8619 0.1 49.1521
12.751 2496.48 113.672 -13.8508 0.1 49.1459
12.7611 2497.63 113.532 -13.8405 0.1 49.1521
12.7713 2498.78 113.392 -13.8294 0.1 49.1459
12.7814 2499.93 113.252 -13.8191 0.1 49.1521
12.7916 2501.08 113.111 -13.808 0.1 49.1459
12.8017 2502.23 112.971 -13.7977 0.1 49.1521
12.8119 2503.38 112.831 -13.7867 0.1 49.1459
12.8221 2504.53 112.69 -13.7764 0.1 49.1521
12.8323 2505.68 112.549 -13.7654 0.1 49.1459
12.8426 2506.83 112.409 -13.7552 0.1 49.1521
12.8528 2507.98 112.268 -13.7442 0.1 49.1459
12.863 2509.13 112.127 -13.7339 0.1 49.1521
12.8733 2510.28 111.986 -13.723 0.1 49.1459
12.8836 2511.43 111.845 -13.7128 0.1 49.1521
12.8939 2512.58 111.704 -13.7018 0.1 49.1458
12.9042 2513.73 111.563 -13.6916 0.1 49.1521
12.9145 2514.88 111.422 -13.6807 0.1 49.1458
12.9248 2516.03 111.281 -13.6706 0.1 49.1521
12.9352 2517.18 111.139 -13.6597 0.1 49.1458
12.9455 2518.33 110.998 -13.6495 0.1 49.1521
12.9559 2519.48 110.857 -13.6387 0.1 49.1458
12.9663 2520.63 110.715 -13.6285 0.1 49.1521
12.9767 2521.78 110.573 -13.6177 0.1 49.1458
12.9871 2522.93 110.432 -13.6076 0.1 49.1522
12.9975 2524.08 110.29 -13.5968 0.1 49.1458
13.0079 2525.23 110.148 -13.5867 0.1 49.1522
13.0184 2526.38 110.006 -13.5759 0.1 49.1458
13.0284 2527.48 109.871 -13.5659 0.1 49.1458
13.0384 2528.58 109.735 -13.556 0.1 49.1458
13.0484 2529.68 109.599 -13.546 0.1 49.1458
13.0585 2530.78 109.463 -13.5361 0.1 49.1458
13.0685 2531.88 109.327 -13.5262 0.1 49.1458
13.0786 2532.98 109.191 -13.5162 0.1 49.1458
13.0887 2534.08 109.054 -13.5063 0.1 49.1458
13.0988 2535.18 108.918 -13.4964 0.1 49.1458
13.1089 2536.28 108.782 -13.4865 0.1 49.1458
13.119 2537.38 108.645 -13.4767 0.1 49.1458
13.1291 2538.48 108.509 -13.4668 0.1 49.1458
13.1393 2539.58 108.372 -13.4569 0.1 49.1458
13.1494 2540.68 108.236 -13.4471 0.1 49.1457
13.1596 2541.78 108.099 -13.4372 0.1 49.1457
13.1698 2542.88 107.962 -13.4274 0.1 49.1457
13.18 2543.98 107.825 -13.4176 0.1 49.1457
13.1902 2545.08 107.688 -13.4078 0.1 49.1457
13.2004 2546.18 107.551 -13.398 0.1 49.1457
13.2106 2547.28 107.414 -13.3882 0.1 49.1457
13.2209 2548.38 107.277 -13.3784 0.1 49.1457
13.2311 2549.48 107.14 -13.3687 0.1 49.1457
13.2414 2550.58 107.003 -13.3589 0.1 49.1457
13.2517 2551.68 106.865 -13.3491 0.1 49.1457
13.262 2552.78 106.728 -13.3394 0.1 49.1457
13.2723 2553.88 106.59 -13.3297 0.1 49.1457
13.2826 2554.98 106.453 -13.32 0.1 49.1457
13.293 2556.08 106.315 -13.3102 0.1 49.1457
13.3033 2557.18 106.177 -13.3005 0.1 49.1457
13.3137 2558.28 106.039 -13.2909 0.1 49.1457
13.3241 2559.38 105.902 -13.2812 0.1 49.1457
13.3345 2560.48 105.764 -13.2715 0.1 49.1457
13.3449 2561.58 105.625 -13.2618 0.1 49.1457
13.3553 2562.68 105.487 -13.2522 0.1 49.1457
13.3657 2563.78 105.349 -13.2426 0.1 49.1457
13.3762 2564.88 105.211 -13.2329 0.1 49.1457
13.3867 2565.98 105.072 -13.2233 0.1 49.1456
13.3971 2567.08 104.934 -13.2137 0.1 49.1456
13.4071 2568.13 104.802 -13.2049 0.1 49.1523
13.4172 2569.18 104.669 -13.1954 0.1 49.1456
13.4272 2570.23 104.537 -13.1866 0.1 49.1523
13.4373 2571.28 104.404 -13.1771 0.1 49.1456
13.4473 2572.33 104.272 -13.1683 0.1 49.1523
13.4574 2573.38 104.139 -13.1588 0.1 49.1456
13.4675 2574.43 104.006 -13.1501 0.1 49.1523
13.4776 2575.48 103.874 -13.1406 0.1 49.1456
13.4877 2576.53 103.741 -13.1319 0.1 49.1524
13.4978 2577.58 103.608 -13.1224 0.1 49.1456
13.508 2578.63 103.475 -13.1137 0.1 49.1524
13.5181 2579.68 103.342 -13.1043 0.1 49.1456
13.5283 2580.73 103.209 -13.0956 0.1 49.1524
13.5385 2581.78 103.075 -13.0862 0.1 49.1456
13.5487 2582.83 102.942 -13.0775 0.1 49.1524
13.5589 2583.88 102.808 -13.0681 0.1 49.1456
13.5691 2584.93 102.675 -13.0594 0.1 49.1524
13.5793 2585.98 102.541 -13.0501 0.1 49.1456
13.5896 2587.03 102.408 -13.0414 0.1 49.1524
13.5998 2588.08 102.274 -13.0321 0.1 49.1456
13.6101 2589.13 102.14 -13.0234 0.1 49.1524
13.6204 2590.18 102.006 -13.0141 0.1 49.1455
13.6307 2591.23 101.872 -13.0054 0.1 49.1524
13.641 2592.28 101.738 -12.9962 0.1 49.1455
13.6513 2593.33 101.604 -12.9875 0.1 49.1524
13.6617 2594.38 101.47 -12.9783 0.1 49.1455
13.672 2595.43 101.335 -12.9696 0.1 49.1524
13.6824 2596.48 101.201 -12.9604 0.1 49.1455
13.6928 2597.53 101.066 -12.9518 0.1 49.1524
13.7032 2598.58 100.932 -12.9426 0.1 49.1455
13.7136 2599.63 100.797 -12.934 0.1 49.1525
13.724 2600.68 100.662 -12.9248 0.1 49.1455
13.7345 2601.73 100.527 -12.9162 0.1 49.1525
13.7449 2602.78 100.392 -12.907 0.1 49.1455
13.7554 2603.83 100.257 -12.8985 0.1 49.1525
13.7659 2604.88 100.122 -12.8893 0.1 49.1455
13.7764 2605.93 99.9871 -12.8807 0.1 49.1525
13.7864 2606.93 99.8582 -12.8723 0.1 49.1525
13.7964 2607.93 99.7293 -12.8639 0.1 49.1525
13.8064 2608.93 99.6002 -12.8555 0.1 49.1525
13.8165 2609.93 99.4711 -12.8471 0.1 49.1525
13.8265 2610.93 99.3419 -12.8387 0.1 49.1525
13.8366 2611.93 99.2126 -12.8303 0.1 49.1525
13.8467 2612.93 99.0833 -12.822 0.1 49.1525
13.8568 2613.93 98.9538 -12.8136 0.1 49.1525
13.8669 2614.93 98.8243 -12.8052 0.1 49.1525
13.877 2615.93 98.6947 -12.7969 0.1 49.1525
13.8872 2616.93 98.565 -12.7885 0.1 49.1525
13.8973 2617.93 98.4352 -12.7802 0.1 49.1525
13.9075 2618.93 98.3053 -12.7719 0.1 49.1525
13.9177 2619.93 98.1753 -12.7635 0.1 49.1525
13.9278 2620.93 98.0453 -12.7552 0.1 49.1526
13.9381 2621.93 97.9151 -12.7469 0.1 49.1526
13.9483 2622.93 97.7849 -12.7386 0.1 49.1526
13.9585 2623.93 97.6546 -12.7303 0.1 49.1526
13.9688 2624.93 97.5242 -12.722 0.1 49.1526
13.979 2625.93 97.3937 -12.7138 0.1 49.1526
13.9893 2626.93 97.2631 -12.7055 0.1 49.1526
13.9996 2627.93 97.1324 -12.6972 0.1 49.1526
14.0099 2628.93 97.0017 -12.689 0.1 49.1526
14.0202 2629.93 96.8708 -12.6807 0.1 49.1526
14.0305 2630.93 96.7399 -12.6725 0.1 49.1526
14.0409 2631.93 96.6088 -12.6643 0.1 49.1526
14.0512 2632.93 96.4777 -12.6561 0.1 49.1526
14.0616 2633.93 96.3465 -12.6478 0.1 49.1526
14.072 2634.93 96.2151 -12.6396 0.1 49.1526
14.0824 2635.93 96.0837 -12.6314 0.1 49.1526
14.0928 2636.93 95.9522 -12.6232 0.1 49.1526
14.1032 2637.93 95.8206 -12.6151 0.1 49.1526
14.1137 2638.93 95.6889 -12.6069 0.1 49.1526
14.1241 2639.93 95.5571 -12.5987 0.1 49.1526
14.1346 2640.93 95.4252 -12.5905 0.1 49.1526
14.1451 2641.93 95.2932 -12.5824 0.1 49.1527
14.1556 2642.93 95.1611 -12.5742 0.1 49.1527
14.1661 2643.93 95.0289 -12.5661 0.1 49.1527
14.1761 2644.88 94.9033 -12.5581 0.1 49.1453
14.1861 2645.83 94.7775 -12.5507 0.1 49.1527
14.1962 2646.78 94.6517 -12.5426 0.1 49.1453
14.2062 2647.73 94.5257 -12.5352 0.1 49.1527
14.2163 2648.68 94.3997 -12.5272 0.1 49.1453
14.2263 2649.63 94.2736 -12.5199 0.1 49.1527
14.2364 2650.58 94.1474 -12.5119 0.1 49.1453
14.2465 2651.53 94.0211 -12.5045 0.1 49.1527
14.2566 2652.48 93.8947 -12.4965 0.1 49.1453
14.2668 2653.43 93.7682 -12.4892 0.1 49.1527
14.2769 2654.38 93.6416 -12.4812 0.1 49.1452
14.287 2655.33 93.5149 -12.4738 0.1 49.1527
14.2972 2656.28 93.3882 -12.4659 0.1 49.1452
14.3074 2657.23 93.2613 -12.4586 0.1 49.1527
14.3176 2658.18 93.1344 -12.4506 0.1 49.1452
14.3278 2659.13 93.0073 -12.4433 0.1 49.1527
14.338 2660.08 92.8802 -12.4354 0.1 49.1452
14.3483 2661.03 92.7529 -12.4281 0.1 49.1528
14.3585 2661.98 92.6256 -12.4202 0.1 49.1452
14.3688 2662.93 92.4981 -12.4129 0.1 49.1528
14.379 2663.88 92.3706 -12.405 0.1 49.1452
14.3893 2664.83 92.243 -12.3977 0.1 49.1528
14.3996 2665.78 92.1152 -12.3898 0.1 49.1452
14.41 2666.73 91.9874 -12.3825 0.1 49.1528
14.4203 2667.68 91.8595 -12.3747 0.1 49.1452
14.4306 2668.63 91.7314 -12.3674 0.1 49.1528
14.441 2669.58 91.6033 -12.3596 0.1 49.1452
14.4514 2670.53 91.4751 -12.3523 0.1 49.1528
14.4618 2671.48 91.3467 -12.3445 0.1 49.1451
14.4722 2672.43 91.2183 -12.3373 0.1 49.1528
14.4826 2673.38 91.0898 -12.3294 0.1 49.1451
14.4931 2674.33 90.9611 -12.3222 0.1 49.1528
14.5035 2675.28 90.8324 -12.3144 0.1 49.1451
14.514 2676.23 90.7035 -12.3072 0.1 49.1528
14.5245 2677.18 90.5746 -12.2994 0.1 49.1451
14.5349 2678.13 90.4455 -12.2922 0.1 49.1529
14.5455 2679.08 90.3163 -12.2844 0.1 49.1451
14.556 2680.03 90.1871 -12.2772 0.1 49.1529
14.5665 2680.98 90.0577 -12.2695 0.1 49.1451
14.5765 2681.88 89.935 -12.2624 0.1 49.1451
14.5865 2682.78 89.8122 -12.2553 0.1 49.1451
14.5966 2683.68 89.6894 -12.2483 0.1 49.1451
14.6066 2684.58 89.5664 -12.2412 0.1 49.1451
14.6167 2685.48 89.4434 -12.2342 0.1 49.1451
14.6267 2686.38 89.3202 -12.2271 0.1 49.1451
14.6368 2687.28 89.197 -12.2201 0.1 49.1451
14.6469 2688.18 89.0736 -12.2131 0.1 49.1451
14.657 2689.08 88.9501 -12.206 0.1 49.145
14.6672 2689.98 88.8266 -12.199 0.1 49.145
14.6773 2690.88 88.7029 -12.192 0.1 49.145
14.6874 2691.78 88.5792 -12.185 0.1 49.145
14.6976 2692.68 88.4553 -12.178 0.1 49.145
14.7078 2693.58 88.3314 -12.171 0.1 49.145
14.718 2694.48 88.2073 -12.164 0.1 49.145
14.7282 2695.38 88.0831 -12.157 0.1 49.145
14.7384 2696.28 87.9589 -12.15 0.1 49.145
14.7487 2697.18 87.8345 -12.1431 0.1 49.145
14.7589 2698.08 87.71 -12.1361 0.1 49.145
14.7692 2698.98 87.5854 -12.1291 0.1 49.145
14.7795 2699.88 87.4607 -12.1222 0.1 49.145
14.7898 2700.78 87.3359 -12.1152 0.1 49.145
14.8001 2701.68 87.211 -12.1083 0.1 49.145
14.8104 2702.58 87.086 -12.1013 0.1 49.145
14.8208 2703.48 86.9609 -12.0944 0.1 49.145
14.8311 2704.38 86.8356 -12.0875 0.1 49.145
14.8415 2705.28 86.7103 -12.0806 0.1 49.1449
14.8519 2706.18 86.5849 -12.0736 0.1 49.1449
14.8623 2707.08 86.4593 -12.0667 0.1 49.1449
14.8727 2707.98 86.3336 -12.0598 0.1 49.1449
14.8831 2708.88 86.2079 -12.0529 0.1 49.1449
14.8936 2709.78 86.082 -12.046 0.1 49.1449
14.904 2710.68 85.956 -12.0391 0.1 49.1449
14.9145 2711.58 85.8298 -12.0323 0.1 49.1449
14.925 2712.48 85.7036 -12.0254 0.1 49.1449
14.9355 2713.38 85.5773 -12.0185 0.1 49.1449
14.946 2714.28 85.4508 -12.0116 0.1 49.1449
14.9566 2715.18 85.3242 -12.0048 0.1 49.1449
14.9671 2716.08 85.1975 -11.9979 0.1 49.1449
14.9777 2716.98 85.0707 -11.9911 0.1 49.1449
14.9883 2717.88 84.9438 -11.9842 0.1 49.1449
14.9983 2718.73 84.8238 -11.978 0.1 49.1531
15.0083 2719.58 84.7038 -11.9713 0.1 49.1448
15.0184 2720.43 84.5836 -11.9651 0.1 49.1531
15.0284 2721.28 84.4633 -11.9584 0.1 49.1448
15.0385 2722.13 84.3429 -11.9523 0.1 49.1531
15.0486 2722.98 84.2224 -11.9456 0.1 49.1448
15.0587 2723.83 84.1017 -11.9394 0.1 49.1531
15.0688 2724.68 83.981 -11.9327 0.1 49.1448
15.0789 2725.53 83.8602 -11.9266 0.1 49.1532
15.0891 2726.38 83.7392 -11.9199 0.1 49.1448
15.0992 2727.23 83.6182 -11.9138 0.1 49.1532
15.1094 2728.08 83.497 -11.9071 0.1 49.1448
15.1196 2728.93 83.3757 -11.901 0.1 49.1532
15.1298 2729.78 83.2544 -11.8943 0.1 49.1448
15.14 2730.63 83.1329 -11.8882 0.1 49.1532
15.1503 2731.48 83.0113 -11.8815 0.1 49.1448
15.1605 2732.33 82.8895 -11.8754 0.1 49.1532
15.1708 2733.18 82.7677 -11.8688 0.1 49.1448
15.181 2734.03 82.6457 -11.8627 0.1 49.1532
15.1913 2734.88 82.5237 -11.8561 0.1 49.1447
15.2016 2735.73 82.4015 -11.85 0.1 49.1532
15.212 2736.58 82.2792 -11.8433 0.1 49.1447
15.2223 2737.43 82.1568 -11.8373 0.1 49.1532
15.2327 2738.28 82.0343 -11.8307 0.1 49.1447
15.243 2739.13 81.9116 -11.8246 0.1 49.1533
15.2534 2739.98 81.7888 -11.818 0.1 49.1447
15.2638 2740.83 81.666 -11.8119 0.1 49.1533
15.2742 2741.68 81.543 -11.8053 0.1 49.1447
15.2847 2742.53 81.4198 -11.7993 0.1 49.1533
15.2951 2743.38 81.2966 -11.7927 0.1 49.1447
15.3056 2744.23 81.1732 -11.7867 0.1 49.1533
15.3161 2745.08 81.0497 -11.7801 0.1 49.1447
15.3266 2745.93 80.9261 -11.7741 0.1 49.1533
15.3371 2746.78 80.8024 -11.7675 0.1 49.1446
15.3476 2747.63 80.6785 -11.7615 0.1 49.1533
15.3581 2748.48 80.5546 -11.7549 0.1 49.1446
15.3687 2749.33 80.4305 -11.7489 0.1 49.1533
15.3793 2750.18 80.3062 -11.7424 0.1 49.1446
15.3899 2751.03 80.1819 -11.7364 0.1 49.1533
15.4005 2751.88 80.0574 -11.7299 0.1 49.1446
15.4105 2752.68 79.9401 -11.724 0.1 49.1446
15.4205 2753.48 79.8227 -11.7181 0.1 49.1446
15.4305 2754.28 79.7052 -11.7122 0.1 49.1446
15.4406 2755.08 79.5876 -11.7063 0.1 49.1446
15.4506 2755.88 79.4699 -11.7005 0.1 49.1446
15.4607 2756.68 79.352 -11.6946 0.1 49.1446
15.4708 2757.48 79.2341 -11.6887 0.1 49.1446
15.4809 2758.28 79.116 -11.6829 0.1 49.1446
15.491 2759.08 78.9978 -11.677 0.1 49.1446
15.5012 2759.88 78.8795 -11.6712 0.1 49.1445
15.5113 2760.68 78.761 -11.6653 0.1 49.1445
15.5215 2761.48 78.6425 -11.6595 0.1 49.1445
15.5317 2762.28 78.5238 -11.6536 0.1 49.1445
15.5418 2763.08 78.405 -11.6478 0.1 49.1445
15.5521 2763.88 78.2861 -11.642 0.1 49.1445
15.5623 2764.68 78.1671 -11.6361 0.1 49.1445
15.5725 2765.48 78.0479 -11.6303 0.1 49.1445
15.5828 2766.28 77.9286 -11.6245 0.1 49.1445
15.5931 2767.08 77.8092 -11.6187 0.1 49.1445
15.6034 2767.88 77.6897 -11.6129 0.1 49.1445
15.6137 2768.68 77.5701 -11.6071 0.1 49.1445
15.624 2769.48 77.4503 -11.6013 0.1 49.1445
15.6343 2770.28 77.3304 -11.5955 0.1 49.1445
15.6447 2771.08 77.2104 -11.5897 0.1 49.1444
15.655 2771.88 77.0902 -11.5839 0.1 49.1444
15.6654 2772.68 76.9699 -11.5781 0.1 49.1444
15.6758 2773.48 76.8495 -11.5723 0.1 49.1444
15.6862 2774.28 76.729 -11.5666 0.1 49.1444
15.6967 2775.08 76.6083 -11.5608 0.1 49.1444
15.7071 2775.88 76.4875 -11.555 0.1 49.1444
15.7176 2776.68 76.3666 -11.5493 0.1 49.1444
15.7281 2777.48 76.2455 -11.5435 0.1 49.1444
15.7386 2778.28 76.1243 -11.5378 0.1 49.1444
15.7491 2779.08 76.003 -11.532 0.1 49.1444
15.7596 2779.88 75.8816 -11.5263 0.1 49.1444
15.7702 2780.68 75.76 -11.5205 0.1 49.1444
15.7808 2781.48 75.6382 -11.5148 0.1 49.1444
15.7913 2782.28 75.5164 -11.5091 0.1 49.1443
15.802 2783.08 75.3944 -11.5033 0.1 49.1443
15.8126 2783.88 75.2723 -11.4976 0.1 49.1443
15.8232 2784.68 75.15 -11.4919 0.1 49.1443
15.8339 2785.48 75.0276 -11.4862 0.1 49.1443
15.8439 2786.23 74.9127 -11.481 0.1 49.1537
15.8539 2786.98 74.7977 -11.4755 0.1 49.1443
15.8639 2787.73 74.6825 -11.4704 0.1 49.1537
15.874 2788.48 74.5673 -11.4648 0.1 49.1443
15.884 2789.23 74.4519 -11.4597 0.1 49.1537
15.8941 2789.98 74.3364 -11.4541 0.1 49.1443
15.9042 2790.73 74.2208 -11.449 0.1 49.1537
15.9143 2791.48 74.105 -11.4434 0.1 49.1443
15.9245 2792.23 73.9891 -11.4383 0.1 49.1537
15.9346 2792.98 73.8731 -11.4328 0.1 49.1442
15.9448 2793.73 73.757 -11.4277 0.1 49.1537
15.9549 2794.48 73.6407 -11.4222 0.1 49.1442
15.9651 2795.23 73.5243 -11.4171 0.1 49.1537
15.9753 2795.98 73.4078 -11.4115 0.1 49.1442
15.9856 2796.73 73.2911 -11.4065 0.1 49.1538
15.9958 2797.48 73.1743 -11.4009 0.1 49.1442
16.0061 2798.23 73.0574 -11.3959 0.1 49.1538
16.0163 2798.98 72.9403 -11.3904 0.1 49.1442
16.0266 2799.73 72.8231 -11.3853 0.1 49.1538
16.0369 2800.48 72.7058 -11.3798 0.1 49.1442
16.0473 2801.23 72.5883 -11.3747 0.1 49.1538
16.0576 2801.98 72.4708 -11.3692 0.1 49.1442
16.068 2802.73 72.353 -11.3642 0.1 49.1538
16.0783 2803.48 72.2351 -11.3587 0.1 49.1441
16.0887 2804.23 72.1171 -11.3536 0.1 49.1538
16.0991 2804.98 71.999 -11.3482 0.1 49.1441
16.1096 2805.73 71.8807 -11.3431 0.1 49.1538
16.12 2806.48 71.7623 -11.3376 0.1 49.1441
16.1305 2807.23 71.6437 -11.3326 0.1 49.1539
16.141 2807.98 71.525 -11.3271 0.1 49.1441
16.1514 2808.73 71.4061 -11.3221 0.1 49.1539
16.162 2809.48 71.2871 -11.3167 0.1 49.1441
16.1725 2810.23 71.168 -11.3116 0.1 49.1539
16.183 2810.98 71.0487 -11.3062 0.1 49.1441
16.1936 2811.73 70.9293 -11.3012 0.1 49.1539
16.2042 2812.48 70.8097 -11.2957 0.1 49.144
16.2148 2813.23 70.69 -11.2907 0.1 49.1539
16.2254 2813.98 70.5701 -11.2853 0.1 49.144
16.236 2814.73 70.4501 -11.2803 0.1 49.1539
16.2467 2815.48 70.33 -11.2749 0.1 49.144
16.2574 2816.23 70.2096 -11.2699 0.1 49.154
16.2681 2816.98 70.0892 -11.2644 0.1 49.144
16.2788 2817.73 69.9685 -11.2595 0.1 49.154
16.2888 2818.43 69.8558 -11.2546 0.1 49.154
16.2988 2819.13 69.743 -11.2498 0.1 49.154
16.3089 2819.83 69.63 -11.2449 0.1 49.154
16.3189 2820.53 69.5169 -11.2401 0.1 49.154
16.329 2821.23 69.4036 -11.2352 0.1 49.154
16.3391 2821.93 69.2902 -11.2304 0.1 49.154
16.3492 2822.63 69.1767 -11.2256 0.1 49.154
16.3593 2823.33 69.063 -11.2207 0.1 49.154
16.3695 2824.03 68.9492 -11.2159 0.1 49.1541
16.3796 2824.73 68.8353 -11.2111 0.1 49.1541
16.3898 2825.43 68.7212 -11.2063 0.1 49.1541
16.4 2826.13 68.607 -11.2014 0.1 49.1541
16.4102 2826.83 68.4926 -11.1966 0.1 49.1541
16.4205 2827.53 68.3781 -11.1918 0.1 49.1541
16.4307 2828.23 68.2635 -11.187 0.1 49.1541
16.441 2828.93 68.1487 -11.1822 0.1 49.1541
16.4513 2829.63 68.0338 -11.1774 0.1 49.1541
16.4616 2830.33 67.9187 -11.1726 0.1 49.1541
16.4719 2831.03 67.8034 -11.1678 0.1 49.1541
16.4822 2831.73 67.6881 -11.163 0.1 49.1542
16.4926 2832.43 67.5726 -11.1582 0.1 49.1542
16.5029 2833.13 67.4569 -11.1534 0.1 49.1542
16.5133 2833.83 67.3411 -11.1487 0.1 49.1542
16.5237 2834.53 67.2251 -11.1439 0.1 49.1542
16.5341 2835.23 67.109 -11.1391 0.1 49.1542
16.5446 2835.93 66.9927 -11.1343 0.1 49.1542
16.555 2836.63 66.8763 -11.1296 0.1 49.1542
16.5655 2837.33 66.7597 -11.1248 0.1 49.1542
16.576 2838.03 66.643 -11.12 0.1 49.1542
16.5865 2838.73 66.5261 -11.1153 0.1 49.1542
16.5971 2839.43 66.4091 -11.1105 0.1 49.1543
16.6076 2840.13 66.2919 -11.1057 0.1 49.1543
16.6182 2840.83 66.1745 -11.101 0.1 49.1543
16.6288 2841.53 66.057 -11.0962 0.1 49.1543
16.6394 2842.23 65.9393 -11.0915 0.1 49.1543
16.65 2842.93 65.8215 -11.0867 0.1 49.1543
16.6606 2843.63 65.7035 -11.082 0.1 49.1543
16.6713 2844.33 65.5854 -11.0773 0.1 49.1543
16.682 2845.03 65.467 -11.0725 0.1 49.1543
16.6927 2845.73 65.3486 -11.0678 0.1 49.1543
16.7034 2846.43 65.2299 -11.0631 0.1 49.1543
16.7142 2847.13 65.1111 -11.0583 0.1 49.1544
16.7249 2847.83 64.9921 -11.0536 0.1 49.1544
16.7349 2848.48 64.8815 -11.049 0.1 49.1436
16.745 2849.13 64.7707 -11.0449 0.1 49.1544
16.755 2849.78 64.6598 -11.0403 0.1 49.1436
16.7651 2850.43 64.5488 -11.0361 0.1 49.1544
16.7751 2851.08 64.4375 -11.0315 0.1 49.1435
16.7852 2851.73 64.3262 -11.0274 0.1 49.1544
16.7953 2852.38 64.2147 -11.0228 0.1 49.1435
16.8055 2853.03 64.103 -11.0186 0.1 49.1544
16.8156 2853.68 63.9912 -11.0141 0.1 49.1435
16.8258 2854.33 63.8793 -11.0099 0.1 49.1545
16.836 2854.98 63.7671 -11.0054 0.1 49.1435
16.8462 2855.63 63.6549 -11.0012 0.1 49.1545
16.8564 2856.28 63.5425 -10.9967 0.1 49.1435
16.8666 2856.93 63.4299 -10.9925 0.1 49.1545
16.8769 2857.58 63.3172 -10.988 0.1 49.1435
16.8872 2858.23 63.2043 -10.9838 0.1 49.1545
16.8975 2858.88 63.0912 -10.9793 0.1 49.1434
16.9078 2859.53 62.978 -10.9751 0.1 49.1545
16.9181 2860.18 62.8647 -10.9706 0.1 49.1434
16.9285 2860.83 62.7511 -10.9665 0.1 49.1546
16.9388 2861.48 62.6375 -10.9619 0.1 49.1434
16.9492 2862.13 62.5236 -10.9578 0.1 49.1546
16.9596 2862.78 62.4096 -10.9533 0.1 49.1434
16.9701 2863.43 62.2955 -10.9492 0.1 49.1546
16.9805 2864.08 62.1811 -10.9446 0.1 49.1434
16.991 2864.73 62.0666 -10.9405 0.1 49.1546
17.0014 2865.38 61.952 -10.936 0.1 49.1433
17.0119 2866.03 61.8371 -10.9319 0.1 49.1546
17.0225 2866.68 61.7221 -10.9274 0.1 49.1433
17.033 2867.33 61.607 -10.9233 0.1 49.1547
17.0436 2867.98 61.4916 -10.9188 0.1 49.1433
17.0542 2868.63 61.3761 -10.9147 0.1 49.1547
17.0648 2869.28 61.2604 -10.9102 0.1 49.1433
17.0754 2869.93 61.1446 -10.9061 0.1 49.1547
17.086 2870.58 61.0285 -10.9016 0.1 49.1432
17.0967 2871.23 60.9123 -10.8975 0.1 49.1547
17.1074 2871.88 60.7959 -10.893 0.1 49.1432
17.1181 2872.53 60.6794 -10.8889 0.1 49.1547
17.1288 2873.18 60.5626 -10.8844 0.1 49.1432
17.1395 2873.83 60.4457 -10.8803 0.1 49.1548
17.1503 2874.48 60.3286 -10.8759 0.1 49.1432
17.1611 2875.13 60.2114 -10.8718 0.1 49.1548
17.1719 2875.78 60.0939 -10.8673 0.1 49.1432
17.1827 2876.43 59.9762 -10.8632 0.1 49.1548
17.1927 2877.03 59.8675 -10.8593 0.1 49.1548
17.2028 2877.63 59.7586 -10.8554 0.1 49.1548
17.2128 2878.23 59.6495 -10.8514 0.1 49.1548
17.2229 2878.83 59.5403 -10.8475 0.1 49.1549
17.233 2879.43 59.4309 -10.8436 0.1 49.1549
17.2431 2880.03 59.3213 -10.8396 0.1 49.1549
17.2532 2880.63 59.2116 -10.8357 0.1 49.1549
17.2633 2881.23 59.1017 -10.8318 0.1 49.1549
17.2735 2881.83 58.9916 -10.8278 0.1 49.1549
17.2837 2882.43 58.8814 -10.8239 0.1 49.1549
17.2939 2883.03 58.771 -10.82 0.1 49.1549
17.3041 2883.63 58.6605 -10.8161 0.1 49.1549
17.3143 2884.23 58.5498 -10.8122 0.1 49.155
17.3246 2884.83 58.4389 -10.8083 0.1 49.155
17.3349 2885.43 58.3278 -10.8043 0.1 49.155
17.3452 2886.03 58.2166 -10.8004 0.1 49.155
17.3555 2886.63 58.1052 -10.7965 0.1 49.155
17.3658 2887.23 57.9936 -10.7926 0.1 49.155
17.3762 2887.83 57.8818 -10.7887 0.1 49.155
17.3866 2888.43 57.7699 -10.7848 0.1 49.155
17.397 2889.03 57.6578 -10.7809 0.1 49.1551
17.4074 2889.63 57.5455 -10.777 0.1 49.1551
17.4178 2890.23 57.433 -10.7731 0.1 49.1551
17.4283 2890.83 57.3204 -10.7692 0.1 49.1551
17.4388 2891.43 57.2076 -10.7654 0.1 49.1551
17.4493 2892.03 57.0946 -10.7615 0.1 49.1551
17.4598 2892.63 56.9814 -10.7576 0.1 49.1551
17.4703 2893.23 56.868 -10.7537 0.1 49.1551
17.4809 2893.83 56.7544 -10.7498 0.1 49.1551
17.4915 2894.43 56.6407 -10.7459 0.1 49.1552
17.5021 2895.03 56.5268 -10.7421 0.1 49.1552
17.5127 2895.63 56.4126 -10.7382 0.1 49.1552
17.5233 2896.23 56.2983 -10.7343 0.1 49.1552
17.534 2896.83 56.1838 -10.7304 0.1 49.1552
17.5447 2897.43 56.0691 -10.7266 0.1 49.1552
17.5554 2898.03 55.9542 -10.7227 0.1 49.1552
17.5661 2898.63 55.8392 -10.7188 0.1 49.1552
17.5769 2899.23 55.7239 -10.715 0.1 49.1553
17.5877 2899.83 55.6084 -10.7111 0.1 49.1553
17.5985 2900.43 55.4927 -10.7073 0.1 49.1553
17.6093 2901.03 55.3768 -10.7034 0.1 49.1553
17.6202 2901.63 55.2608 -10.6996 0.1 49.1553
17.631 2902.23 55.1445 -10.6957 0.1 49.1553
17.6419 2902.83 55.028 -10.6919 0.1 49.1553
17.6519 2903.38 54.921 -10.6882 0.1 49.1426
17.6619 2903.93 54.8139 -10.6848 0.1 49.1554
17.672 2904.48 54.7066 -10.6811 0.1 49.1426
17.6821 2905.03 54.5991 -10.6778 0.1 49.1554
17.6921 2905.58 54.4915 -10.6741 0.1 49.1426
17.7022 2906.13 54.3836 -10.6707 0.1 49.1554
17.7124 2906.68 54.2756 -10.667 0.1 49.1425
17.7225 2907.23 54.1674 -10.6637 0.1 49.1554
17.7327 2907.78 54.0591 -10.66 0.1 49.1425
17.7429 2908.33 53.9505 -10.6567 0.1 49.1555
17.7531 2908.88 53.8418 -10.653 0.1 49.1425
17.7633 2909.43 53.7328 -10.6496 0.1 49.1555
17.7735 2909.98 53.6237 -10.646 0.1 49.1425
17.7838 2910.53 53.5144 -10.6426 0.1 49.1555
17.7941 2911.08 53.405 -10.639 0.1 49.1424
17.8044 2911.63 53.2953 -10.6356 0.1 49.1555
17.8147 2912.18 53.1854 -10.632 0.1 49.1424
17.8251 2912.73 53.0754 -10.6286 0.1 49.1556
17.8355 2913.28 52.9651 -10.625 0.1 49.1424
17.8459 2913.83 52.8547 -10.6216 0.1 49.1556
17.8563 2914.38 52.744 -10.618 0.1 49.1423
17.8667 2914.93 52.6332 -10.6147 0.1 49.1556
17.8772 2915.48 52.5222 -10.611 0.1 49.1423
17.8877 2916.03 52.411 -10.6077 0.1 49.1557
17.8982 2916.58 52.2995 -10.604 0.1 49.1423
17.9087 2917.13 52.1879 -10.6007 0.1 49.1557
17.9193 2917.68 52.0761 -10.5971 0.1 49.1423
17.9298 2918.23 51.9641 -10.5938 0.1 49.1557
17.9404 2918.78 51.8518 -10.5901 0.1 49.1422
17.951 2919.33 51.7394 -10.5868 0.1 49.1557
17.9617 2919.88 51.6267 -10.5832 0.1 49.1422
17.9724 2920.43 51.5139 -10.5799 0.1 49.1558
17.983 2920.98 51.4008 -10.5762 0.1 49.1422
17.9938 2921.53 51.2875 -10.5729 0.1 49.1558
18.0045 2922.08 51.174 -10.5693 0.1 49.1421
18.0153 2922.63 51.0603 -10.566 0.1 49.1558
18.026 2923.18 50.9464 -10.5624 0.1 49.1421
18.0368 2923.73 50.8322 -10.5591 0.1 49.1559
18.0477 2924.28 50.7178 -10.5554 0.1 49.1421
18.0585 2924.83 50.6033 -10.5521 0.1 49.1559
18.0694 2925.38 50.4884 -10.5485 0.1 49.142
18.0803 2925.93 50.3734 -10.5452 0.1 49.1559
18.0913 2926.48 50.2581 -10.5416 0.1 49.142
18.1022 2927.03 50.1427 -10.5383 0.1 49.156
18.1132 2927.58 50.0269 -10.5347 0.1 49.142
18.1232 2928.08 49.9215 -10.5316 0.1 49.142
18.1332 2928.58 49.816 -10.5285 0.1 49.142
18.1433 2929.08 49.7102 -10.5253 0.1 49.1419
18.1534 2929.58 49.6042 -10.5222 0.1 49.1419
18.1634 2930.08 49.498 -10.5191 0.1 49.1419
18.1736 2930.58 49.3917 -10.5159 0.1 49.1419
18.1837 2931.08 49.2851 -10.5128 0.1 49.1419
18.1938 2931.58 49.1783 -10.5097 0.1 49.1419
18.204 2932.08 49.0714 -10.5066 0.1 49.1418
18.2142 2932.58 48.9642 -10.5034 0.1 49.1418
18.2245 2933.08 48.8568 -10.5003 0.1 49.1418
18.2347 2933.58 48.7493 -10.4972 0.1 49.1418
18.245 2934.08 48.6415 -10.4941 0.1 49.1418
18.2553 2934.58 48.5335 -10.491 0.1 49.1418
18.2656 2935.08 48.4253 -10.4878 0.1 49.1418
18.2759 2935.58 48.3169 -10.4847 0.1 49.1417
18.2863 2936.08 48.2083 -10.4816 0.1 49.1417
18.2967 2936.58 48.0995 -10.4785 0.1 49.1417
18.3071 2937.08 47.9904 -10.4754 0.1 49.1417
18.3175 2937.58 47.8812 -10.4723 0.1 49.1417
18.328 2938.08 47.7717 -10.4692 0.1 49.1417
18.3384 2938.58 47.662 -10.4661 0.1 49.1416
18.3489 2939.08 47.5521 -10.463 0.1 49.1416
18.3595 2939.58 47.4419 -10.4599 0.1 49.1416
18.37 2940.08 47.3316 -10.4568 0.1 49.1416
18.3806 2940.58 47.221 -10.4537 0.1 49.1416
18.3912 2941.08 47.1102 -10.4506 0.1 49.1416
18.4018 2941.58 46.9991 -10.4475 0.1 49.1415
18.4125 2942.08 46.8878 -10.4444 0.1 49.1415
18.4232 2942.58 46.7763 -10.4413 0.1 49.1415
18.4339 2943.08 46.6646 -10.4382 0.1 49.1415
18.4446 2943.58 46.5526 -10.4351 0.1 49.1415
18.4553 2944.08 46.4404 -10.432 0.1 49.1414
18.4661 2944.58 46.328 -10.4289 0.1 49.1414
18.4769 2945.08 46.2153 -10.4258 0.1 49.1414
18.4878 2945.58 46.1023 -10.4227 0.1 49.1414
18.4986 2946.08 45.9892 -10.4197 0.1 49.1414
18.5095 2946.58 45.8758 -10.4166 0.1 49.1414
18.5204 2947.08 45.7621 -10.4135 0.1 49.1413
18.5314 2947.58 45.6482 -10.4104 0.1 49.1413
18.5423 2948.08 45.534 -10.4073 0.1 49.1413
18.5533 2948.58 45.4196 -10.4042 0.1 49.1413
18.5644 2949.08 45.3049 -10.4012 0.1 49.1413
18.5754 2949.58 45.19 -10.3981 0.1 49.1412
18.5865 2950.08 45.0748 -10.395 0.1 49.1412
18.5976 2950.58 44.9593 -10.3919 0.1 49.1412
18.6076 2951.03 44.8552 -10.3893 0.1 49.1568
18.6177 2951.48 44.7508 -10.3864 0.1 49.1412
18.6277 2951.93 44.6463 -10.3838 0.1 49.1568
18.6378 2952.38 44.5415 -10.3809 0.1 49.1411
18.6479 2952.83 44.4365 -10.3783 0.1 49.1569
18.6581 2953.28 44.3313 -10.3754 0.1 49.1411
18.6682 2953.73 44.2258 -10.3728 0.1 49.1569
18.6784 2954.18 44.1202 -10.3699 0.1 49.141
18.6886 2954.63 44.0143 -10.3672 0.1 49.1569
18.6989 2955.08 43.9082 -10.3644 0.1 49.141
18.7091 2955.53 43.8018 -10.3617 0.1 49.157
18.7194 2955.98 43.6952 -10.3589 0.1 49.141
18.7297 2956.43 43.5884 -10.3562 0.1 49.157
18.7401 2956.88 43.4814 -10.3533 0.1 49.1409
18.7504 2957.33 43.3741 -10.3507 0.1 49.157
18.7608 2957.78 43.2666 -10.3479 0.1 49.1409
18.7713 2958.23 43.1588 -10.3452 0.1 49.1571
18.7817 2958.68 43.0508 -10.3424 0.1 49.1409
18.7922 2959.13 42.9426 -10.3397 0.1 49.1571
18.8027 2959.58 42.8341 -10.3369 0.1 49.1408
18.8132 2960.03 42.7254 -10.3343 0.1 49.1572
18.8237 2960.48 42.6164 -10.3314 0.1 49.1408
18.8343 2960.93 42.5071 -10.3288 0.1 49.1572
18.8449 2961.38 42.3977 -10.3259 0.1 49.1407
18.8555 2961.83 42.2879 -10.3233 0.1 49.1573
18.8662 2962.28 42.1779 -10.3204 0.1 49.1407
18.8769 2962.73 42.0677 -10.3178 0.1 49.1573
18.8876 2963.18 41.9571 -10.315 0.1 49.1406
18.8983 2963.63 41.8464 -10.3124 0.1 49.1573
18.9091 2964.08 41.7353 -10.3095 0.1 49.1406
18.9199 2964.53 41.624 -10.3069 0.1 49.1574
18.9307 2964.98 41.5124 -10.304 0.1 49.1406
18.9416 2965.43 41.4006 -10.3014 0.1 49.1574
18.9525 2965.88 41.2885 -10.2986 0.1 49.1405
18.9634 2966.33 41.1761 -10.296 0.1 49.1575
18.9743 2966.78 41.0634 -10.2931 0.1 49.1405
18.9853 2967.23 40.9504 -10.2905 0.1 49.1575
18.9963 2967.68 40.8372 -10.2877 0.1 49.1404
19.0073 2968.13 40.7237 -10.2851 0.1 49.1576
19.0184 2968.58 40.6099 -10.2822 0.1 49.1404
19.0295 2969.03 40.4958 -10.2796 0.1 49.1576
19.0406 2969.48 40.3814 -10.2768 0.1 49.1403
19.0518 2969.93 40.2667 -10.2742 0.1 49.1577
19.063 2970.38 40.1517 -10.2713 0.1 49.1403
19.0742 2970.83 40.0364 -10.2687 0.1 49.1577
19.0842 2971.23 39.9337 -10.2663 0.1 49.1577
19.0942 2971.63 39.8307 -10.2639 0.1 49.1578
19.1043 2972.03 39.7275 -10.2615 0.1 49.1578
19.1144 2972.43 39.6241 -10.2591 0.1 49.1578
19.1245 2972.83 39.5204 -10.2567 0.1 49.1578
19.1346 2973.23 39.4164 -10.2543 0.1 49.1579
19.1448 2973.63 39.3122 -10.2519 0.1 49.1579
19.155 2974.03 39.2078 -10.2494 0.1 49.1579
19.1652 2974.43 39.103 -10.247 0.1 49.1579
19.1755 2974.83 38.9981 -10.2446 0.1 49.158
19.1857 2975.23 38.8929 -10.2422 0.1 49.158
19.196 2975.63 38.7874 -10.2398 0.1 49.158
19.2064 2976.03 38.6816 -10.2374 0.1 49.158
19.2167 2976.43 38.5756 -10.235 0.1 49.1581
19.2271 2976.83 38.4693 -10.2326 0.1 49.1581
19.2375 2977.23 38.3628 -10.2302 0.1 49.1581
19.248 2977.63 38.256 -10.2278 0.1 49.1581
19.2584 2978.03 38.1489 -10.2254 0.1 49.1582
19.2689 2978.43 38.0415 -10.223 0.1 49.1582
19.2795 2978.83 37.9338 -10.2206 0.1 49.1582
19.29 2979.23 37.8259 -10.2182 0.1 49.1582
19.3006 2979.63 37.7177 -10.2158 0.1 49.1583
19.3112 2980.03 37.6092 -10.2134 0.1 49.1583
19.3219 2980.43 37.5004 -10.211 0.1 49.1583
19.3326 2980.83 37.3913 -10.2086 0.1 49.1583
19.3433 2981.23 37.282 -10.2062 0.1 49.1584
19.354 2981.63 37.1723 -10.2038 0.1 49.1584
19.3648 2982.03 37.0623 -10.2014 0.1 49.1584
19.3756 2982.43 36.9521 -10.199 0.1 49.1585
19.3865 2982.83 36.8415 -10.1966 0.1 49.1585
19.3973 2983.23 36.7306 -10.1942 0.1 49.1585
19.4083 2983.63 36.6194 -10.1919 0.1 49.1585
19.4192 2984.03 36.5079 -10.1895 0.1 49.1586
19.4302 2984.43 36.3961 -10.1871 0.1 49.1586
19.4412 2984.83 36.284 -10.1847 0.1 49.1586
19.4522 2985.23 36.1715 -10.1823 0.1 49.1587
19.4633 2985.63 36.0587 -10.1799 0.1 49.1587
19.4744 2986.03 35.9456 -10.1775 0.1 49.1587
19.4856 2986.43 35.8322 -10.1751 0.1 49.1587
19.4967 2986.83 35.7184 -10.1728 0.1 49.1588
19.508 2987.23 35.6043 -10.1704 0.1 49.1588
19.5192 2987.63 35.4898 -10.168 0.1 49.1588
19.5305 2988.03 35.375 -10.1656 0.1 49.1589
19.5418 2988.43 35.2599 -10.1632 0.1 49.1589
19.5532 2988.83 35.1444 -10.1608 0.1 49.1589
19.5646 2989.23 35.0285 -10.1585 0.1 49.159
19.5746 2989.58 34.9269 -10.1563 0.1 49.139
19.5846 2989.93 34.825 -10.1543 0.1 49.159
19.5947 2990.28 34.7227 -10.1521 0.1 49.1389
19.6048 2990.63 34.6203 -10.1501 0.1 49.1591
19.6149 2990.98 34.5175 -10.148 0.1 49.1388
19.6251 2991.33 34.4144 -10.146 0.1 49.1591
19.6353 2991.68 34.3111 -10.1438 0.1 49.1388
19.6455 2992.03 34.2074 -10.1418 0.1 49.1592
19.6558 2992.38 34.1035 -10.1396 0.1 49.1387
19.666 2992.73 33.9993 -10.1377 0.1 49.1593
19.6763 2993.08 33.8947 -10.1355 0.1 49.1387
19.6867 2993.43 33.7899 -10.1335 0.1 49.1593
19.6971 2993.78 33.6847 -10.1313 0.1 49.1386
19.7075 2994.13 33.5793 -10.1294 0.1 49.1594
19.7179 2994.48 33.4735 -10.1272 0.1 49.1385
19.7284 2994.83 33.3675 -10.1252 0.1 49.1595
19.7389 2995.18 33.2611 -10.123 0.1 49.1385
19.7494 2995.53 33.1544 -10.1211 0.1 49.1595
19.76 2995.88 33.0474 -10.1189 0.1 49.1384
19.7706 2996.23 32.94 -10.1169 0.1 49.1596
19.7813 2996.58 32.8323 -10.1147 0.1 49.1383
19.792 2996.93 32.7243 -10.1128 0.1 49.1597
19.8027 2997.28 32.6159 -10.1106 0.1 49.1383
19.8134 2997.63 32.5073 -10.1086 0.1 49.1597
19.8242 2997.98 32.3982 -10.1065 0.1 49.1382
19.835 2998.33 32.2888 -10.1045 0.1 49.1598
19.8459 2998.68 32.1791 -10.1023 0.1 49.1381
19.8568 2999.03 32.069 -10.1003 0.1 49.1599
19.8677 2999.38 31.9586 -10.0982 0.1 49.138
19.8787 2999.73 31.8478 -10.0962 0.1 49.16
19.8897 3000.08 31.7366 -10.094 0.1 49.138
19.9008 3000.43 31.6251 -10.0921 0.1 49.16
19.9119 3000.78 31.5132 -10.0899 0.1 49.1379
19.923 3001.13 31.4009 -10.0879 0.1 49.1601
19.9342 3001.48 31.2883 -10.0858 0.1 49.1378
19.9454 3001.83 31.1752 -10.0838 0.1 49.1602
19.9566 3002.18 31.0618 -10.0817 0.1 49.1377
19.9679 3002.53 30.948 -10.0797 0.1 49.1603
19.9792 3002.88 30.8337 -10.0775 0.1 49.1376
19.9906 3003.23 30.7191 -10.0756 0.1 49.1604
20.002 3003.58 30.6041 -10.0734 0.1 49.1375
20.0135 3003.93 30.4886 -10.0714 0.1 49.1605
20.025 3004.28 30.3728 -10.0693 0.1 49.1375
20.0365 3004.63 30.2565 -10.0673 0.1 49.1605
20.0481 3004.98 30.1398 -10.0651 0.1 49.1374
20.0598 3005.33 30.0227 -10.0632 0.1 49.1606
20.0698 3005.63 29.9219 -10.0614 0.1 49.1607
20.0798 3005.93 29.8209 -10.0596 0.1 49.1607
20.0899 3006.23 29.7195 -10.0579 0.1 49.1608
20.1 3006.53 29.6178 -10.0561 0.1 49.1608
20.1102 3006.83 29.5157 -10.0543 0.1 49.1608
20.1204 3007.13 29.4133 -10.0526 0.1 49.1609
20.1306 3007.43 29.3106 -10.0508 0.1 49.1609
20.1408 3007.73 29.2075 -10.049 0.1 49.161
20.1511 3008.03 29.1041 -10.0473 0.1 49.161
20.1615 3008.33 29.0003 -10.0455 0.1 49.161
20.1718 3008.63 28.8962 -10.0438 0.1 49.1611
20.1822 3008.93 28.7917 -10.042 0.1 49.1611
20.1927 3009.23 28.6869 -10.0402 0.1 49.1612
20.2032 3009.53 28.5817 -10.0385 0.1 49.1612
20.2137 3009.83 28.4761 -10.0367 0.1 49.1613
20.2242 3010.13 28.3701 -10.0349 0.1 49.1613
20.2348 3010.43 28.2638 -10.0332 0.1 49.1614
20.2455 3010.73 28.1571 -10.0314 0.1 49.1614
20.2561 3011.03 28.05 -10.0296 0.1 49.1615
20.2669 3011.33 27.9425 -10.0279 0.1 49.1615
20.2776 3011.63 27.8346 -10.0261 0.1 49.1616
20.2884 3011.93 27.7263 -10.0244 0.1 49.1616
20.2993 3012.23 27.6176 -10.0226 0.1 49.1616
20.3102 3012.53 27.5085 -10.0208 0.1 49.1617
20.3211 3012.83 27.3989 -10.0191 0.1 49.1618
20.3321 3013.13 27.289 -10.0173 0.1 49.1618
20.3431 3013.43 27.1786 -10.0155 0.1 49.1619
20.3541 3013.73 27.0678 -10.0138 0.1 49.1619
20.3653 3014.03 26.9566 -10.012 0.1 49.162
20.3764 3014.33 26.8449 -10.0102 0.1 49.162
20.3876 3014.63 26.7328 -10.0085 0.1 49.1621
20.3989 3014.93 26.6202 -10.0067 0.1 49.1621
20.4102 3015.23 26.5071 -10.005 0.1 49.1622
20.4215 3015.53 26.3936 -10.0032 0.1 49.1622
20.4329 3015.83 26.2797 -10.0014 0.1 49.1623
20.4444 3016.13 26.1652 -9.99967 0.1 49.1624
20.4558 3016.43 26.0503 -9.99791 0.1 49.1624
20.4674 3016.73 25.9349 -9.99615 0.1 49.1625
20.479 3017.03 25.8189 -9.99439 0.1 49.1625
20.4906 3017.33 25.7025 -9.99262 0.1 49.1626
20.5023 3017.63 25.5856 -9.99086 0.1 49.1627
20.5141 3017.93 25.4681 -9.9891 0.1 49.1627
20.5259 3018.23 25.3502 -9.98733 0.1 49.1628
20.5378 3018.53 25.2317 -9.98557 0.1 49.1628
20.5497 3018.83 25.1126 -9.98381 0.1 49.1629
20.5617 3019.13 24.993 -9.98204 0.1 49.163
20.5717 3019.38 24.8929 -9.9805 0.1 49.1349
20.5818 3019.63 24.7925 -9.9791 0.1 49.1631
20.5919 3019.88 24.6916 -9.97756 0.1 49.1348
20.602 3020.13 24.5904 -9.97616 0.1 49.1632
20.6122 3020.38 24.4887 -9.97462 0.1 49.1347
20.6225 3020.63 24.3866 -9.97322 0.1 49.1633
20.6327 3020.88 24.2841 -9.97168 0.1 49.1346
20.6431 3021.13 24.1812 -9.97028 0.1 49.1634
20.6534 3021.38 24.0779 -9.96873 0.1 49.1345
20.6638 3021.63 23.9741 -9.96733 0.1 49.1636
20.6743 3021.88 23.8699 -9.96579 0.1 49.1343
20.6848 3022.13 23.7653 -9.96439 0.1 49.1637
20.6953 3022.38 23.6602 -9.96284 0.1 49.1342
20.7059 3022.63 23.5546 -9.96144 0.1 49.1638
20.7166 3022.88 23.4486 -9.9599 0.1 49.1341
20.7273 3023.13 23.3422 -9.95849 0.1 49.164
20.738 3023.38 23.2352 -9.95695 0.1 49.1339
20.7488 3023.63 23.1278 -9.95554 0.1 49.1641
20.7596 3023.88 23.0199 -9.954 0.1 49.1338
20.7705 3024.13 22.9115 -9.95259 0.1 49.1642
20.7815 3024.38 22.8026 -9.95105 0.1 49.1336
20.7925 3024.63 22.6932 -9.94964 0.1 49.1644
20.8035 3024.88 22.5833 -9.9481 0.1 49.1335
20.8146 3025.13 22.4728 -9.94668 0.1 49.1645
20.8258 3025.38 22.3619 -9.94514 0.1 49.1333
20.837 3025.63 22.2504 -9.94373 0.1 49.1647
20.8483 3025.88 22.1383 -9.94218 0.1 49.1332
20.8596 3026.13 22.0257 -9.94077 0.1 49.1649
20.871 3026.38 21.9125 -9.93922 0.1 49.133
20.8824 3026.63 21.7988 -9.9378 0.1 49.165
20.8939 3026.88 21.6845 -9.93626 0.1 49.1328
20.9055 3027.13 21.5695 -9.93484 0.1 49.1652
20.9171 3027.38 21.454 -9.93329 0.1 49.1327
20.9288 3027.63 21.3379 -9.93187 0.1 49.1654
20.9406 3027.88 21.2212 -9.93032 0.1 49.1325
20.9524 3028.13 21.1038 -9.9289 0.1 49.1656
20.9643 3028.38 20.9858 -9.92735 0.1 49.1323
20.9762 3028.63 20.8672 -9.92592 0.1 49.1657
20.9882 3028.88 20.7478 -9.92437 0.1 49.1321
21.0003 3029.13 20.6279 -9.92294 0.1 49.1659
21.0125 3029.38 20.5072 -9.92138 0.1 49.1319
21.0247 3029.63 20.3858 -9.91995 0.1 49.1661
21.037 3029.88 20.2637 -9.9184 0.1 49.1317
21.0494 3030.13 20.1409 -9.91696 0.1 49.1663
21.0619 3030.38 20.0174 -9.9154 0.1 49.1315
21.0719 3030.58 19.918 -9.9142 0.1 49.1314
21.082 3030.78 19.8182 -9.913 0.1 49.1313
21.0921 3030.98 19.7178 -9.9118 0.1 49.1312
21.1023 3031.18 19.617 -9.9106 0.1 49.1312
21.1125 3031.38 19.5156 -9.9094 0.1 49.1311
21.1228 3031.58 19.4137 -9.90819 0.1 49.131
21.1331 3031.78 19.3113 -9.90699 0.1 49.1309
21.1435 3031.98 19.2084 -9.90578 0.1 49.1308
21.154 3032.18 19.1049 -9.90457 0.1 49.1307
21.1645 3032.38 19.0009 -9.90336 0.1 49.1306
21.175 3032.58 18.8963 -9.90215 0.1 49.1305
21.1856 3032.78 18.7911 -9.90094 0.1 49.1304
21.1963 3032.98 18.6854 -9.89973 0.1 49.1303
21.2071 3033.18 18.579 -9.89851 0.1 49.1302
21.2179 3033.38 18.4721 -9.89729 0.1 49.13
21.2287 3033.58 18.3646 -9.89608 0.1 49.1299
21.2397 3033.78 18.2564 -9.89486 0.1 49.1298
21.2507 3033.98 18.1476 -9.89363 0.1 49.1297
21.2617 3034.18 18.0382 -9.89241 0.1 49.1296
21.2729 3034.38 17.9281 -9.89118 0.1 49.1295
21.284 3034.58 17.8173 -9.88996 0.1 49.1294
21.2953 3034.78 17.7059 -9.88873 0.1 49.1292
21.3067 3034.98 17.5937 -9.88749 0.1 49.1291
21.3181 3035.18 17.4809 -9.88626 0.1 49.129
21.3296 3035.38 17.3673 -9.88502 0.1 49.1288
21.3411 3035.58 17.253 -9.88378 0.1 49.1287
21.3528 3035.78 17.138 -9.88254 0.1 49.1286
21.3645 3035.98 17.0222 -9.8813 0.1 49.1284
21.3763 3036.18 16.9056 -9.88005 0.1 49.1283
21.3882 3036.38 16.7882 -9.8788 0.1 49.1282
21.4001 3036.58 16.67 -9.87754 0.1 49.128
21.4122 3036.78 16.551 -9.87629 0.1 49.1279
21.4243 3036.98 16.4311 -9.87503 0.1 49.1277
21.4366 3037.18 16.3103 -9.87376 0.1 49.1275
21.4489 3037.38 16.1887 -9.87249 0.1 49.1274
21.4613 3037.58 16.0662 -9.87122 0.1 49.1272
21.4738 3037.78 15.9427 -9.86995 0.1 49.127
21.4864 3037.98 15.8183 -9.86867 0.1 49.1269
21.4991 3038.18 15.6929 -9.86738 0.1 49.1267
21.5119 3038.38 15.5665 -9.86609 0.1 49.1265
21.5248 3038.58 15.4391 -9.8648 0.1 49.1263
21.5378 3038.78 15.3107 -9.8635 0.1 49.1261
21.551 3038.98 15.1812 -9.86219 0.1 49.126
21.5642 3039.18 15.0505 -9.86088 0.1 49.1258
21.5742 3039.33 14.9518 -9.85994 0.1 49.1724
21.5843 3039.48 14.8525 -9.8589 0.1 49.1254
21.5945 3039.63 14.7525 -9.85795 0.1 49.1727
21.6047 3039.78 14.6518 -9.85691 0.1 49.1251
21.615 3039.93 14.5504 -9.85595 0.1 49.173
21.6253 3040.08 14.4483 -9.8549 0.1 49.1248
21.6357 3040.23 14.3456 -9.85393 0.1 49.1733
21.6463 3040.38 14.242 -9.85287 0.1 49.1244
21.6568 3040.53 14.1378 -9.85189 0.1 49.1737
21.6675 3040.68 14.0327 -9.85082 0.1 49.1241
21.6782 3040.83 13.9269 -9.84983 0.1 49.1741
21.6891 3040.98 13.8203 -9.84875 0.1 49.1237
21.7 3041.13 13.7128 -9.84775 0.1 49.1745
21.711 3041.28 13.6045 -9.84666 0.1 49.1233
21.7221 3041.43 13.4954 -9.84565 0.1 49.1749
21.7332 3041.58 13.3854 -9.84454 0.1 49.1229
21.7445 3041.73 13.2744 -9.84351 0.1 49.1753
21.7559 3041.88 13.1626 -9.8424 0.1 49.1224
21.7673 3042.03 13.0498 -9.84135 0.1 49.1758
21.7789 3042.18 12.936 -9.84022 0.1 49.122
21.7906 3042.33 12.8212 -9.83916 0.1 49.1762
21.8023 3042.48 12.7054 -9.83801 0.1 49.1215
21.8142 3042.63 12.5886 -9.83692 0.1 49.1767
21.8262 3042.78 12.4707 -9.83575 0.1 49.121
21.8383 3042.93 12.3516 -9.83465 0.1 49.1773
21.8505 3043.08 12.2314 -9.83346 0.1 49.1204
21.8629 3043.23 12.11 -9.83233 0.1 49.1778
21.8753 3043.38 11.9874 -9.83111 0.1 49.1198
21.8879 3043.53 11.8635 -9.82996 0.1 49.1784
21.9007 3043.68 11.7384 -9.82871 0.1 49.1192
21.9135 3043.83 11.6119 -9.82752 0.1 49.1791
21.9266 3043.98 11.484 -9.82625 0.1 49.1186
21.9397 3044.13 11.3547 -9.82503 0.1 49.1797
21.953 3044.28 11.2239 -9.82371 0.1 49.1179
21.9665 3044.43 11.0916 -9.82245 0.1 49.1805
21.9801 3044.58 10.9577 -9.8211 0.1 49.1171
21.9939 3044.73 10.8222 -9.81978 0.1 49.1813
22.0079 3044.88 10.6849 -9.81838 0.1 49.1163
22.0221 3045.03 10.5459 -9.81702 0.1 49.1821
22.0364 3045.18 10.405 -9.81556 0.1 49.1154
22.051 3045.33 10.2622 -9.81413 0.1 49.183
22.0657 3045.48 10.1174 -9.81261 0.1 49.1145
22.0807 3045.63 9.97051 -9.8111 0.1 49.184
22.0908 3045.73 9.87138 -9.81006 0.1 49.1843
22.101 3045.83 9.77125 -9.80899 0.1 49.1847
22.1113 3045.93 9.67009 -9.80791 0.1 49.1851
22.1218 3046.03 9.56786 -9.8068 0.1 49.1855
22.1323 3046.13 9.46453 -9.80567 0.1 49.1859
22.1429 3046.23 9.36007 -9.80451 0.1 49.1863
22.1537 3046.33 9.25444 -9.80332 0.1 49.1867
22.1646 3046.43 9.1476 -9.80211 0.1 49.1871
22.1757 3046.53 9.03949 -9.80087 0.1 49.1876
22.1868 3046.63 8.93009 -9.79959 0.1 49.1881
22.1981 3046.73 8.81933 -9.79827 0.1 49.1885
22.2096 3046.83 8.70717 -9.79692 0.1 49.189
22.2212 3046.93 8.59356 -9.79553 0.1 49.1896
22.2329 3047.03 8.47843 -9.79409 0.1 49.1901
22.2448 3047.13 8.36172 -9.7926 0.1 49.1907
22.2569 3047.23 8.24336 -9.79106 0.1 49.1913
22.2692 3047.33 8.12329 -9.78946 0.1 49.1919
22.2816 3047.43 8.00142 -9.78779 0.1 49.1926
22.2943 3047.53 7.87768 -9.78606 0.1 49.1932
22.3071 3047.63 7.75197 -9.78425 0.1 49.1939
22.3202 3047.73 7.62419 -9.78236 0.1 49.1947
22.3335 3047.83 7.49424 -9.78038 0.1 49.1955
22.347 3047.93 7.36201 -9.7783 0.1 49.1963
22.3608 3048.03 7.22736 -9.7761 0.1 49.1972
22.3748 3048.13 7.09017 -9.77377 0.1 49.1981
22.3891 3048.23 6.95027 -9.7713 0.1 49.1991
22.4037 3048.33 6.80751 -9.76868 0.1 49.2001
22.4187 3048.43 6.6617 -9.76587 0.1 49.2012
22.4339 3048.53 6.51264 -9.76286 0.1 49.2024
22.4496 3048.63 6.36009 -9.75961 0.1 49.2037
22.4656 3048.73 6.2038 -9.75609 0.1 49.205
22.482 3048.83 6.04348 -9.75225 0.1 49.2065
22.4989 3048.93 5.8788 -9.74806 0.1 49.2081
22.5163 3049.03 5.70938 -9.74342 0.1 49.2098
22.5342 3049.13 5.53478 -9.73828 0.1 49.2117
22.5527 3049.23 5.35451 -9.73252 0.1 49.2138
22.5719 3049.33 5.16796 -9.72601 0.1 49.2161
22.5918 3049.43 4.97444 -9.71857 0.1 49.2186
22.6021 3049.48 4.8748 -9.71442 0.1 49.0779
22.6126 3049.53 4.77308 -9.70997 0.1 49.2215
22.6233 3049.58 4.66915 -9.70513 0.1 49.0749
22.6342 3049.63 4.56286 -9.69989 0.1 49.2248
22.6455 3049.68 4.45404 -9.69415 0.1 49.0714
22.657 3049.73 4.34249 -9.68788 0.1 49.2285
22.6688 3049.78 4.228 -9.68095 0.1 49.0673
22.681 3049.83 4.11033 -9.67329 0.1 49.2329
22.6935 3049.88 3.9892 -9.66472 0.1 49.0626
22.7064 3049.93 3.86427 -9.65512 0.1 49.2381
22.7198 3049.98 3.73517 -9.64423 0.1 49.0569
22.7337 3050.03 3.60145 -9.63182 0.1 49.2443
22.7481 3050.08 3.46257 -9.61747 0.1 49.05
22.7632 3050.13 3.31789 -9.60075 0.1 49.2521
22.779 3050.18 3.16661 -9.58092 0.1 49.0411
22.7956 3050.23 3.00773 -9.5571 0.1 49.2622
22.8132 3050.28 2.83999 -9.52784 0.1 49.0295
22.832 3050.33 2.6617 -9.49108 0.1 49.276
22.8523 3050.38 2.47058 -9.44341 0.1 49.013
22.8743 3050.43 2.26339 -9.37911 0.1 49.2963
22.8989 3050.48 2.03522 -9.28749 0.1 48.987
22.927 3050.53 1.77801 -9.14629 0.1 49.331
22.9609 3050.58 1.47668 -8.89951 0.1 48.9373
23.0065 3050.63 1.09537 -8.35336 0.1 49.4113
23.1134 3050.68 0.46813 -5.87264 0.1 48.7723
23.2202 3050.74 0 -0 0.1 50.2676
