Simulation created and run on: 
Fri Mar 10 13:04:48 2023


Time (s), Height (m), Velocity (m/s), Acceleration (m/s^2), Deployment Angle (degrees)
3.6 679.88 284.08 -9.80665 0.1 0
3.61004 682.73 283.792 -28.7104 0.1 0.138059
3.62009 685.58 283.503 -28.6657 0.1 0.278726
3.63014 688.43 283.215 -28.6213 0.1 0.419535
3.64021 691.28 282.927 -28.5773 0.1 0.560488
3.65029 694.13 282.64 -28.5336 0.1 0.701584
3.66038 696.98 282.352 -28.4902 0.1 0.842824
3.67048 699.83 282.064 -28.4472 0.1 0.984208
3.68059 702.68 281.777 -28.4045 0.1 1.12574
3.69071 705.53 281.49 -28.3621 0.1 1.26741
3.70084 708.38 281.203 -28.3201 0.1 1.40922
3.71098 711.23 280.916 -28.2784 0.1 1.55119
3.72113 714.08 280.629 -28.237 0.1 1.69329
3.73129 716.93 280.342 -28.1959 0.1 1.83555
3.74146 719.78 280.056 -28.1552 0.1 1.97794
3.75146 722.58 279.774 -28.1154 0.1 2.11798
3.76148 725.38 279.493 -28.076 0.1 2.25817
3.7715 728.18 279.212 -28.0369 0.1 2.39849
3.78153 730.98 278.931 -27.9981 0.1 2.53895
3.79158 733.78 278.65 -27.9596 0.1 2.67956
3.80163 736.58 278.369 -27.9214 0.1 2.82031
3.81169 739.38 278.088 -27.8835 0.1 2.9612
3.82177 742.18 277.807 -27.8459 0.1 3.10223
3.83185 744.98 277.527 -27.8086 0.1 3.24341
3.84195 747.78 277.246 -27.7716 0.1 3.38472
3.85205 750.58 276.966 -27.7349 0.1 3.52619
3.86217 753.38 276.685 -27.6985 0.1 3.66779
3.87229 756.18 276.405 -27.6623 0.1 3.80954
3.88243 758.98 276.125 -27.6265 0.1 3.95143
3.89257 761.78 275.845 -27.5909 0.1 4.09346
3.90273 764.58 275.565 -27.5557 0.1 4.23564
3.91289 767.38 275.285 -27.5207 0.1 4.37797
3.92307 770.18 275.005 -27.486 0.1 4.52044
3.93308 772.93 274.73 -27.4522 0.1 4.6605
3.94309 775.68 274.455 -27.4187 0.1 4.80071
3.95312 778.43 274.181 -27.3854 0.1 4.94106
3.96315 781.18 273.906 -27.3524 0.1 5.08155
3.9732 783.93 273.631 -27.3197 0.1 5.22217
3.98325 786.68 273.357 -27.2872 0.1 5.36294
3.99332 789.43 273.082 -27.255 0.1 5.50385
4.00339 792.18 272.808 -27.2231 0.1 5.64491
4.01348 794.93 272.533 -27.1914 0.1 5.7861
4.02357 797.68 272.259 -27.16 0.1 5.92744
4.03368 800.43 271.985 -27.1289 0.1 6.06892
4.04379 803.18 271.71 -27.098 0.1 6.21054
4.05392 805.93 271.436 -27.0673 0.1 6.35231
4.06406 808.68 271.162 -27.0369 0.1 6.49421
4.0742 811.43 270.888 -27.0068 0.1 6.63627
4.08436 814.18 270.614 -26.9769 0.1 6.77846
4.09453 816.93 270.34 -26.9473 0.1 6.9208
4.10471 819.68 270.065 -26.9179 0.1 7.06329
4.11471 822.38 269.796 -26.8893 0.1 7.20332
4.12472 825.08 269.527 -26.8609 0.1 7.3435
4.13474 827.78 269.258 -26.8328 0.1 7.48381
4.14478 830.48 268.989 -26.8049 0.1 7.62426
4.15482 833.18 268.72 -26.7772 0.1 7.76486
4.16487 835.88 268.451 -26.7498 0.1 7.9056
4.17493 838.58 268.182 -26.7226 0.1 8.04647
4.18501 841.28 267.913 -26.6956 0.1 8.18749
4.19509 843.98 267.644 -26.6689 0.1 8.32865
4.20518 846.68 267.375 -26.6424 0.1 8.46995
4.21529 849.38 267.106 -26.6161 0.1 8.6114
4.2254 852.08 266.837 -26.59 0.1 8.75298
4.23552 854.78 266.568 -26.5642 0.1 8.89471
4.24566 857.48 266.299 -26.5386 0.1 9.03659
4.2558 860.18 266.03 -26.5132 0.1 9.1786
4.26596 862.88 265.76 -26.488 0.1 9.32076
4.27612 865.58 265.491 -26.463 0.1 9.46307
4.2863 868.28 265.222 -26.4378 0.1 9.60024
4.29648 870.98 264.953 -26.3983 0.1 9.60024
4.30649 873.63 264.689 -26.3594 0.1 9.5976
4.31651 876.28 264.425 -26.3211 0.1 9.60024
4.32653 878.93 264.162 -26.2823 0.1 9.59759
4.33657 881.58 263.898 -26.2442 0.1 9.60024
4.34662 884.23 263.635 -26.2055 0.1 9.59759
4.35667 886.88 263.371 -26.1675 0.1 9.60025
4.36674 889.53 263.108 -26.129 0.1 9.59759
4.37682 892.18 262.845 -26.0911 0.1 9.60025
4.3869 894.83 262.582 -26.0528 0.1 9.59759
4.397 897.48 262.319 -26.015 0.1 9.60025
4.40711 900.13 262.056 -25.9768 0.1 9.59758
4.41723 902.78 261.794 -25.9392 0.1 9.60025
4.42735 905.43 261.531 -25.9012 0.1 9.59758
4.43749 908.08 261.269 -25.8637 0.1 9.60026
4.44764 910.73 261.006 -25.8258 0.1 9.59758
4.4578 913.38 260.744 -25.7884 0.1 9.60026
4.46797 916.03 260.482 -25.7506 0.1 9.59757
4.47815 918.68 260.22 -25.7134 0.1 9.60026
4.48833 921.33 259.959 -25.6758 0.1 9.59757
4.49834 923.93 259.702 -25.6392 0.1 9.59757
4.50836 926.53 259.445 -25.6026 0.1 9.59757
4.51838 929.13 259.189 -25.5661 0.1 9.59757
4.52842 931.73 258.932 -25.5297 0.1 9.59757
4.53847 934.33 258.676 -25.4933 0.1 9.59756
4.54852 936.93 258.42 -25.457 0.1 9.59756
4.55859 939.53 258.164 -25.4208 0.1 9.59756
4.56867 942.13 257.908 -25.3847 0.1 9.59756
4.57875 944.73 257.652 -25.3486 0.1 9.59756
4.58885 947.33 257.396 -25.3125 0.1 9.59756
4.59895 949.93 257.141 -25.2766 0.1 9.59756
4.60907 952.53 256.885 -25.2407 0.1 9.59756
4.6192 955.13 256.63 -25.2048 0.1 9.59755
4.62933 957.73 256.374 -25.169 0.1 9.59755
4.63948 960.33 256.119 -25.1333 0.1 9.59755
4.64964 962.93 255.864 -25.0977 0.1 9.59755
4.6598 965.53 255.609 -25.0621 0.1 9.59755
4.66998 968.13 255.354 -25.0266 0.1 9.59755
4.68017 970.73 255.099 -24.9911 0.1 9.59755
4.69017 973.28 254.85 -24.9567 0.1 9.60029
4.70018 975.83 254.6 -24.9217 0.1 9.59754
4.7102 978.38 254.35 -24.8874 0.1 9.60029
4.72023 980.93 254.101 -24.8526 0.1 9.59754
4.73027 983.48 253.852 -24.8184 0.1 9.6003
4.74032 986.03 253.602 -24.7837 0.1 9.59754
4.75038 988.58 253.353 -24.7496 0.1 9.6003
4.76045 991.13 253.104 -24.7151 0.1 9.59754
4.77053 993.68 252.855 -24.6811 0.1 9.6003
4.78062 996.23 252.606 -24.6467 0.1 9.59753
4.79072 998.78 252.358 -24.6128 0.1 9.6003
4.80083 1001.33 252.109 -24.5785 0.1 9.59753
4.81095 1003.88 251.86 -24.5448 0.1 9.60031
4.82108 1006.43 251.612 -24.5106 0.1 9.59753
4.83122 1008.98 251.364 -24.477 0.1 9.60031
4.84137 1011.53 251.115 -24.4429 0.1 9.59752
4.85153 1014.08 250.867 -24.4094 0.1 9.60031
4.8617 1016.63 250.619 -24.3755 0.1 9.59752
4.87188 1019.18 250.371 -24.3421 0.1 9.60032
4.88207 1021.73 250.123 -24.3083 0.1 9.59752
4.89207 1024.23 249.88 -24.2754 0.1 9.59752
4.90208 1026.73 249.638 -24.2426 0.1 9.59752
4.9121 1029.23 249.395 -24.2098 0.1 9.59751
4.92213 1031.73 249.152 -24.1771 0.1 9.59751
4.93217 1034.23 248.91 -24.1445 0.1 9.59751
4.94222 1036.73 248.667 -24.1119 0.1 9.59751
4.95227 1039.23 248.425 -24.0794 0.1 9.59751
4.96234 1041.73 248.183 -24.0469 0.1 9.59751
4.97242 1044.23 247.94 -24.0145 0.1 9.59751
4.98251 1046.73 247.698 -23.9822 0.1 9.5975
4.99261 1049.23 247.456 -23.9499 0.1 9.5975
5.00272 1051.73 247.214 -23.9176 0.1 9.5975
5.01283 1054.23 246.972 -23.8854 0.1 9.5975
5.02296 1056.73 246.731 -23.8533 0.1 9.5975
5.0331 1059.23 246.489 -23.8212 0.1 9.5975
5.04325 1061.73 246.248 -23.7892 0.1 9.5975
5.0534 1064.23 246.006 -23.7572 0.1 9.5975
5.06357 1066.73 245.765 -23.7253 0.1 9.59749
5.07375 1069.23 245.523 -23.6934 0.1 9.59749
5.08394 1071.73 245.282 -23.6616 0.1 9.59749
5.09413 1074.23 245.041 -23.6298 0.1 9.59749
5.10414 1076.68 244.805 -23.599 0.1 9.60035
5.11415 1079.13 244.569 -23.5678 0.1 9.59749
5.12417 1081.58 244.333 -23.537 0.1 9.60035
5.1342 1084.03 244.097 -23.5059 0.1 9.59748
5.14425 1086.48 243.861 -23.4753 0.1 9.60035
5.1543 1088.93 243.625 -23.4442 0.1 9.59748
5.16436 1091.38 243.389 -23.4137 0.1 9.60036
5.17443 1093.83 243.154 -23.3828 0.1 9.59748
5.18451 1096.28 242.918 -23.3524 0.1 9.60036
5.1946 1098.73 242.683 -23.3215 0.1 9.59748
5.2047 1101.18 242.447 -23.2912 0.1 9.60036
5.21481 1103.63 242.212 -23.2605 0.1 9.59747
5.22493 1106.08 241.977 -23.2303 0.1 9.60036
5.23506 1108.53 241.741 -23.1996 0.1 9.59747
5.2452 1110.98 241.506 -23.1695 0.1 9.60037
5.25535 1113.43 241.271 -23.139 0.1 9.59747
5.26551 1115.88 241.036 -23.109 0.1 9.60037
5.27568 1118.33 240.802 -23.0785 0.1 9.59746
5.28586 1120.78 240.567 -23.0486 0.1 9.60037
5.29605 1123.23 240.332 -23.0183 0.1 9.59746
5.30625 1125.68 240.097 -22.9885 0.1 9.60038
5.31625 1128.08 239.868 -22.9591 0.1 9.60038
5.32626 1130.48 239.638 -22.9298 0.1 9.60038
5.33628 1132.88 239.408 -22.9005 0.1 9.60038
5.34631 1135.28 239.179 -22.8713 0.1 9.60038
5.35635 1137.68 238.949 -22.8421 0.1 9.60038
5.3664 1140.08 238.72 -22.8129 0.1 9.60038
5.37646 1142.48 238.491 -22.7838 0.1 9.60039
5.38652 1144.88 238.262 -22.7548 0.1 9.60039
5.3966 1147.28 238.032 -22.7258 0.1 9.60039
5.40669 1149.68 237.803 -22.6969 0.1 9.60039
5.41679 1152.08 237.574 -22.668 0.1 9.60039
5.42689 1154.48 237.345 -22.6391 0.1 9.60039
5.43701 1156.88 237.116 -22.6103 0.1 9.60039
5.44714 1159.28 236.888 -22.5815 0.1 9.6004
5.45727 1161.68 236.659 -22.5528 0.1 9.6004
5.46742 1164.08 236.43 -22.5241 0.1 9.6004
5.47758 1166.48 236.202 -22.4955 0.1 9.6004
5.48774 1168.88 235.973 -22.467 0.1 9.6004
5.49792 1171.28 235.745 -22.4384 0.1 9.6004
5.5081 1173.68 235.516 -22.4099 0.1 9.6004
5.5183 1176.08 235.288 -22.3815 0.1 9.60041
5.5285 1178.48 235.06 -22.3531 0.1 9.60041
5.53851 1180.83 234.836 -22.3251 0.1 9.59743
5.54852 1183.18 234.613 -22.2977 0.1 9.60041
5.55854 1185.53 234.389 -22.2698 0.1 9.59742
5.56857 1187.88 234.166 -22.2424 0.1 9.60041
5.57861 1190.23 233.943 -22.2146 0.1 9.59742
5.58866 1192.58 233.72 -22.1873 0.1 9.60042
5.59872 1194.93 233.497 -22.1596 0.1 9.59742
5.60879 1197.28 233.274 -22.1324 0.1 9.60042
5.61887 1199.63 233.051 -22.1047 0.1 9.59742
5.62896 1201.98 232.828 -22.0776 0.1 9.60042
5.63906 1204.33 232.605 -22.0501 0.1 9.59741
5.64916 1206.68 232.382 -22.023 0.1 9.60042
5.65928 1209.03 232.16 -21.9956 0.1 9.59741
5.66941 1211.38 231.937 -21.9686 0.1 9.60043
5.67955 1213.73 231.715 -21.9413 0.1 9.59741
5.68969 1216.08 231.492 -21.9144 0.1 9.60043
5.69985 1218.43 231.27 -21.8871 0.1 9.5974
5.71002 1220.78 231.047 -21.8604 0.1 9.60043
5.72019 1223.13 230.825 -21.8332 0.1 9.5974
5.73038 1225.48 230.603 -21.8065 0.1 9.60044
5.74057 1227.83 230.381 -21.7794 0.1 9.5974
5.75078 1230.18 230.158 -21.7528 0.1 9.60044
5.76099 1232.53 229.936 -21.7258 0.1 9.5974
5.771 1234.83 229.719 -21.6996 0.1 9.59739
5.78102 1237.13 229.502 -21.6735 0.1 9.59739
5.79105 1239.43 229.285 -21.6474 0.1 9.59739
5.80108 1241.73 229.068 -21.6213 0.1 9.59739
5.81113 1244.03 228.85 -21.5953 0.1 9.59739
5.82118 1246.33 228.633 -21.5693 0.1 9.59739
5.83125 1248.63 228.417 -21.5434 0.1 9.59739
5.84132 1250.93 228.2 -21.5175 0.1 9.59738
5.8514 1253.23 227.983 -21.4916 0.1 9.59738
5.8615 1255.53 227.766 -21.4658 0.1 9.59738
5.8716 1257.83 227.549 -21.4401 0.1 9.59738
5.88171 1260.13 227.333 -21.4143 0.1 9.59738
5.89184 1262.43 227.116 -21.3886 0.1 9.59738
5.90197 1264.73 226.899 -21.363 0.1 9.59738
5.91211 1267.03 226.683 -21.3374 0.1 9.59737
5.92226 1269.33 226.466 -21.3118 0.1 9.59737
5.93242 1271.63 226.25 -21.2863 0.1 9.59737
5.94259 1273.93 226.034 -21.2608 0.1 9.59737
5.95277 1276.23 225.817 -21.2353 0.1 9.59737
5.96296 1278.53 225.601 -21.2099 0.1 9.59737
5.97316 1280.83 225.385 -21.1846 0.1 9.59737
5.98337 1283.13 225.169 -21.1592 0.1 9.59736
5.99359 1285.43 224.953 -21.1339 0.1 9.59736
6.0036 1287.68 224.741 -21.1094 0.1 9.60048
6.01362 1289.93 224.53 -21.0846 0.1 9.59736
6.02364 1292.18 224.319 -21.0602 0.1 9.60048
6.03368 1294.43 224.107 -21.0353 0.1 9.59736
6.04372 1296.68 223.896 -21.011 0.1 9.60048
6.05378 1298.93 223.685 -20.9863 0.1 9.59735
6.06384 1301.18 223.474 -20.962 0.1 9.60048
6.07391 1303.43 223.263 -20.9374 0.1 9.59735
6.084 1305.68 223.052 -20.9132 0.1 9.60049
6.09409 1307.93 222.841 -20.8886 0.1 9.59735
6.10419 1310.18 222.63 -20.8645 0.1 9.60049
6.1143 1312.43 222.419 -20.84 0.1 9.59734
6.12442 1314.68 222.209 -20.8159 0.1 9.60049
6.13455 1316.93 221.998 -20.7915 0.1 9.59734
6.14469 1319.18 221.787 -20.7675 0.1 9.6005
6.15484 1321.43 221.576 -20.7432 0.1 9.59734
6.165 1323.68 221.366 -20.7193 0.1 9.6005
6.17517 1325.93 221.155 -20.695 0.1 9.59734
6.18535 1328.18 220.945 -20.6712 0.1 9.6005
6.19554 1330.43 220.734 -20.647 0.1 9.59733
6.20574 1332.68 220.524 -20.6232 0.1 9.60051
6.21594 1334.93 220.313 -20.5991 0.1 9.59733
6.22616 1337.18 220.103 -20.5754 0.1 9.60051
6.23616 1339.38 219.897 -20.5521 0.1 9.60051
6.24617 1341.58 219.692 -20.5288 0.1 9.60051
6.25619 1343.78 219.486 -20.5056 0.1 9.60051
6.26622 1345.98 219.281 -20.4823 0.1 9.60051
6.27626 1348.18 219.075 -20.4592 0.1 9.60052
6.2863 1350.38 218.87 -20.436 0.1 9.60052
6.29636 1352.58 218.664 -20.4129 0.1 9.60052
6.30643 1354.78 218.459 -20.3898 0.1 9.60052
6.3165 1356.98 218.254 -20.3668 0.1 9.60052
6.32659 1359.18 218.049 -20.3438 0.1 9.60052
6.33668 1361.38 217.843 -20.3208 0.1 9.60052
6.34678 1363.58 217.638 -20.2978 0.1 9.60053
6.3569 1365.78 217.433 -20.2749 0.1 9.60053
6.36702 1367.98 217.228 -20.2521 0.1 9.60053
6.37715 1370.18 217.023 -20.2292 0.1 9.60053
6.38729 1372.38 216.818 -20.2064 0.1 9.60053
6.39745 1374.58 216.613 -20.1836 0.1 9.60053
6.40761 1376.78 216.408 -20.1609 0.1 9.60054
6.41778 1378.98 216.203 -20.1382 0.1 9.60054
6.42796 1381.18 215.998 -20.1155 0.1 9.60054
6.43815 1383.38 215.793 -20.0929 0.1 9.60054
6.44835 1385.58 215.588 -20.0703 0.1 9.60054
6.45856 1387.78 215.383 -20.0477 0.1 9.60054
6.46878 1389.98 215.179 -20.0252 0.1 9.60054
6.47901 1392.18 214.974 -20.0027 0.1 9.60055
6.48901 1394.33 214.774 -19.9805 0.1 9.59729
6.49903 1396.48 214.574 -19.9588 0.1 9.60055
6.50905 1398.63 214.374 -19.9367 0.1 9.59729
6.51909 1400.78 214.174 -19.9151 0.1 9.60055
6.52913 1402.93 213.974 -19.893 0.1 9.59728
6.53918 1405.08 213.774 -19.8714 0.1 9.60056
6.54925 1407.23 213.574 -19.8495 0.1 9.59728
6.55932 1409.38 213.375 -19.8279 0.1 9.60056
6.5694 1411.53 213.175 -19.806 0.1 9.59728
6.57949 1413.68 212.975 -19.7846 0.1 9.60056
6.58959 1415.83 212.775 -19.7627 0.1 9.59727
6.5997 1417.98 212.576 -19.7413 0.1 9.60056
6.60982 1420.13 212.376 -19.7195 0.1 9.59727
6.61995 1422.28 212.176 -19.6982 0.1 9.60057
6.63008 1424.43 211.977 -19.6765 0.1 9.59727
6.64023 1426.58 211.777 -19.6552 0.1 9.60057
6.65039 1428.73 211.578 -19.6335 0.1 9.59726
6.66055 1430.88 211.378 -19.6123 0.1 9.60057
6.67073 1433.03 211.179 -19.5907 0.1 9.59726
6.68092 1435.18 210.979 -19.5696 0.1 9.60058
6.69111 1437.33 210.78 -19.548 0.1 9.59726
6.70132 1439.48 210.581 -19.5269 0.1 9.60058
6.71153 1441.63 210.381 -19.5055 0.1 9.59725
6.72176 1443.78 210.182 -19.4844 0.1 9.60058
6.73199 1445.93 209.983 -19.463 0.1 9.59725
6.742 1448.03 209.788 -19.4424 0.1 9.59725
6.75201 1450.13 209.593 -19.4217 0.1 9.59725
6.76204 1452.23 209.399 -19.4011 0.1 9.59725
6.77207 1454.33 209.204 -19.3805 0.1 9.59724
6.78211 1456.43 209.01 -19.3599 0.1 9.59724
6.79216 1458.53 208.815 -19.3394 0.1 9.59724
6.80223 1460.63 208.621 -19.3189 0.1 9.59724
6.8123 1462.73 208.426 -19.2984 0.1 9.59724
6.82238 1464.83 208.232 -19.278 0.1 9.59724
6.83247 1466.93 208.037 -19.2575 0.1 9.59724
6.84257 1469.03 207.843 -19.2372 0.1 9.59723
6.85267 1471.13 207.649 -19.2168 0.1 9.59723
6.86279 1473.23 207.454 -19.1965 0.1 9.59723
6.87292 1475.33 207.26 -19.1762 0.1 9.59723
6.88306 1477.43 207.066 -19.1559 0.1 9.59723
6.8932 1479.53 206.871 -19.1356 0.1 9.59723
6.90336 1481.63 206.677 -19.1154 0.1 9.59722
6.91353 1483.73 206.483 -19.0952 0.1 9.59722
6.9237 1485.83 206.289 -19.0751 0.1 9.59722
6.93389 1487.93 206.095 -19.055 0.1 9.59722
6.94408 1490.03 205.9 -19.0349 0.1 9.59722
6.95428 1492.13 205.706 -19.0148 0.1 9.59722
6.9645 1494.23 205.512 -18.9947 0.1 9.59721
6.97472 1496.33 205.318 -18.9747 0.1 9.59721
6.98495 1498.43 205.124 -18.9547 0.1 9.59721
6.9952 1500.53 204.93 -18.9348 0.1 9.59721
7.0052 1502.58 204.741 -18.9155 0.1 9.60063
7.01522 1504.63 204.551 -18.8959 0.1 9.59721
7.02525 1506.68 204.362 -18.8767 0.1 9.60063
7.03528 1508.73 204.173 -18.8571 0.1 9.5972
7.04533 1510.78 203.983 -18.8379 0.1 9.60063
7.05538 1512.83 203.794 -18.8184 0.1 9.5972
7.06545 1514.88 203.605 -18.7993 0.1 9.60064
7.07552 1516.93 203.415 -18.7799 0.1 9.5972
7.0856 1518.98 203.226 -18.7608 0.1 9.60064
7.0957 1521.03 203.037 -18.7414 0.1 9.59719
7.1058 1523.08 202.848 -18.7224 0.1 9.60064
7.11591 1525.13 202.658 -18.7031 0.1 9.59719
7.12603 1527.18 202.469 -18.6841 0.1 9.60065
7.13616 1529.23 202.28 -18.6648 0.1 9.59719
7.1463 1531.28 202.091 -18.6459 0.1 9.60065
7.15645 1533.33 201.902 -18.6267 0.1 9.59718
7.16661 1535.38 201.713 -18.6078 0.1 9.60065
7.17677 1537.43 201.524 -18.5886 0.1 9.59718
7.18695 1539.48 201.334 -18.5698 0.1 9.60066
7.19714 1541.53 201.145 -18.5507 0.1 9.59718
7.20733 1543.58 200.956 -18.532 0.1 9.60066
7.21754 1545.63 200.767 -18.5129 0.1 9.59717
7.22776 1547.68 200.578 -18.4942 0.1 9.60066
7.23798 1549.73 200.389 -18.4751 0.1 9.59717
7.24822 1551.78 200.2 -18.4565 0.1 9.60067
7.25846 1553.83 200.011 -18.4375 0.1 9.59717
7.26847 1555.83 199.827 -18.4192 0.1 9.59717
7.27848 1557.83 199.643 -18.4009 0.1 9.59716
7.2885 1559.83 199.458 -18.3827 0.1 9.59716
7.29853 1561.83 199.274 -18.3644 0.1 9.59716
7.30857 1563.83 199.09 -18.3462 0.1 9.59716
7.31863 1565.83 198.905 -18.328 0.1 9.59716
7.32869 1567.83 198.721 -18.3099 0.1 9.59716
7.33875 1569.83 198.537 -18.2917 0.1 9.59716
7.34883 1571.83 198.353 -18.2736 0.1 9.59715
7.35892 1573.83 198.168 -18.2555 0.1 9.59715
7.36902 1575.83 197.984 -18.2374 0.1 9.59715
7.37912 1577.83 197.8 -18.2194 0.1 9.59715
7.38924 1579.83 197.616 -18.2014 0.1 9.59715
7.39937 1581.83 197.431 -18.1834 0.1 9.59715
7.4095 1583.83 197.247 -18.1654 0.1 9.59714
7.41965 1585.83 197.063 -18.1475 0.1 9.59714
7.4298 1587.83 196.879 -18.1296 0.1 9.59714
7.43996 1589.83 196.695 -18.1117 0.1 9.59714
7.45014 1591.83 196.511 -18.0938 0.1 9.59714
7.46032 1593.83 196.326 -18.0759 0.1 9.59714
7.47051 1595.83 196.142 -18.0581 0.1 9.59713
7.48071 1597.83 195.958 -18.0403 0.1 9.59713
7.49092 1599.83 195.774 -18.0225 0.1 9.59713
7.50114 1601.83 195.59 -18.0048 0.1 9.59713
7.51137 1603.83 195.406 -17.987 0.1 9.59713
7.52161 1605.83 195.222 -17.9693 0.1 9.59713
7.53186 1607.83 195.038 -17.9517 0.1 9.59712
7.54187 1609.78 194.858 -17.9346 0.1 9.60071
7.55188 1611.73 194.679 -17.9172 0.1 9.59712
7.5619 1613.68 194.499 -17.9003 0.1 9.60072
7.57193 1615.63 194.32 -17.8829 0.1 9.59712
7.58197 1617.58 194.14 -17.866 0.1 9.60072
7.59202 1619.53 193.961 -17.8487 0.1 9.59711
7.60208 1621.48 193.781 -17.8318 0.1 9.60072
7.61215 1623.43 193.602 -17.8146 0.1 9.59711
7.62222 1625.38 193.423 -17.7977 0.1 9.60073
7.63231 1627.33 193.243 -17.7805 0.1 9.59711
7.6424 1629.28 193.064 -17.7637 0.1 9.60073
7.65251 1631.23 192.884 -17.7465 0.1 9.5971
7.66262 1633.18 192.705 -17.7298 0.1 9.60073
7.67275 1635.13 192.525 -17.7127 0.1 9.5971
7.68288 1637.08 192.346 -17.6959 0.1 9.60074
7.69302 1639.03 192.167 -17.6789 0.1 9.5971
7.70318 1640.98 191.987 -17.6622 0.1 9.60074
7.71334 1642.93 191.808 -17.6452 0.1 9.59709
7.72351 1644.88 191.628 -17.6285 0.1 9.60074
7.73369 1646.83 191.449 -17.6116 0.1 9.59709
7.74388 1648.78 191.27 -17.595 0.1 9.60075
7.75408 1650.73 191.09 -17.5781 0.1 9.59709
7.76429 1652.68 190.911 -17.5615 0.1 9.60075
7.77451 1654.63 190.732 -17.5446 0.1 9.59708
7.78474 1656.58 190.552 -17.5281 0.1 9.60075
7.79498 1658.53 190.373 -17.5113 0.1 9.59708
7.80522 1660.48 190.193 -17.4948 0.1 9.60076
7.81548 1662.43 190.014 -17.478 0.1 9.59708
7.82549 1664.33 189.839 -17.4618 0.1 9.59707
7.8355 1666.23 189.665 -17.4457 0.1 9.59707
7.84552 1668.13 189.49 -17.4296 0.1 9.59707
7.85555 1670.03 189.315 -17.4135 0.1 9.59707
7.86559 1671.93 189.14 -17.3974 0.1 9.59707
7.87564 1673.83 188.965 -17.3813 0.1 9.59707
7.8857 1675.73 188.791 -17.3653 0.1 9.59706
7.89577 1677.63 188.616 -17.3492 0.1 9.59706
7.90585 1679.53 188.441 -17.3332 0.1 9.59706
7.91594 1681.43 188.266 -17.3172 0.1 9.59706
7.92604 1683.33 188.092 -17.3013 0.1 9.59706
7.93614 1685.23 187.917 -17.2853 0.1 9.59706
7.94626 1687.13 187.742 -17.2694 0.1 9.59705
7.95638 1689.03 187.567 -17.2535 0.1 9.59705
7.96652 1690.93 187.393 -17.2376 0.1 9.59705
7.97666 1692.83 187.218 -17.2218 0.1 9.59705
7.98681 1694.73 187.043 -17.2059 0.1 9.59705
7.99698 1696.63 186.868 -17.1901 0.1 9.59705
8.00715 1698.53 186.693 -17.1743 0.1 9.59704
8.01733 1700.43 186.519 -17.1585 0.1 9.59704
8.02752 1702.33 186.344 -17.1427 0.1 9.59704
8.03772 1704.23 186.169 -17.127 0.1 9.59704
8.04794 1706.13 185.994 -17.1113 0.1 9.59704
8.05816 1708.03 185.819 -17.0956 0.1 9.59703
8.06839 1709.93 185.645 -17.0799 0.1 9.59703
8.07863 1711.83 185.47 -17.0642 0.1 9.59703
8.08887 1713.73 185.295 -17.0486 0.1 9.59703
8.09913 1715.63 185.12 -17.033 0.1 9.59703
8.1094 1717.53 184.945 -17.0174 0.1 9.59703
8.11941 1719.38 184.775 -17.0024 0.1 9.60081
8.12943 1721.23 184.605 -16.987 0.1 9.59702
8.13945 1723.08 184.435 -16.9721 0.1 9.60082
8.14949 1724.93 184.264 -16.9568 0.1 9.59702
8.15953 1726.78 184.094 -16.9419 0.1 9.60082
8.16959 1728.63 183.924 -16.9266 0.1 9.59702
8.17965 1730.48 183.754 -16.9117 0.1 9.60082
8.18972 1732.33 183.583 -16.8965 0.1 9.59701
8.1998 1734.18 183.413 -16.8816 0.1 9.60083
8.2099 1736.03 183.243 -16.8665 0.1 9.59701
8.22 1737.88 183.073 -16.8517 0.1 9.60083
8.23011 1739.73 182.902 -16.8365 0.1 9.597
8.24023 1741.58 182.732 -16.8217 0.1 9.60083
8.25036 1743.43 182.562 -16.8066 0.1 9.597
8.26049 1745.28 182.391 -16.7919 0.1 9.60084
8.27064 1747.13 182.221 -16.7768 0.1 9.597
8.2808 1748.98 182.051 -16.7621 0.1 9.60084
8.29097 1750.83 181.88 -16.7471 0.1 9.59699
8.30114 1752.68 181.71 -16.7324 0.1 9.60084
8.31133 1754.53 181.54 -16.7175 0.1 9.59699
8.32152 1756.38 181.369 -16.7028 0.1 9.60085
8.33173 1758.23 181.199 -16.6879 0.1 9.59699
8.34194 1760.08 181.029 -16.6733 0.1 9.60085
8.35217 1761.93 180.858 -16.6584 0.1 9.59698
8.3624 1763.78 180.688 -16.6438 0.1 9.60085
8.37265 1765.63 180.517 -16.6289 0.1 9.59698
8.3829 1767.48 180.347 -16.6144 0.1 9.60086
8.39316 1769.33 180.176 -16.5996 0.1 9.59698
8.40343 1771.18 180.006 -16.5851 0.1 9.60086
8.41344 1772.98 179.84 -16.5708 0.1 9.60086
8.42345 1774.78 179.674 -16.5566 0.1 9.60087
8.43348 1776.58 179.508 -16.5424 0.1 9.60087
8.44351 1778.38 179.343 -16.5282 0.1 9.60087
8.45355 1780.18 179.177 -16.514 0.1 9.60087
8.4636 1781.98 179.011 -16.4999 0.1 9.60087
8.47366 1783.78 178.845 -16.4857 0.1 9.60087
8.48373 1785.58 178.679 -16.4716 0.1 9.60088
8.49381 1787.38 178.513 -16.4575 0.1 9.60088
8.5039 1789.18 178.347 -16.4434 0.1 9.60088
8.51399 1790.98 178.181 -16.4294 0.1 9.60088
8.5241 1792.78 178.015 -16.4153 0.1 9.60088
8.53422 1794.58 177.849 -16.4013 0.1 9.60089
8.54434 1796.38 177.683 -16.3873 0.1 9.60089
8.55448 1798.18 177.517 -16.3733 0.1 9.60089
8.56462 1799.98 177.351 -16.3593 0.1 9.60089
8.57478 1801.78 177.185 -16.3453 0.1 9.60089
8.58494 1803.58 177.019 -16.3314 0.1 9.6009
8.59511 1805.38 176.853 -16.3174 0.1 9.6009
8.6053 1807.18 176.687 -16.3035 0.1 9.6009
8.61549 1808.98 176.521 -16.2896 0.1 9.6009
8.62569 1810.78 176.355 -16.2757 0.1 9.6009
8.6359 1812.58 176.188 -16.2618 0.1 9.6009
8.64612 1814.38 176.022 -16.248 0.1 9.60091
8.65635 1816.18 175.856 -16.2342 0.1 9.60091
8.6666 1817.98 175.69 -16.2203 0.1 9.60091
8.67685 1819.78 175.524 -16.2065 0.1 9.60091
8.68711 1821.58 175.358 -16.1928 0.1 9.60091
8.69738 1823.38 175.191 -16.179 0.1 9.60092
8.70766 1825.18 175.025 -16.1652 0.1 9.60092
8.71766 1826.93 174.863 -16.1517 0.1 9.59692
8.72767 1828.68 174.702 -16.1386 0.1 9.60092
8.73769 1830.43 174.54 -16.1251 0.1 9.59691
8.74772 1832.18 174.378 -16.1119 0.1 9.60093
8.75776 1833.93 174.217 -16.0985 0.1 9.59691
8.76781 1835.68 174.055 -16.0854 0.1 9.60093
8.77787 1837.43 173.893 -16.0719 0.1 9.59691
8.78794 1839.18 173.732 -16.0589 0.1 9.60093
8.79802 1840.93 173.57 -16.0455 0.1 9.5969
8.80811 1842.68 173.408 -16.0324 0.1 9.60094
8.8182 1844.43 173.246 -16.0191 0.1 9.5969
8.82831 1846.18 173.084 -16.006 0.1 9.60094
8.83843 1847.93 172.923 -15.9927 0.1 9.59689
8.84855 1849.68 172.761 -15.9797 0.1 9.60094
8.85868 1851.43 172.599 -15.9664 0.1 9.59689
8.86883 1853.18 172.437 -15.9535 0.1 9.60095
8.87898 1854.93 172.275 -15.9402 0.1 9.59689
8.88915 1856.68 172.113 -15.9273 0.1 9.60095
8.89932 1858.43 171.951 -15.914 0.1 9.59688
8.9095 1860.18 171.789 -15.9011 0.1 9.60096
8.91969 1861.93 171.627 -15.8879 0.1 9.59688
8.92989 1863.68 171.465 -15.8751 0.1 9.60096
8.9401 1865.43 171.303 -15.8619 0.1 9.59687
8.95033 1867.18 171.141 -15.8491 0.1 9.60096
8.96056 1868.93 170.979 -15.8359 0.1 9.59687
8.9708 1870.68 170.817 -15.8231 0.1 9.60097
8.98105 1872.43 170.655 -15.81 0.1 9.59687
8.99131 1874.18 170.493 -15.7972 0.1 9.60097
9.00157 1875.93 170.33 -15.7841 0.1 9.59686
9.01185 1877.68 170.168 -15.7714 0.1 9.60097
9.02214 1879.43 170.006 -15.7583 0.1 9.59686
9.03215 1881.13 169.849 -15.7458 0.1 9.59686
9.04216 1882.83 169.691 -15.7333 0.1 9.59686
9.05218 1884.53 169.533 -15.7209 0.1 9.59685
9.06222 1886.23 169.376 -15.7084 0.1 9.59685
9.07226 1887.93 169.218 -15.6959 0.1 9.59685
9.08231 1889.63 169.06 -15.6835 0.1 9.59685
9.09237 1891.33 168.903 -15.6711 0.1 9.59685
9.10244 1893.03 168.745 -15.6587 0.1 9.59684
9.11252 1894.73 168.587 -15.6463 0.1 9.59684
9.12261 1896.43 168.429 -15.6339 0.1 9.59684
9.13271 1898.13 168.271 -15.6215 0.1 9.59684
9.14281 1899.83 168.114 -15.6092 0.1 9.59684
9.15293 1901.53 167.956 -15.5968 0.1 9.59683
9.16306 1903.23 167.798 -15.5845 0.1 9.59683
9.17319 1904.93 167.64 -15.5722 0.1 9.59683
9.18334 1906.63 167.482 -15.5599 0.1 9.59683
9.19349 1908.33 167.324 -15.5476 0.1 9.59683
9.20366 1910.03 167.166 -15.5354 0.1 9.59682
9.21383 1911.73 167.008 -15.5231 0.1 9.59682
9.22402 1913.43 166.85 -15.5109 0.1 9.59682
9.23421 1915.13 166.692 -15.4986 0.1 9.59682
9.24441 1916.83 166.534 -15.4864 0.1 9.59682
9.25463 1918.53 166.376 -15.4742 0.1 9.59681
9.26485 1920.23 166.218 -15.462 0.1 9.59681
9.27508 1921.93 166.06 -15.4499 0.1 9.59681
9.28533 1923.63 165.901 -15.4377 0.1 9.59681
9.29558 1925.33 165.743 -15.4256 0.1 9.59681
9.30584 1927.03 165.585 -15.4134 0.1 9.5968
9.31611 1928.73 165.427 -15.4013 0.1 9.5968
9.32639 1930.43 165.268 -15.3892 0.1 9.5968
9.33668 1932.13 165.11 -15.3771 0.1 9.5968
9.34699 1933.83 164.952 -15.3651 0.1 9.5968
9.35699 1935.48 164.798 -15.3535 0.1 9.60104
9.36701 1937.13 164.644 -15.3417 0.1 9.59679
9.37704 1938.78 164.491 -15.3301 0.1 9.60105
9.38707 1940.43 164.337 -15.3183 0.1 9.59679
9.39712 1942.08 164.183 -15.3068 0.1 9.60105
9.40717 1943.73 164.029 -15.295 0.1 9.59678
9.41724 1945.38 163.875 -15.2835 0.1 9.60105
9.42731 1947.03 163.721 -15.2718 0.1 9.59678
9.43739 1948.68 163.567 -15.2603 0.1 9.60106
9.44749 1950.33 163.413 -15.2486 0.1 9.59678
9.45759 1951.98 163.259 -15.2371 0.1 9.60106
9.4677 1953.63 163.105 -15.2254 0.1 9.59677
9.47782 1955.28 162.951 -15.214 0.1 9.60107
9.48795 1956.93 162.797 -15.2023 0.1 9.59677
9.49809 1958.58 162.643 -15.191 0.1 9.60107
9.50824 1960.23 162.489 -15.1793 0.1 9.59676
9.5184 1961.88 162.335 -15.1679 0.1 9.60107
9.52857 1963.53 162.181 -15.1563 0.1 9.59676
9.53875 1965.18 162.027 -15.145 0.1 9.60108
9.54894 1966.83 161.872 -15.1334 0.1 9.59676
9.55913 1968.48 161.718 -15.1221 0.1 9.60108
9.56934 1970.13 161.564 -15.1105 0.1 9.59675
9.57956 1971.78 161.409 -15.0992 0.1 9.60109
9.58979 1973.43 161.255 -15.0877 0.1 9.59675
9.60003 1975.08 161.101 -15.0764 0.1 9.60109
9.61027 1976.73 160.946 -15.0649 0.1 9.59674
9.62053 1978.38 160.792 -15.0536 0.1 9.60109
9.6308 1980.03 160.637 -15.0421 0.1 9.59674
9.64107 1981.68 160.483 -15.0309 0.1 9.6011
9.65136 1983.33 160.328 -15.0194 0.1 9.59673
9.66166 1984.98 160.174 -15.0083 0.1 9.6011
9.67196 1986.63 160.019 -14.9968 0.1 9.59673
9.68197 1988.23 159.869 -14.9858 0.1 9.59673
9.69198 1989.83 159.719 -14.9749 0.1 9.59673
9.702 1991.43 159.569 -14.964 0.1 9.59672
9.71203 1993.03 159.419 -14.953 0.1 9.59672
9.72207 1994.63 159.269 -14.9421 0.1 9.59672
9.73213 1996.23 159.119 -14.9312 0.1 9.59672
9.74219 1997.83 158.969 -14.9203 0.1 9.59672
9.75226 1999.43 158.818 -14.9095 0.1 9.59671
9.76233 2001.03 158.668 -14.8986 0.1 9.59671
9.77242 2002.63 158.518 -14.8878 0.1 9.59671
9.78252 2004.23 158.368 -14.8769 0.1 9.59671
9.79263 2005.83 158.217 -14.8661 0.1 9.59671
9.80275 2007.43 158.067 -14.8553 0.1 9.5967
9.81287 2009.03 157.917 -14.8445 0.1 9.5967
9.82301 2010.63 157.766 -14.8337 0.1 9.5967
9.83316 2012.23 157.616 -14.8229 0.1 9.5967
9.84331 2013.83 157.465 -14.8121 0.1 9.5967
9.85348 2015.43 157.315 -14.8014 0.1 9.59669
9.86366 2017.03 157.164 -14.7906 0.1 9.59669
9.87384 2018.63 157.013 -14.7799 0.1 9.59669
9.88404 2020.23 156.863 -14.7691 0.1 9.59669
9.89424 2021.83 156.712 -14.7584 0.1 9.59668
9.90446 2023.43 156.561 -14.7477 0.1 9.59668
9.91468 2025.03 156.411 -14.737 0.1 9.59668
9.92492 2026.63 156.26 -14.7264 0.1 9.59668
9.93516 2028.23 156.109 -14.7157 0.1 9.59668
9.94542 2029.83 155.958 -14.705 0.1 9.59667
9.95568 2031.43 155.807 -14.6944 0.1 9.59667
9.96595 2033.03 155.657 -14.6838 0.1 9.59667
9.97624 2034.63 155.506 -14.6731 0.1 9.59667
9.98653 2036.23 155.355 -14.6625 0.1 9.59667
9.99684 2037.83 155.204 -14.6519 0.1 9.59666
10.0072 2039.43 155.052 -14.6413 0.1 9.59666
10.0172 2040.98 154.906 -14.6312 0.1 9.60118
10.0272 2042.53 154.76 -14.6209 0.1 9.59666
10.0372 2044.08 154.613 -14.6108 0.1 9.60118
10.0472 2045.63 154.467 -14.6004 0.1 9.59665
10.0573 2047.18 154.32 -14.5903 0.1 9.60119
10.0673 2048.73 154.174 -14.58 0.1 9.59665
10.0774 2050.28 154.027 -14.57 0.1 9.60119
10.0874 2051.83 153.88 -14.5597 0.1 9.59664
10.0975 2053.38 153.734 -14.5496 0.1 9.60119
10.1076 2054.93 153.587 -14.5393 0.1 9.59664
10.1177 2056.48 153.44 -14.5293 0.1 9.6012
10.1278 2058.03 153.293 -14.5191 0.1 9.59663
10.1379 2059.58 153.147 -14.5091 0.1 9.6012
10.148 2061.13 153 -14.4988 0.1 9.59663
10.1582 2062.68 152.853 -14.4889 0.1 9.60121
10.1683 2064.23 152.706 -14.4787 0.1 9.59663
10.1785 2065.78 152.559 -14.4687 0.1 9.60121
10.1886 2067.33 152.412 -14.4585 0.1 9.59662
10.1988 2068.88 152.265 -14.4486 0.1 9.60122
10.209 2070.43 152.118 -14.4384 0.1 9.59662
10.2192 2071.98 151.971 -14.4285 0.1 9.60122
10.2294 2073.53 151.823 -14.4184 0.1 9.59661
10.2396 2075.08 151.676 -14.4085 0.1 9.60123
10.2498 2076.63 151.529 -14.3983 0.1 9.59661
10.2601 2078.18 151.382 -14.3885 0.1 9.60123
10.2703 2079.73 151.234 -14.3784 0.1 9.5966
10.2806 2081.28 151.087 -14.3685 0.1 9.60123
10.2908 2082.83 150.94 -14.3584 0.1 9.5966
10.3011 2084.38 150.792 -14.3486 0.1 9.60124
10.3114 2085.93 150.645 -14.3385 0.1 9.59659
10.3217 2087.48 150.497 -14.3287 0.1 9.60124
10.332 2089.03 150.349 -14.3187 0.1 9.59659
10.3423 2090.58 150.202 -14.3089 0.1 9.60125
10.3526 2092.13 150.054 -14.2989 0.1 9.59659
10.3626 2093.63 149.911 -14.2893 0.1 9.59658
10.3726 2095.13 149.768 -14.2797 0.1 9.59658
10.3827 2096.63 149.625 -14.2702 0.1 9.59658
10.3927 2098.13 149.482 -14.2606 0.1 9.59658
10.4027 2099.63 149.339 -14.2511 0.1 9.59657
10.4128 2101.13 149.196 -14.2416 0.1 9.59657
10.4228 2102.63 149.052 -14.232 0.1 9.59657
10.4329 2104.13 148.909 -14.2225 0.1 9.59657
10.443 2105.63 148.766 -14.213 0.1 9.59657
10.4531 2107.13 148.623 -14.2036 0.1 9.59656
10.4632 2108.63 148.479 -14.1941 0.1 9.59656
10.4733 2110.13 148.336 -14.1846 0.1 9.59656
10.4834 2111.63 148.192 -14.1752 0.1 9.59656
10.4935 2113.13 148.049 -14.1657 0.1 9.59655
10.5037 2114.63 147.905 -14.1563 0.1 9.59655
10.5138 2116.13 147.762 -14.1468 0.1 9.59655
10.524 2117.63 147.618 -14.1374 0.1 9.59655
10.5341 2119.13 147.474 -14.128 0.1 9.59654
10.5443 2120.63 147.331 -14.1186 0.1 9.59654
10.5545 2122.13 147.187 -14.1092 0.1 9.59654
10.5647 2123.63 147.043 -14.0998 0.1 9.59654
10.5749 2125.13 146.899 -14.0905 0.1 9.59654
10.5851 2126.63 146.755 -14.0811 0.1 9.59653
10.5953 2128.13 146.611 -14.0717 0.1 9.59653
10.6056 2129.63 146.467 -14.0624 0.1 9.59653
10.6158 2131.13 146.323 -14.0531 0.1 9.59653
10.6261 2132.63 146.179 -14.0437 0.1 9.59652
10.6363 2134.13 146.035 -14.0344 0.1 9.59652
10.6466 2135.63 145.891 -14.0251 0.1 9.59652
10.6569 2137.13 145.747 -14.0158 0.1 9.59652
10.6672 2138.63 145.602 -14.0065 0.1 9.59651
10.6775 2140.13 145.458 -13.9972 0.1 9.59651
10.6878 2141.63 145.314 -13.988 0.1 9.59651
10.6982 2143.13 145.169 -13.9787 0.1 9.59651
10.7085 2144.63 145.025 -13.9695 0.1 9.5965
10.7185 2146.08 144.885 -13.9607 0.1 9.60133
10.7285 2147.53 144.745 -13.9516 0.1 9.5965
10.7385 2148.98 144.606 -13.9428 0.1 9.60134
10.7486 2150.43 144.466 -13.9338 0.1 9.5965
10.7586 2151.88 144.326 -13.925 0.1 9.60134
10.7687 2153.33 144.186 -13.916 0.1 9.59649
10.7787 2154.78 144.046 -13.9072 0.1 9.60135
10.7888 2156.23 143.906 -13.8982 0.1 9.59649
10.7989 2157.68 143.766 -13.8895 0.1 9.60135
10.809 2159.13 143.626 -13.8805 0.1 9.59648
10.8191 2160.58 143.486 -13.8718 0.1 9.60136
10.8292 2162.03 143.346 -13.8628 0.1 9.59648
10.8393 2163.48 143.205 -13.8541 0.1 9.60136
10.8494 2164.93 143.065 -13.8452 0.1 9.59647
10.8596 2166.38 142.925 -13.8365 0.1 9.60137
10.8697 2167.83 142.784 -13.8276 0.1 9.59647
10.8799 2169.28 142.644 -13.8189 0.1 9.60137
10.8901 2170.73 142.503 -13.81 0.1 9.59646
10.9002 2172.18 142.363 -13.8013 0.1 9.60138
10.9104 2173.63 142.222 -13.7924 0.1 9.59646
10.9206 2175.08 142.081 -13.7838 0.1 9.60138
10.9308 2176.53 141.941 -13.7749 0.1 9.59645
10.9411 2177.98 141.8 -13.7663 0.1 9.60139
10.9513 2179.43 141.659 -13.7574 0.1 9.59645
10.9615 2180.88 141.518 -13.7488 0.1 9.60139
10.9718 2182.33 141.378 -13.74 0.1 9.59644
10.982 2183.78 141.237 -13.7314 0.1 9.6014
10.9923 2185.23 141.096 -13.7226 0.1 9.59644
11.0026 2186.68 140.955 -13.714 0.1 9.6014
11.0129 2188.13 140.813 -13.7052 0.1 9.59643
11.0232 2189.58 140.672 -13.6966 0.1 9.60141
11.0335 2191.03 140.531 -13.6878 0.1 9.59643
11.0438 2192.48 140.39 -13.6793 0.1 9.60141
11.0542 2193.93 140.248 -13.6705 0.1 9.59642
11.0645 2195.38 140.107 -13.662 0.1 9.60142
11.0749 2196.83 139.966 -13.6532 0.1 9.59642
11.0849 2198.23 139.829 -13.6449 0.1 9.59641
11.0949 2199.63 139.692 -13.6366 0.1 9.59641
11.1049 2201.03 139.556 -13.6283 0.1 9.59641
11.1149 2202.43 139.419 -13.62 0.1 9.59641
11.125 2203.83 139.282 -13.6117 0.1 9.59641
11.135 2205.23 139.145 -13.6034 0.1 9.5964
11.1451 2206.63 139.008 -13.5951 0.1 9.5964
11.1552 2208.03 138.872 -13.5868 0.1 9.5964
11.1653 2209.43 138.735 -13.5785 0.1 9.5964
11.1754 2210.83 138.597 -13.5703 0.1 9.59639
11.1855 2212.23 138.46 -13.562 0.1 9.59639
11.1956 2213.63 138.323 -13.5538 0.1 9.59639
11.2057 2215.03 138.186 -13.5456 0.1 9.59639
11.2159 2216.43 138.049 -13.5373 0.1 9.59638
11.226 2217.83 137.911 -13.5291 0.1 9.59638
11.2362 2219.23 137.774 -13.5209 0.1 9.59638
11.2463 2220.63 137.637 -13.5127 0.1 9.59638
11.2565 2222.03 137.499 -13.5045 0.1 9.59637
11.2667 2223.43 137.362 -13.4963 0.1 9.59637
11.2769 2224.83 137.224 -13.4881 0.1 9.59637
11.2871 2226.23 137.086 -13.4799 0.1 9.59636
11.2973 2227.63 136.949 -13.4718 0.1 9.59636
11.3075 2229.03 136.811 -13.4636 0.1 9.59636
11.3178 2230.43 136.673 -13.4555 0.1 9.59636
11.328 2231.83 136.535 -13.4473 0.1 9.59635
11.3383 2233.23 136.397 -13.4392 0.1 9.59635
11.3486 2234.63 136.259 -13.431 0.1 9.59635
11.3588 2236.03 136.121 -13.4229 0.1 9.59635
11.3691 2237.43 135.983 -13.4148 0.1 9.59634
11.3794 2238.83 135.845 -13.4067 0.1 9.59634
11.3897 2240.23 135.707 -13.3986 0.1 9.59634
11.4001 2241.63 135.569 -13.3905 0.1 9.59634
11.4104 2243.03 135.43 -13.3824 0.1 9.59633
11.4207 2244.43 135.292 -13.3743 0.1 9.59633
11.4311 2245.83 135.154 -13.3663 0.1 9.59633
11.4415 2247.23 135.015 -13.3582 0.1 9.59633
11.4515 2248.58 134.882 -13.3506 0.1 9.60151
11.4615 2249.93 134.748 -13.3427 0.1 9.59632
11.4715 2251.28 134.614 -13.3351 0.1 9.60152
11.4815 2252.63 134.48 -13.3272 0.1 9.59632
11.4916 2253.98 134.347 -13.3196 0.1 9.60152
11.5016 2255.33 134.213 -13.3117 0.1 9.59631
11.5117 2256.68 134.079 -13.3041 0.1 9.60153
11.5218 2258.03 133.945 -13.2963 0.1 9.5963
11.5319 2259.38 133.811 -13.2887 0.1 9.60153
11.5419 2260.73 133.677 -13.2809 0.1 9.5963
11.5521 2262.08 133.543 -13.2733 0.1 9.60154
11.5622 2263.43 133.408 -13.2655 0.1 9.59629
11.5723 2264.78 133.274 -13.2579 0.1 9.60154
11.5824 2266.13 133.14 -13.2501 0.1 9.59629
11.5926 2267.48 133.005 -13.2426 0.1 9.60155
11.6027 2268.83 132.871 -13.2348 0.1 9.59628
11.6129 2270.18 132.736 -13.2273 0.1 9.60155
11.6231 2271.53 132.602 -13.2195 0.1 9.59628
11.6333 2272.88 132.467 -13.212 0.1 9.60156
11.6434 2274.23 132.333 -13.2042 0.1 9.59627
11.6537 2275.58 132.198 -13.1967 0.1 9.60157
11.6639 2276.93 132.063 -13.189 0.1 9.59627
11.6741 2278.28 131.928 -13.1815 0.1 9.60157
11.6843 2279.63 131.793 -13.1738 0.1 9.59626
11.6946 2280.98 131.658 -13.1663 0.1 9.60158
11.7048 2282.33 131.523 -13.1586 0.1 9.59626
11.7151 2283.68 131.388 -13.1511 0.1 9.60158
11.7254 2285.03 131.253 -13.1434 0.1 9.59625
11.7357 2286.38 131.118 -13.1359 0.1 9.60159
11.746 2287.73 130.982 -13.1283 0.1 9.59625
11.7563 2289.08 130.847 -13.1208 0.1 9.60159
11.7666 2290.43 130.712 -13.1131 0.1 9.59624
11.777 2291.78 130.576 -13.1057 0.1 9.6016
11.7873 2293.13 130.441 -13.0981 0.1 9.59623
11.7977 2294.48 130.305 -13.0906 0.1 9.6016
11.808 2295.83 130.17 -13.083 0.1 9.59623
11.8184 2297.18 130.034 -13.0756 0.1 9.60161
11.8284 2298.48 129.903 -13.0684 0.1 9.60161
11.8384 2299.78 129.772 -13.0611 0.1 9.60161
11.8484 2301.08 129.641 -13.0539 0.1 9.60162
11.8585 2302.38 129.51 -13.0467 0.1 9.60162
11.8685 2303.68 129.379 -13.0395 0.1 9.60162
11.8786 2304.98 129.248 -13.0323 0.1 9.60163
11.8886 2306.28 129.117 -13.0251 0.1 9.60163
11.8987 2307.58 128.986 -13.0179 0.1 9.60163
11.9088 2308.88 128.855 -13.0107 0.1 9.60163
11.9189 2310.18 128.724 -13.0036 0.1 9.60164
11.929 2311.48 128.592 -12.9964 0.1 9.60164
11.9391 2312.78 128.461 -12.9892 0.1 9.60164
11.9492 2314.08 128.329 -12.9821 0.1 9.60165
11.9594 2315.38 128.198 -12.9749 0.1 9.60165
11.9695 2316.68 128.066 -12.9678 0.1 9.60165
11.9797 2317.98 127.934 -12.9606 0.1 9.60165
11.9898 2319.28 127.803 -12.9535 0.1 9.60166
12 2320.58 127.671 -12.9464 0.1 9.60166
12.0102 2321.88 127.539 -12.9393 0.1 9.60166
12.0204 2323.18 127.407 -12.9321 0.1 9.60166
12.0306 2324.48 127.275 -12.925 0.1 9.60167
12.0408 2325.78 127.143 -12.9179 0.1 9.60167
12.0511 2327.08 127.011 -12.9108 0.1 9.60167
12.0613 2328.38 126.879 -12.9037 0.1 9.60168
12.0715 2329.68 126.747 -12.8967 0.1 9.60168
12.0818 2330.98 126.614 -12.8896 0.1 9.60168
12.0921 2332.28 126.482 -12.8825 0.1 9.60169
12.1024 2333.58 126.349 -12.8754 0.1 9.60169
12.1127 2334.88 126.217 -12.8684 0.1 9.60169
12.123 2336.18 126.084 -12.8613 0.1 9.60169
12.1333 2337.48 125.952 -12.8543 0.1 9.6017
12.1436 2338.78 125.819 -12.8473 0.1 9.6017
12.1539 2340.08 125.686 -12.8402 0.1 9.6017
12.1643 2341.38 125.553 -12.8332 0.1 9.60171
12.1747 2342.68 125.421 -12.8262 0.1 9.60171
12.185 2343.98 125.288 -12.8192 0.1 9.60171
12.1954 2345.28 125.154 -12.8121 0.1 9.60171
12.2058 2346.58 125.021 -12.8051 0.1 9.60172
12.2158 2347.83 124.893 -12.7983 0.1 9.59612
12.2258 2349.08 124.765 -12.7917 0.1 9.60172
12.2358 2350.33 124.637 -12.7849 0.1 9.59611
12.2459 2351.58 124.509 -12.7783 0.1 9.60173
12.2559 2352.83 124.38 -12.7715 0.1 9.5961
12.266 2354.08 124.252 -12.7649 0.1 9.60173
12.276 2355.33 124.124 -12.7581 0.1 9.5961
12.2861 2356.58 123.995 -12.7515 0.1 9.60174
12.2962 2357.83 123.866 -12.7447 0.1 9.59609
12.3063 2359.08 123.738 -12.7381 0.1 9.60175
12.3164 2360.33 123.609 -12.7313 0.1 9.59609
12.3265 2361.58 123.48 -12.7248 0.1 9.60175
12.3367 2362.83 123.351 -12.718 0.1 9.59608
12.3468 2364.08 123.223 -12.7115 0.1 9.60176
12.3569 2365.33 123.094 -12.7047 0.1 9.59607
12.3671 2366.58 122.965 -12.6982 0.1 9.60176
12.3773 2367.83 122.835 -12.6914 0.1 9.59607
12.3875 2369.08 122.706 -12.6849 0.1 9.60177
12.3977 2370.33 122.577 -12.6782 0.1 9.59606
12.4079 2371.58 122.448 -12.6716 0.1 9.60178
12.4181 2372.83 122.318 -12.6649 0.1 9.59606
12.4283 2374.08 122.189 -12.6584 0.1 9.60178
12.4385 2375.33 122.059 -12.6517 0.1 9.59605
12.4488 2376.58 121.93 -12.6452 0.1 9.60179
12.459 2377.83 121.8 -12.6385 0.1 9.59604
12.4693 2379.08 121.67 -12.632 0.1 9.60179
12.4796 2380.33 121.54 -12.6253 0.1 9.59604
12.4899 2381.58 121.411 -12.6189 0.1 9.6018
12.5002 2382.83 121.281 -12.6122 0.1 9.59603
12.5105 2384.08 121.151 -12.6057 0.1 9.60181
12.5208 2385.33 121.02 -12.5991 0.1 9.59603
12.5311 2386.58 120.89 -12.5926 0.1 9.60181
12.5415 2387.83 120.76 -12.586 0.1 9.59602
12.5518 2389.08 120.63 -12.5795 0.1 9.60182
12.5622 2390.33 120.499 -12.5729 0.1 9.59601
12.5726 2391.58 120.369 -12.5664 0.1 9.60183
12.583 2392.83 120.238 -12.5598 0.1 9.59601
12.5934 2394.08 120.108 -12.5534 0.1 9.60183
12.6038 2395.33 119.977 -12.5468 0.1 9.596
12.6138 2396.53 119.852 -12.5405 0.1 9.596
12.6238 2397.73 119.726 -12.5343 0.1 9.59599
12.6339 2398.93 119.6 -12.528 0.1 9.59599
12.6439 2400.13 119.475 -12.5218 0.1 9.59599
12.6539 2401.33 119.349 -12.5156 0.1 9.59599
12.664 2402.53 119.223 -12.5093 0.1 9.59598
12.6741 2403.73 119.097 -12.5031 0.1 9.59598
12.6842 2404.93 118.971 -12.4969 0.1 9.59598
12.6942 2406.13 118.845 -12.4907 0.1 9.59597
12.7044 2407.33 118.719 -12.4845 0.1 9.59597
12.7145 2408.53 118.592 -12.4783 0.1 9.59597
12.7246 2409.73 118.466 -12.4721 0.1 9.59596
12.7347 2410.93 118.34 -12.4659 0.1 9.59596
12.7449 2412.13 118.213 -12.4597 0.1 9.59596
12.755 2413.33 118.087 -12.4535 0.1 9.59595
12.7652 2414.53 117.96 -12.4474 0.1 9.59595
12.7754 2415.73 117.834 -12.4412 0.1 9.59595
12.7856 2416.93 117.707 -12.435 0.1 9.59594
12.7958 2418.13 117.58 -12.4289 0.1 9.59594
12.806 2419.33 117.453 -12.4227 0.1 9.59594
12.8162 2420.53 117.326 -12.4166 0.1 9.59593
12.8264 2421.73 117.199 -12.4104 0.1 9.59593
12.8367 2422.93 117.072 -12.4043 0.1 9.59593
12.8469 2424.13 116.945 -12.3981 0.1 9.59593
12.8572 2425.33 116.818 -12.392 0.1 9.59592
12.8675 2426.53 116.69 -12.3859 0.1 9.59592
12.8778 2427.73 116.563 -12.3797 0.1 9.59592
12.8881 2428.93 116.435 -12.3736 0.1 9.59591
12.8984 2430.13 116.308 -12.3675 0.1 9.59591
12.9087 2431.33 116.18 -12.3614 0.1 9.59591
12.919 2432.53 116.052 -12.3553 0.1 9.5959
12.9294 2433.73 115.925 -12.3492 0.1 9.5959
12.9397 2434.93 115.797 -12.3431 0.1 9.5959
12.9501 2436.13 115.669 -12.337 0.1 9.59589
12.9605 2437.33 115.541 -12.3309 0.1 9.59589
12.9709 2438.53 115.413 -12.3249 0.1 9.59589
12.9813 2439.73 115.284 -12.3188 0.1 9.59588
12.9917 2440.93 115.156 -12.3127 0.1 9.59588
13.0021 2442.13 115.028 -12.3067 0.1 9.59588
13.0121 2443.28 114.905 -12.301 0.1 9.60196
13.0221 2444.43 114.782 -12.2951 0.1 9.59587
13.0322 2445.58 114.658 -12.2894 0.1 9.60197
13.0422 2446.73 114.535 -12.2835 0.1 9.59586
13.0523 2447.88 114.412 -12.2778 0.1 9.60198
13.0623 2449.03 114.288 -12.2719 0.1 9.59586
13.0724 2450.18 114.165 -12.2662 0.1 9.60198
13.0825 2451.33 114.041 -12.2603 0.1 9.59585
13.0925 2452.48 113.917 -12.2547 0.1 9.60199
13.1026 2453.63 113.794 -12.2488 0.1 9.59584
13.1128 2454.78 113.67 -12.2431 0.1 9.602
13.1229 2455.93 113.546 -12.2373 0.1 9.59584
13.133 2457.08 113.422 -12.2316 0.1 9.602
13.1432 2458.23 113.298 -12.2258 0.1 9.59583
13.1533 2459.38 113.174 -12.2201 0.1 9.60201
13.1635 2460.53 113.05 -12.2143 0.1 9.59582
13.1737 2461.68 112.925 -12.2087 0.1 9.60202
13.1838 2462.83 112.801 -12.2029 0.1 9.59582
13.194 2463.98 112.676 -12.1972 0.1 9.60202
13.2043 2465.13 112.552 -12.1914 0.1 9.59581
13.2145 2466.28 112.427 -12.1858 0.1 9.60203
13.2247 2467.43 112.303 -12.18 0.1 9.5958
13.235 2468.58 112.178 -12.1744 0.1 9.60204
13.2452 2469.73 112.053 -12.1686 0.1 9.59579
13.2555 2470.88 111.928 -12.163 0.1 9.60204
13.2658 2472.03 111.803 -12.1572 0.1 9.59579
13.2761 2473.18 111.678 -12.1516 0.1 9.60205
13.2864 2474.33 111.553 -12.1458 0.1 9.59578
13.2967 2475.48 111.428 -12.1402 0.1 9.60206
13.307 2476.63 111.302 -12.1344 0.1 9.59577
13.3173 2477.78 111.177 -12.1289 0.1 9.60207
13.3277 2478.93 111.051 -12.1231 0.1 9.59577
13.3381 2480.08 110.926 -12.1175 0.1 9.60207
13.3484 2481.23 110.8 -12.1118 0.1 9.59576
13.3588 2482.38 110.674 -12.1062 0.1 9.60208
13.3692 2483.53 110.548 -12.1005 0.1 9.59575
13.3796 2484.68 110.423 -12.0949 0.1 9.60209
13.39 2485.83 110.297 -12.0892 0.1 9.59574
13.4005 2486.98 110.17 -12.0836 0.1 9.60209
13.4109 2488.13 110.044 -12.0779 0.1 9.59574
13.4209 2489.23 109.923 -12.0725 0.1 9.59573
13.4309 2490.33 109.803 -12.0671 0.1 9.59573
13.441 2491.43 109.682 -12.0618 0.1 9.59573
13.451 2492.53 109.561 -12.0564 0.1 9.59572
13.461 2493.63 109.44 -12.051 0.1 9.59572
13.4711 2494.73 109.318 -12.0457 0.1 9.59572
13.4812 2495.83 109.197 -12.0403 0.1 9.59571
13.4912 2496.93 109.076 -12.0349 0.1 9.59571
13.5013 2498.03 108.954 -12.0296 0.1 9.59571
13.5114 2499.13 108.833 -12.0242 0.1 9.5957
13.5216 2500.23 108.711 -12.0189 0.1 9.5957
13.5317 2501.33 108.59 -12.0136 0.1 9.59569
13.5418 2502.43 108.468 -12.0082 0.1 9.59569
13.552 2503.53 108.346 -12.0029 0.1 9.59569
13.5621 2504.63 108.224 -11.9976 0.1 9.59568
13.5723 2505.73 108.102 -11.9922 0.1 9.59568
13.5825 2506.83 107.98 -11.9869 0.1 9.59568
13.5927 2507.93 107.858 -11.9816 0.1 9.59567
13.6029 2509.03 107.736 -11.9763 0.1 9.59567
13.6131 2510.13 107.613 -11.971 0.1 9.59567
13.6233 2511.23 107.491 -11.9657 0.1 9.59566
13.6336 2512.33 107.369 -11.9604 0.1 9.59566
13.6438 2513.43 107.246 -11.9551 0.1 9.59565
13.6541 2514.53 107.123 -11.9498 0.1 9.59565
13.6643 2515.63 107.001 -11.9445 0.1 9.59565
13.6746 2516.73 106.878 -11.9392 0.1 9.59564
13.6849 2517.83 106.755 -11.9339 0.1 9.59564
13.6952 2518.93 106.632 -11.9286 0.1 9.59564
13.7056 2520.03 106.509 -11.9234 0.1 9.59563
13.7159 2521.13 106.385 -11.9181 0.1 9.59563
13.7262 2522.23 106.262 -11.9128 0.1 9.59562
13.7366 2523.33 106.139 -11.9076 0.1 9.59562
13.747 2524.43 106.015 -11.9023 0.1 9.59562
13.7573 2525.53 105.892 -11.8971 0.1 9.59561
13.7677 2526.63 105.768 -11.8918 0.1 9.59561
13.7781 2527.73 105.644 -11.8866 0.1 9.59561
13.7886 2528.83 105.521 -11.8813 0.1 9.5956
13.799 2529.93 105.397 -11.8761 0.1 9.5956
13.8094 2531.03 105.273 -11.8708 0.1 9.59559
13.8199 2532.13 105.149 -11.8656 0.1 9.59559
13.8304 2533.23 105.025 -11.8604 0.1 9.59559
13.8404 2534.28 104.906 -11.8555 0.1 9.60225
13.8504 2535.33 104.787 -11.8504 0.1 9.59558
13.8604 2536.38 104.668 -11.8455 0.1 9.60226
13.8704 2537.43 104.55 -11.8405 0.1 9.59557
13.8805 2538.48 104.431 -11.8356 0.1 9.60227
13.8906 2539.53 104.312 -11.8305 0.1 9.59556
13.9006 2540.58 104.192 -11.8256 0.1 9.60228
13.9107 2541.63 104.073 -11.8206 0.1 9.59556
13.9208 2542.68 103.954 -11.8157 0.1 9.60228
13.9309 2543.73 103.834 -11.8107 0.1 9.59555
13.941 2544.78 103.715 -11.8058 0.1 9.60229
13.9512 2545.83 103.595 -11.8008 0.1 9.59554
13.9613 2546.88 103.476 -11.7959 0.1 9.6023
13.9715 2547.93 103.356 -11.7909 0.1 9.59553
13.9816 2548.98 103.236 -11.7861 0.1 9.60231
13.9918 2550.03 103.116 -11.781 0.1 9.59552
14.002 2551.08 102.996 -11.7762 0.1 9.60232
14.0122 2552.13 102.876 -11.7712 0.1 9.59552
14.0224 2553.18 102.756 -11.7663 0.1 9.60232
14.0326 2554.23 102.636 -11.7613 0.1 9.59551
14.0429 2555.28 102.515 -11.7565 0.1 9.60233
14.0531 2556.33 102.395 -11.7515 0.1 9.5955
14.0634 2557.38 102.274 -11.7467 0.1 9.60234
14.0736 2558.43 102.154 -11.7417 0.1 9.59549
14.0839 2559.48 102.033 -11.7369 0.1 9.60235
14.0942 2560.53 101.912 -11.7319 0.1 9.59548
14.1045 2561.58 101.791 -11.7271 0.1 9.60236
14.1149 2562.63 101.67 -11.7221 0.1 9.59548
14.1252 2563.68 101.549 -11.7173 0.1 9.60236
14.1355 2564.73 101.428 -11.7123 0.1 9.59547
14.1459 2565.78 101.307 -11.7075 0.1 9.60237
14.1563 2566.83 101.185 -11.7026 0.1 9.59546
14.1667 2567.88 101.064 -11.6978 0.1 9.60238
14.177 2568.93 100.942 -11.6928 0.1 9.59545
14.1875 2569.98 100.82 -11.688 0.1 9.60239
14.1979 2571.03 100.699 -11.6831 0.1 9.59544
14.2083 2572.08 100.577 -11.6783 0.1 9.6024
14.2188 2573.13 100.455 -11.6734 0.1 9.59543
14.2292 2574.18 100.333 -11.6686 0.1 9.60241
14.2397 2575.23 100.211 -11.6637 0.1 9.59543
14.2502 2576.28 100.088 -11.6589 0.1 9.60241
14.2607 2577.33 99.9659 -11.654 0.1 9.59542
14.2707 2578.33 99.8493 -11.6494 0.1 9.59541
14.2807 2579.33 99.7326 -11.6448 0.1 9.59541
14.2907 2580.33 99.6158 -11.6402 0.1 9.5954
14.3008 2581.33 99.4989 -11.6356 0.1 9.5954
14.3108 2582.33 99.3819 -11.631 0.1 9.5954
14.3209 2583.33 99.2648 -11.6264 0.1 9.59539
14.331 2584.33 99.1476 -11.6218 0.1 9.59539
14.3411 2585.33 99.0304 -11.6172 0.1 9.59538
14.3512 2586.33 98.913 -11.6126 0.1 9.59538
14.3613 2587.33 98.7956 -11.608 0.1 9.59538
14.3714 2588.33 98.678 -11.6034 0.1 9.59537
14.3816 2589.33 98.5604 -11.5989 0.1 9.59537
14.3917 2590.33 98.4426 -11.5943 0.1 9.59536
14.4019 2591.33 98.3248 -11.5897 0.1 9.59536
14.4121 2592.33 98.2069 -11.5852 0.1 9.59535
14.4222 2593.33 98.0889 -11.5806 0.1 9.59535
14.4325 2594.33 97.9708 -11.576 0.1 9.59535
14.4427 2595.33 97.8526 -11.5715 0.1 9.59534
14.4529 2596.33 97.7342 -11.5669 0.1 9.59534
14.4631 2597.33 97.6158 -11.5624 0.1 9.59533
14.4734 2598.33 97.4973 -11.5578 0.1 9.59533
14.4836 2599.33 97.3787 -11.5533 0.1 9.59532
14.4939 2600.33 97.2601 -11.5487 0.1 9.59532
14.5042 2601.33 97.1413 -11.5442 0.1 9.59532
14.5145 2602.33 97.0224 -11.5397 0.1 9.59531
14.5248 2603.33 96.9034 -11.5351 0.1 9.59531
14.5351 2604.33 96.7843 -11.5306 0.1 9.5953
14.5455 2605.33 96.6651 -11.5261 0.1 9.5953
14.5558 2606.33 96.5458 -11.5216 0.1 9.59529
14.5662 2607.33 96.4264 -11.517 0.1 9.59529
14.5766 2608.33 96.3069 -11.5125 0.1 9.59528
14.587 2609.33 96.1873 -11.508 0.1 9.59528
14.5974 2610.33 96.0676 -11.5035 0.1 9.59527
14.6078 2611.33 95.9478 -11.499 0.1 9.59527
14.6182 2612.33 95.8279 -11.4945 0.1 9.59527
14.6287 2613.33 95.7079 -11.49 0.1 9.59526
14.6391 2614.33 95.5878 -11.4855 0.1 9.59526
14.6496 2615.33 95.4676 -11.481 0.1 9.59525
14.6601 2616.33 95.3473 -11.4765 0.1 9.59525
14.6706 2617.33 95.2269 -11.472 0.1 9.59524
14.6811 2618.33 95.1064 -11.4675 0.1 9.59524
14.6916 2619.33 94.9857 -11.463 0.1 9.59523
14.7016 2620.28 94.871 -11.4589 0.1 9.60261
14.7116 2621.23 94.7562 -11.4545 0.1 9.59522
14.7217 2622.18 94.6413 -11.4503 0.1 9.60262
14.7317 2623.13 94.5263 -11.446 0.1 9.59522
14.7418 2624.08 94.4113 -11.4419 0.1 9.60263
14.7518 2625.03 94.2961 -11.4375 0.1 9.59521
14.7619 2625.98 94.1808 -11.4334 0.1 9.60263
14.772 2626.93 94.0654 -11.4291 0.1 9.5952
14.7821 2627.88 93.9499 -11.4249 0.1 9.60264
14.7922 2628.83 93.8344 -11.4206 0.1 9.59519
14.8024 2629.78 93.7187 -11.4164 0.1 9.60265
14.8125 2630.73 93.6029 -11.4121 0.1 9.59518
14.8226 2631.68 93.487 -11.408 0.1 9.60266
14.8328 2632.63 93.371 -11.4037 0.1 9.59517
14.843 2633.58 93.255 -11.3995 0.1 9.60267
14.8532 2634.53 93.1388 -11.3952 0.1 9.59516
14.8634 2635.48 93.0225 -11.3911 0.1 9.60268
14.8736 2636.43 92.9061 -11.3868 0.1 9.59515
14.8839 2637.38 92.7896 -11.3827 0.1 9.60269
14.8941 2638.33 92.673 -11.3784 0.1 9.59514
14.9044 2639.28 92.5563 -11.3743 0.1 9.6027
14.9146 2640.23 92.4395 -11.37 0.1 9.59513
14.9249 2641.18 92.3226 -11.3659 0.1 9.60271
14.9352 2642.13 92.2056 -11.3616 0.1 9.59512
14.9455 2643.08 92.0885 -11.3575 0.1 9.60272
14.9558 2644.03 91.9713 -11.3532 0.1 9.59511
14.9662 2644.98 91.854 -11.3491 0.1 9.60273
14.9765 2645.93 91.7365 -11.3449 0.1 9.5951
14.9869 2646.88 91.619 -11.3408 0.1 9.60274
14.9973 2647.83 91.5013 -11.3365 0.1 9.59509
15.0077 2648.78 91.3836 -11.3324 0.1 9.60275
15.0181 2649.73 91.2657 -11.3282 0.1 9.59508
15.0285 2650.68 91.1477 -11.3241 0.1 9.60276
15.0389 2651.63 91.0297 -11.3198 0.1 9.59507
15.0493 2652.58 90.9115 -11.3157 0.1 9.60277
15.0598 2653.53 90.7932 -11.3115 0.1 9.59506
15.0703 2654.48 90.6747 -11.3074 0.1 9.60278
15.0808 2655.43 90.5562 -11.3032 0.1 9.59505
15.0913 2656.38 90.4376 -11.2991 0.1 9.60279
15.1018 2657.33 90.3188 -11.2949 0.1 9.59504
15.1123 2658.28 90.2 -11.2908 0.1 9.6028
15.1228 2659.23 90.081 -11.2866 0.1 9.59503
15.1334 2660.18 89.9619 -11.2825 0.1 9.60281
15.1434 2661.08 89.849 -11.2786 0.1 9.60281
15.1534 2661.98 89.7359 -11.2747 0.1 9.60282
15.1635 2662.88 89.6228 -11.2707 0.1 9.60282
15.1735 2663.78 89.5096 -11.2668 0.1 9.60283
15.1836 2664.68 89.3962 -11.2629 0.1 9.60283
15.1936 2665.58 89.2828 -11.259 0.1 9.60284
15.2037 2666.48 89.1692 -11.2551 0.1 9.60284
15.2138 2667.38 89.0556 -11.2512 0.1 9.60285
15.2239 2668.28 88.9418 -11.2473 0.1 9.60285
15.2341 2669.18 88.828 -11.2434 0.1 9.60286
15.2442 2670.08 88.714 -11.2395 0.1 9.60286
15.2544 2670.98 88.5999 -11.2356 0.1 9.60287
15.2645 2671.88 88.4857 -11.2317 0.1 9.60287
15.2747 2672.78 88.3714 -11.2278 0.1 9.60288
15.2849 2673.68 88.257 -11.2239 0.1 9.60288
15.2951 2674.58 88.1425 -11.22 0.1 9.60289
15.3053 2675.48 88.0279 -11.2161 0.1 9.60289
15.3155 2676.38 87.9132 -11.2122 0.1 9.6029
15.3258 2677.28 87.7983 -11.2084 0.1 9.6029
15.336 2678.18 87.6834 -11.2045 0.1 9.60291
15.3463 2679.08 87.5683 -11.2006 0.1 9.60291
15.3566 2679.98 87.4531 -11.1967 0.1 9.60292
15.3669 2680.88 87.3378 -11.1929 0.1 9.60293
15.3772 2681.78 87.2224 -11.189 0.1 9.60293
15.3875 2682.68 87.1069 -11.1851 0.1 9.60294
15.3979 2683.58 86.9913 -11.1813 0.1 9.60294
15.4082 2684.48 86.8756 -11.1774 0.1 9.60295
15.4186 2685.38 86.7597 -11.1735 0.1 9.60295
15.429 2686.28 86.6437 -11.1697 0.1 9.60296
15.4394 2687.18 86.5276 -11.1658 0.1 9.60296
15.4498 2688.08 86.4114 -11.162 0.1 9.60297
15.4602 2688.98 86.2951 -11.1581 0.1 9.60297
15.4706 2689.88 86.1787 -11.1543 0.1 9.60298
15.4811 2690.78 86.0621 -11.1504 0.1 9.60298
15.4916 2691.68 85.9455 -11.1466 0.1 9.60299
15.502 2692.58 85.8287 -11.1428 0.1 9.603
15.5125 2693.48 85.7118 -11.1389 0.1 9.603
15.523 2694.38 85.5948 -11.1351 0.1 9.60301
15.5336 2695.28 85.4776 -11.1313 0.1 9.60301
15.5441 2696.18 85.3604 -11.1274 0.1 9.60302
15.5546 2697.08 85.243 -11.1236 0.1 9.60302
15.5652 2697.98 85.1255 -11.1198 0.1 9.60303
15.5758 2698.88 85.0078 -11.1159 0.1 9.60304
15.5858 2699.73 84.8966 -11.1123 0.1 9.5948
15.5958 2700.58 84.7853 -11.1087 0.1 9.60305
15.6059 2701.43 84.6739 -11.1051 0.1 9.59478
15.6159 2702.28 84.5623 -11.1015 0.1 9.60306
15.626 2703.13 84.4507 -11.0978 0.1 9.59477
15.636 2703.98 84.3389 -11.0943 0.1 9.60307
15.6461 2704.83 84.2271 -11.0907 0.1 9.59476
15.6562 2705.68 84.1151 -11.0871 0.1 9.60308
15.6663 2706.53 84.003 -11.0835 0.1 9.59475
15.6764 2707.38 83.8908 -11.0799 0.1 9.60309
15.6866 2708.23 83.7784 -11.0763 0.1 9.59474
15.6967 2709.08 83.666 -11.0728 0.1 9.6031
15.7069 2709.93 83.5535 -11.0691 0.1 9.59473
15.7171 2710.78 83.4408 -11.0656 0.1 9.60311
15.7273 2711.63 83.328 -11.0619 0.1 9.59472
15.7375 2712.48 83.2151 -11.0584 0.1 9.60312
15.7477 2713.33 83.1021 -11.0548 0.1 9.59471
15.7579 2714.18 82.9889 -11.0513 0.1 9.60314
15.7682 2715.03 82.8757 -11.0476 0.1 9.59469
15.7785 2715.88 82.7623 -11.0441 0.1 9.60315
15.7887 2716.73 82.6488 -11.0405 0.1 9.59468
15.799 2717.58 82.5352 -11.037 0.1 9.60316
15.8093 2718.43 82.4215 -11.0334 0.1 9.59467
15.8197 2719.28 82.3076 -11.0299 0.1 9.60317
15.83 2720.13 82.1937 -11.0263 0.1 9.59466
15.8403 2720.98 82.0796 -11.0228 0.1 9.60318
15.8507 2721.83 81.9654 -11.0191 0.1 9.59465
15.8611 2722.68 81.851 -11.0157 0.1 9.60319
15.8715 2723.53 81.7366 -11.012 0.1 9.59464
15.8819 2724.38 81.622 -11.0085 0.1 9.60321
15.8923 2725.23 81.5073 -11.0049 0.1 9.59462
15.9027 2726.08 81.3925 -11.0015 0.1 9.60322
15.9132 2726.93 81.2775 -10.9978 0.1 9.59461
15.9237 2727.78 81.1624 -10.9944 0.1 9.60323
15.9341 2728.63 81.0472 -10.9908 0.1 9.5946
15.9446 2729.48 80.9319 -10.9873 0.1 9.60324
15.9551 2730.33 80.8164 -10.9837 0.1 9.59459
15.9657 2731.18 80.7008 -10.9802 0.1 9.60325
15.9762 2732.03 80.5851 -10.9766 0.1 9.59457
15.9868 2732.88 80.4692 -10.9732 0.1 9.60327
15.9973 2733.73 80.3533 -10.9696 0.1 9.59456
16.0079 2734.58 80.2372 -10.9661 0.1 9.60328
16.0185 2735.43 80.1209 -10.9625 0.1 9.59455
16.0291 2736.28 80.0045 -10.9591 0.1 9.60329
16.0392 2737.08 79.8949 -10.9558 0.1 9.6033
16.0492 2737.88 79.7851 -10.9524 0.1 9.6033
16.0592 2738.68 79.6753 -10.9491 0.1 9.60331
16.0693 2739.48 79.5653 -10.9458 0.1 9.60332
16.0793 2740.28 79.4551 -10.9425 0.1 9.60332
16.0894 2741.08 79.3449 -10.9392 0.1 9.60333
16.0995 2741.88 79.2345 -10.9359 0.1 9.60334
16.1096 2742.68 79.1241 -10.9326 0.1 9.60334
16.1197 2743.48 79.0135 -10.9293 0.1 9.60335
16.1298 2744.28 78.9027 -10.926 0.1 9.60335
16.14 2745.08 78.7919 -10.9227 0.1 9.60336
16.1501 2745.88 78.6809 -10.9194 0.1 9.60337
16.1603 2746.68 78.5698 -10.9161 0.1 9.60337
16.1705 2747.48 78.4586 -10.9129 0.1 9.60338
16.1807 2748.28 78.3473 -10.9096 0.1 9.60339
16.1909 2749.08 78.2358 -10.9063 0.1 9.60339
16.2012 2749.88 78.1242 -10.903 0.1 9.6034
16.2114 2750.68 78.0125 -10.8997 0.1 9.6034
16.2217 2751.48 77.9007 -10.8964 0.1 9.60341
16.232 2752.28 77.7887 -10.8932 0.1 9.60342
16.2422 2753.08 77.6766 -10.8899 0.1 9.60342
16.2526 2753.88 77.5644 -10.8866 0.1 9.60343
16.2629 2754.68 77.452 -10.8833 0.1 9.60344
16.2732 2755.48 77.3396 -10.8801 0.1 9.60344
16.2836 2756.28 77.2269 -10.8768 0.1 9.60345
16.2939 2757.08 77.1142 -10.8735 0.1 9.60346
16.3043 2757.88 77.0013 -10.8703 0.1 9.60346
16.3147 2758.68 76.8883 -10.867 0.1 9.60347
16.3251 2759.48 76.7752 -10.8637 0.1 9.60348
16.3356 2760.28 76.6619 -10.8605 0.1 9.60348
16.346 2761.08 76.5485 -10.8572 0.1 9.60349
16.3565 2761.88 76.435 -10.854 0.1 9.6035
16.3669 2762.68 76.3213 -10.8507 0.1 9.6035
16.3774 2763.48 76.2075 -10.8474 0.1 9.60351
16.3879 2764.28 76.0935 -10.8442 0.1 9.60352
16.3984 2765.08 75.9795 -10.8409 0.1 9.60352
16.409 2765.88 75.8652 -10.8377 0.1 9.60353
16.4195 2766.68 75.7509 -10.8344 0.1 9.60354
16.4301 2767.48 75.6364 -10.8312 0.1 9.60355
16.4407 2768.28 75.5218 -10.828 0.1 9.60355
16.4513 2769.08 75.407 -10.8247 0.1 9.60356
16.4619 2769.88 75.2921 -10.8215 0.1 9.60357
16.4725 2770.68 75.177 -10.8182 0.1 9.60357
16.4832 2771.48 75.0618 -10.815 0.1 9.60358
16.4939 2772.28 74.9465 -10.8118 0.1 9.60359
16.5039 2773.03 74.8382 -10.8087 0.1 9.59424
16.5139 2773.78 74.7298 -10.8057 0.1 9.6036
16.524 2774.53 74.6213 -10.8026 0.1 9.59423
16.534 2775.28 74.5127 -10.7997 0.1 9.60361
16.5441 2776.03 74.4039 -10.7966 0.1 9.59421
16.5542 2776.78 74.295 -10.7936 0.1 9.60363
16.5643 2777.53 74.186 -10.7905 0.1 9.5942
16.5744 2778.28 74.0768 -10.7876 0.1 9.60364
16.5845 2779.03 73.9675 -10.7845 0.1 9.59419
16.5947 2779.78 73.8581 -10.7815 0.1 9.60366
16.6048 2780.53 73.7485 -10.7785 0.1 9.59417
16.615 2781.28 73.6389 -10.7755 0.1 9.60367
16.6252 2782.03 73.529 -10.7724 0.1 9.59416
16.6354 2782.78 73.4191 -10.7695 0.1 9.60368
16.6456 2783.53 73.309 -10.7664 0.1 9.59414
16.6559 2784.28 73.1988 -10.7635 0.1 9.6037
16.6661 2785.03 73.0884 -10.7604 0.1 9.59413
16.6764 2785.78 72.9779 -10.7575 0.1 9.60371
16.6867 2786.53 72.8673 -10.7544 0.1 9.59411
16.697 2787.28 72.7565 -10.7514 0.1 9.60373
16.7073 2788.03 72.6456 -10.7484 0.1 9.5941
16.7176 2788.78 72.5346 -10.7454 0.1 9.60374
16.728 2789.53 72.4234 -10.7424 0.1 9.59409
16.7383 2790.28 72.3121 -10.7395 0.1 9.60376
16.7487 2791.03 72.2006 -10.7364 0.1 9.59407
16.7591 2791.78 72.089 -10.7335 0.1 9.60377
16.7695 2792.53 71.9773 -10.7304 0.1 9.59406
16.78 2793.28 71.8654 -10.7275 0.1 9.60379
16.7904 2794.03 71.7534 -10.7244 0.1 9.59404
16.8009 2794.78 71.6412 -10.7215 0.1 9.6038
16.8113 2795.53 71.5289 -10.7185 0.1 9.59403
16.8218 2796.28 71.4164 -10.7155 0.1 9.60382
16.8324 2797.03 71.3038 -10.7125 0.1 9.59401
16.8429 2797.78 71.191 -10.7096 0.1 9.60383
16.8534 2798.53 71.0781 -10.7066 0.1 9.59399
16.864 2799.28 70.9651 -10.7036 0.1 9.60385
16.8746 2800.03 70.8519 -10.7006 0.1 9.59398
16.8852 2800.78 70.7385 -10.6977 0.1 9.60387
16.8958 2801.53 70.625 -10.6947 0.1 9.59396
16.9064 2802.28 70.5114 -10.6917 0.1 9.60388
16.917 2803.03 70.3976 -10.6887 0.1 9.59395
16.9277 2803.78 70.2836 -10.6858 0.1 9.6039
16.9384 2804.53 70.1695 -10.6828 0.1 9.59393
16.9491 2805.28 70.0552 -10.6799 0.1 9.60391
16.9591 2805.98 69.9485 -10.6771 0.1 9.60392
16.9691 2806.68 69.8415 -10.6743 0.1 9.60393
16.9791 2807.38 69.7345 -10.6716 0.1 9.60394
16.9892 2808.08 69.6273 -10.6688 0.1 9.60394
16.9992 2808.78 69.52 -10.6661 0.1 9.60395
17.0093 2809.48 69.4125 -10.6633 0.1 9.60396
17.0194 2810.18 69.3049 -10.6605 0.1 9.60397
17.0295 2810.88 69.1971 -10.6578 0.1 9.60398
17.0396 2811.58 69.0892 -10.655 0.1 9.60398
17.0498 2812.28 68.9812 -10.6523 0.1 9.60399
17.0599 2812.98 68.873 -10.6495 0.1 9.604
17.0701 2813.68 68.7647 -10.6468 0.1 9.60401
17.0803 2814.38 68.6563 -10.644 0.1 9.60402
17.0905 2815.08 68.5477 -10.6413 0.1 9.60402
17.1007 2815.78 68.4389 -10.6385 0.1 9.60403
17.111 2816.48 68.33 -10.6358 0.1 9.60404
17.1212 2817.18 68.221 -10.633 0.1 9.60405
17.1315 2817.88 68.1118 -10.6303 0.1 9.60406
17.1418 2818.58 68.0025 -10.6275 0.1 9.60406
17.1521 2819.28 67.893 -10.6248 0.1 9.60407
17.1624 2819.98 67.7834 -10.6221 0.1 9.60408
17.1727 2820.68 67.6736 -10.6193 0.1 9.60409
17.1831 2821.38 67.5637 -10.6166 0.1 9.6041
17.1935 2822.08 67.4536 -10.6138 0.1 9.60411
17.2038 2822.78 67.3434 -10.6111 0.1 9.60411
17.2142 2823.48 67.233 -10.6084 0.1 9.60412
17.2247 2824.18 67.1225 -10.6056 0.1 9.60413
17.2351 2824.88 67.0118 -10.6029 0.1 9.60414
17.2456 2825.58 66.9009 -10.6002 0.1 9.60415
17.256 2826.28 66.79 -10.5975 0.1 9.60416
17.2665 2826.98 66.6788 -10.5947 0.1 9.60417
17.277 2827.68 66.5675 -10.592 0.1 9.60418
17.2875 2828.38 66.456 -10.5893 0.1 9.60418
17.2981 2829.08 66.3444 -10.5866 0.1 9.60419
17.3087 2829.78 66.2326 -10.5838 0.1 9.6042
17.3192 2830.48 66.1207 -10.5811 0.1 9.60421
17.3298 2831.18 66.0086 -10.5784 0.1 9.60422
17.3404 2831.88 65.8963 -10.5757 0.1 9.60423
17.3511 2832.58 65.7839 -10.573 0.1 9.60424
17.3617 2833.28 65.6713 -10.5702 0.1 9.60425
17.3724 2833.98 65.5585 -10.5675 0.1 9.60426
17.3831 2834.68 65.4456 -10.5648 0.1 9.60427
17.3938 2835.38 65.3325 -10.5621 0.1 9.60427
17.4045 2836.08 65.2193 -10.5594 0.1 9.60428
17.4153 2836.78 65.1058 -10.5567 0.1 9.60429
17.426 2837.48 64.9922 -10.554 0.1 9.6043
17.436 2838.13 64.8866 -10.5514 0.1 9.59352
17.4461 2838.78 64.7808 -10.5489 0.1 9.60432
17.4561 2839.43 64.6749 -10.5464 0.1 9.59351
17.4662 2840.08 64.5688 -10.5439 0.1 9.60434
17.4762 2840.73 64.4626 -10.5414 0.1 9.59349
17.4863 2841.38 64.3562 -10.5389 0.1 9.60436
17.4964 2842.03 64.2497 -10.5364 0.1 9.59347
17.5066 2842.68 64.143 -10.5339 0.1 9.60437
17.5167 2843.33 64.0362 -10.5313 0.1 9.59345
17.5269 2843.98 63.9292 -10.5289 0.1 9.60439
17.537 2844.63 63.8221 -10.5263 0.1 9.59343
17.5472 2845.28 63.7148 -10.5239 0.1 9.60441
17.5574 2845.93 63.6073 -10.5213 0.1 9.59342
17.5677 2846.58 63.4997 -10.5189 0.1 9.60443
17.5779 2847.23 63.392 -10.5163 0.1 9.5934
17.5882 2847.88 63.2841 -10.5139 0.1 9.60445
17.5985 2848.53 63.176 -10.5114 0.1 9.59338
17.6088 2849.18 63.0678 -10.5089 0.1 9.60447
17.6191 2849.83 62.9594 -10.5064 0.1 9.59336
17.6294 2850.48 62.8508 -10.5039 0.1 9.60449
17.6398 2851.13 62.7421 -10.5014 0.1 9.59334
17.6501 2851.78 62.6332 -10.4989 0.1 9.60451
17.6605 2852.43 62.5242 -10.4964 0.1 9.59332
17.6709 2853.08 62.415 -10.494 0.1 9.60453
17.6813 2853.73 62.3056 -10.4914 0.1 9.5933
17.6918 2854.38 62.196 -10.489 0.1 9.60454
17.7022 2855.03 62.0863 -10.4865 0.1 9.59328
17.7127 2855.68 61.9765 -10.484 0.1 9.60456
17.7232 2856.33 61.8664 -10.4815 0.1 9.59326
17.7337 2856.98 61.7562 -10.4791 0.1 9.60459
17.7443 2857.63 61.6458 -10.4765 0.1 9.59324
17.7548 2858.28 61.5353 -10.4741 0.1 9.60461
17.7654 2858.93 61.4245 -10.4716 0.1 9.59322
17.776 2859.58 61.3136 -10.4691 0.1 9.60463
17.7866 2860.23 61.2025 -10.4666 0.1 9.5932
17.7972 2860.88 61.0913 -10.4642 0.1 9.60465
17.8079 2861.53 60.9798 -10.4617 0.1 9.59318
17.8186 2862.18 60.8682 -10.4592 0.1 9.60467
17.8292 2862.83 60.7564 -10.4567 0.1 9.59316
17.84 2863.48 60.6445 -10.4543 0.1 9.60469
17.8507 2864.13 60.5323 -10.4518 0.1 9.59314
17.8614 2864.78 60.42 -10.4494 0.1 9.60471
17.8722 2865.43 60.3075 -10.4469 0.1 9.59311
17.883 2866.08 60.1948 -10.4444 0.1 9.60473
17.8938 2866.73 60.0819 -10.4419 0.1 9.59309
17.9046 2867.38 59.9688 -10.4395 0.1 9.60475
17.9146 2867.98 59.8643 -10.4372 0.1 9.60476
17.9247 2868.58 59.7596 -10.435 0.1 9.60477
17.9347 2869.18 59.6548 -10.4327 0.1 9.60478
17.9448 2869.78 59.5497 -10.4304 0.1 9.60479
17.9549 2870.38 59.4446 -10.4281 0.1 9.60481
17.965 2870.98 59.3392 -10.4259 0.1 9.60482
17.9751 2871.58 59.2337 -10.4236 0.1 9.60483
17.9852 2872.18 59.128 -10.4213 0.1 9.60484
17.9954 2872.78 59.0222 -10.4191 0.1 9.60485
18.0056 2873.38 58.9162 -10.4168 0.1 9.60486
18.0158 2873.98 58.81 -10.4145 0.1 9.60487
18.026 2874.58 58.7037 -10.4123 0.1 9.60488
18.0362 2875.18 58.5972 -10.41 0.1 9.60489
18.0465 2875.78 58.4905 -10.4078 0.1 9.6049
18.0567 2876.38 58.3836 -10.4055 0.1 9.60491
18.067 2876.98 58.2766 -10.4032 0.1 9.60492
18.0773 2877.58 58.1694 -10.401 0.1 9.60493
18.0877 2878.18 58.062 -10.3987 0.1 9.60495
18.098 2878.78 57.9544 -10.3965 0.1 9.60496
18.1084 2879.38 57.8467 -10.3942 0.1 9.60497
18.1187 2879.98 57.7388 -10.3919 0.1 9.60498
18.1291 2880.58 57.6307 -10.3897 0.1 9.60499
18.1396 2881.18 57.5225 -10.3874 0.1 9.605
18.15 2881.78 57.414 -10.3852 0.1 9.60501
18.1605 2882.38 57.3054 -10.3829 0.1 9.60503
18.1709 2882.98 57.1966 -10.3807 0.1 9.60504
18.1814 2883.58 57.0876 -10.3784 0.1 9.60505
18.192 2884.18 56.9784 -10.3762 0.1 9.60506
18.2025 2884.78 56.869 -10.3739 0.1 9.60507
18.2131 2885.38 56.7595 -10.3717 0.1 9.60508
18.2237 2885.98 56.6497 -10.3694 0.1 9.6051
18.2343 2886.58 56.5398 -10.3672 0.1 9.60511
18.2449 2887.18 56.4297 -10.365 0.1 9.60512
18.2555 2887.78 56.3194 -10.3627 0.1 9.60513
18.2662 2888.38 56.2089 -10.3605 0.1 9.60514
18.2769 2888.98 56.0982 -10.3582 0.1 9.60516
18.2876 2889.58 55.9873 -10.356 0.1 9.60517
18.2983 2890.18 55.8762 -10.3537 0.1 9.60518
18.3091 2890.78 55.7649 -10.3515 0.1 9.60519
18.3198 2891.38 55.6534 -10.3493 0.1 9.60521
18.3306 2891.98 55.5417 -10.347 0.1 9.60522
18.3414 2892.58 55.4299 -10.3448 0.1 9.60523
18.3523 2893.18 55.3178 -10.3426 0.1 9.60524
18.3631 2893.78 55.2055 -10.3403 0.1 9.60526
18.374 2894.38 55.093 -10.3381 0.1 9.60527
18.3849 2894.98 54.9803 -10.3359 0.1 9.60528
18.3949 2895.53 54.8768 -10.3338 0.1 9.59254
18.405 2896.08 54.7731 -10.3318 0.1 9.60531
18.415 2896.63 54.6693 -10.3297 0.1 9.59252
18.4251 2897.18 54.5653 -10.3277 0.1 9.60533
18.4352 2897.73 54.4611 -10.3256 0.1 9.59249
18.4453 2898.28 54.3567 -10.3236 0.1 9.60536
18.4554 2898.83 54.2521 -10.3215 0.1 9.59247
18.4656 2899.38 54.1474 -10.3195 0.1 9.60538
18.4757 2899.93 54.0425 -10.3174 0.1 9.59244
18.4859 2900.48 53.9374 -10.3154 0.1 9.60541
18.4961 2901.03 53.8321 -10.3134 0.1 9.59242
18.5064 2901.58 53.7266 -10.3114 0.1 9.60543
18.5166 2902.13 53.621 -10.3093 0.1 9.59239
18.5269 2902.68 53.5151 -10.3073 0.1 9.60546
18.5372 2903.23 53.4091 -10.3052 0.1 9.59237
18.5475 2903.78 53.3029 -10.3032 0.1 9.60548
18.5578 2904.33 53.1964 -10.3011 0.1 9.59234
18.5681 2904.88 53.0898 -10.2991 0.1 9.60551
18.5785 2905.43 52.983 -10.2971 0.1 9.59231
18.5889 2905.98 52.876 -10.2951 0.1 9.60554
18.5993 2906.53 52.7688 -10.293 0.1 9.59229
18.6098 2907.08 52.6615 -10.291 0.1 9.60556
18.6202 2907.63 52.5539 -10.2889 0.1 9.59226
18.6307 2908.18 52.4461 -10.287 0.1 9.60559
18.6412 2908.73 52.3381 -10.2849 0.1 9.59223
18.6517 2909.28 52.2299 -10.2829 0.1 9.60562
18.6623 2909.83 52.1215 -10.2808 0.1 9.5922
18.6728 2910.38 52.0129 -10.2789 0.1 9.60565
18.6834 2910.93 51.9041 -10.2768 0.1 9.59218
18.694 2911.48 51.7951 -10.2748 0.1 9.60567
18.7046 2912.03 51.6859 -10.2727 0.1 9.59215
18.7153 2912.58 51.5764 -10.2708 0.1 9.6057
18.726 2913.13 51.4668 -10.2687 0.1 9.59212
18.7367 2913.68 51.3569 -10.2667 0.1 9.60573
18.7474 2914.23 51.2469 -10.2647 0.1 9.59209
18.7581 2914.78 51.1366 -10.2627 0.1 9.60576
18.7689 2915.33 51.0261 -10.2606 0.1 9.59206
18.7797 2915.88 50.9154 -10.2586 0.1 9.60579
18.7905 2916.43 50.8045 -10.2566 0.1 9.59203
18.8014 2916.98 50.6933 -10.2546 0.1 9.60582
18.8122 2917.53 50.5819 -10.2525 0.1 9.592
18.8231 2918.08 50.4703 -10.2506 0.1 9.60585
18.834 2918.63 50.3585 -10.2485 0.1 9.59197
18.8449 2919.18 50.2464 -10.2465 0.1 9.60588
18.8559 2919.73 50.1341 -10.2445 0.1 9.59194
18.8669 2920.28 50.0216 -10.2425 0.1 9.60591
18.8769 2920.78 49.9191 -10.2407 0.1 9.60593
18.8869 2921.28 49.8165 -10.2389 0.1 9.60594
18.897 2921.78 49.7136 -10.237 0.1 9.60596
18.907 2922.28 49.6105 -10.2352 0.1 9.60597
18.9171 2922.78 49.5073 -10.2334 0.1 9.60599
18.9272 2923.28 49.4038 -10.2315 0.1 9.606
18.9374 2923.78 49.3001 -10.2297 0.1 9.60602
18.9475 2924.28 49.1963 -10.2279 0.1 9.60603
18.9577 2924.78 49.0922 -10.2261 0.1 9.60605
18.9679 2925.28 48.988 -10.2242 0.1 9.60606
18.9781 2925.78 48.8835 -10.2224 0.1 9.60608
18.9884 2926.28 48.7788 -10.2206 0.1 9.60609
18.9986 2926.78 48.6739 -10.2188 0.1 9.60611
19.0089 2927.28 48.5689 -10.217 0.1 9.60612
19.0192 2927.78 48.4636 -10.2151 0.1 9.60614
19.0295 2928.28 48.3581 -10.2133 0.1 9.60615
19.0399 2928.78 48.2523 -10.2115 0.1 9.60617
19.0503 2929.28 48.1464 -10.2097 0.1 9.60619
19.0607 2929.78 48.0403 -10.2079 0.1 9.6062
19.0711 2930.28 47.9339 -10.206 0.1 9.60622
19.0815 2930.78 47.8273 -10.2042 0.1 9.60624
19.092 2931.28 47.7205 -10.2024 0.1 9.60625
19.1025 2931.78 47.6135 -10.2006 0.1 9.60627
19.113 2932.28 47.5063 -10.1988 0.1 9.60628
19.1235 2932.78 47.3988 -10.197 0.1 9.6063
19.1341 2933.28 47.2911 -10.1951 0.1 9.60632
19.1447 2933.78 47.1832 -10.1933 0.1 9.60633
19.1553 2934.28 47.075 -10.1915 0.1 9.60635
19.1659 2934.78 46.9667 -10.1897 0.1 9.60637
19.1766 2935.28 46.8581 -10.1879 0.1 9.60639
19.1873 2935.78 46.7492 -10.1861 0.1 9.6064
19.198 2936.28 46.6402 -10.1843 0.1 9.60642
19.2087 2936.78 46.5309 -10.1825 0.1 9.60644
19.2195 2937.28 46.4213 -10.1806 0.1 9.60646
19.2303 2937.78 46.3115 -10.1788 0.1 9.60647
19.2411 2938.28 46.2015 -10.177 0.1 9.60649
19.2519 2938.78 46.0912 -10.1752 0.1 9.60651
19.2628 2939.28 45.9807 -10.1734 0.1 9.60653
19.2737 2939.78 45.8699 -10.1716 0.1 9.60655
19.2846 2940.28 45.7589 -10.1698 0.1 9.60657
19.2955 2940.78 45.6477 -10.168 0.1 9.60658
19.3065 2941.28 45.5362 -10.1662 0.1 9.6066
19.3175 2941.78 45.4244 -10.1644 0.1 9.60662
19.3285 2942.28 45.3124 -10.1626 0.1 9.60664
19.3396 2942.78 45.2001 -10.1608 0.1 9.60666
19.3506 2943.28 45.0875 -10.159 0.1 9.60668
19.3617 2943.78 44.9747 -10.1572 0.1 9.6067
19.3718 2944.23 44.873 -10.1555 0.1 9.59112
19.3818 2944.68 44.771 -10.1539 0.1 9.60673
19.3919 2945.13 44.6688 -10.1523 0.1 9.59108
19.402 2945.58 44.5665 -10.1507 0.1 9.60677
19.4121 2946.03 44.4638 -10.149 0.1 9.59105
19.4222 2946.48 44.361 -10.1474 0.1 9.60681
19.4324 2946.93 44.2579 -10.1458 0.1 9.59101
19.4425 2947.38 44.1547 -10.1442 0.1 9.60684
19.4527 2947.83 44.0511 -10.1426 0.1 9.59097
19.463 2948.28 43.9474 -10.141 0.1 9.60688
19.4732 2948.73 43.8434 -10.1393 0.1 9.59094
19.4835 2949.18 43.7392 -10.1377 0.1 9.60692
19.4938 2949.63 43.6348 -10.1361 0.1 9.5909
19.5041 2950.08 43.5302 -10.1345 0.1 9.60696
19.5145 2950.53 43.4253 -10.1329 0.1 9.59086
19.5249 2950.98 43.3201 -10.1313 0.1 9.607
19.5353 2951.43 43.2147 -10.1296 0.1 9.59082
19.5457 2951.88 43.1091 -10.128 0.1 9.60704
19.5561 2952.33 43.0033 -10.1264 0.1 9.59078
19.5666 2952.78 42.8972 -10.1248 0.1 9.60708
19.5771 2953.23 42.7908 -10.1232 0.1 9.59074
19.5876 2953.68 42.6842 -10.1216 0.1 9.60712
19.5982 2954.13 42.5774 -10.1199 0.1 9.5907
19.6088 2954.58 42.4703 -10.1184 0.1 9.60716
19.6194 2955.03 42.3629 -10.1167 0.1 9.59066
19.63 2955.48 42.2553 -10.1151 0.1 9.6072
19.6407 2955.93 42.1475 -10.1135 0.1 9.59061
19.6514 2956.38 42.0393 -10.1119 0.1 9.60724
19.6621 2956.83 41.9309 -10.1103 0.1 9.59057
19.6729 2957.28 41.8223 -10.1087 0.1 9.60729
19.6836 2957.73 41.7134 -10.1071 0.1 9.59053
19.6944 2958.18 41.6042 -10.1055 0.1 9.60733
19.7053 2958.63 41.4947 -10.1038 0.1 9.59048
19.7161 2959.08 41.385 -10.1023 0.1 9.60737
19.727 2959.53 41.275 -10.1006 0.1 9.59044
19.7379 2959.98 41.1647 -10.0991 0.1 9.60742
19.7489 2960.43 41.0542 -10.0974 0.1 9.59039
19.7599 2960.88 40.9434 -10.0958 0.1 9.60747
19.7709 2961.33 40.8322 -10.0942 0.1 9.59035
19.7819 2961.78 40.7208 -10.0926 0.1 9.60751
19.793 2962.23 40.6091 -10.091 0.1 9.5903
19.8041 2962.68 40.4972 -10.0894 0.1 9.60756
19.8152 2963.13 40.3849 -10.0878 0.1 9.59025
19.8264 2963.58 40.2723 -10.0862 0.1 9.60761
19.8376 2964.03 40.1594 -10.0846 0.1 9.5902
19.8488 2964.48 40.0463 -10.083 0.1 9.60766
19.8588 2964.88 39.9454 -10.0816 0.1 9.60768
19.8688 2965.28 39.8443 -10.0802 0.1 9.6077
19.8789 2965.68 39.743 -10.0787 0.1 9.60772
19.8889 2966.08 39.6414 -10.0773 0.1 9.60775
19.8991 2966.48 39.5396 -10.0759 0.1 9.60777
19.9092 2966.88 39.4375 -10.0745 0.1 9.60779
19.9193 2967.28 39.3352 -10.0731 0.1 9.60781
19.9295 2967.68 39.2326 -10.0716 0.1 9.60784
19.9397 2968.08 39.1298 -10.0702 0.1 9.60786
19.95 2968.48 39.0267 -10.0688 0.1 9.60788
19.9602 2968.88 38.9234 -10.0674 0.1 9.60791
19.9705 2969.28 38.8198 -10.0659 0.1 9.60793
19.9808 2969.68 38.7159 -10.0645 0.1 9.60796
19.9912 2970.08 38.6118 -10.0631 0.1 9.60798
20.0016 2970.48 38.5074 -10.0617 0.1 9.60801
20.012 2970.88 38.4027 -10.0603 0.1 9.60803
20.0224 2971.28 38.2978 -10.0588 0.1 9.60806
20.0329 2971.68 38.1925 -10.0574 0.1 9.60808
20.0434 2972.08 38.0871 -10.056 0.1 9.60811
20.0539 2972.48 37.9813 -10.0546 0.1 9.60813
20.0644 2972.88 37.8752 -10.0532 0.1 9.60816
20.075 2973.28 37.7689 -10.0518 0.1 9.60818
20.0856 2973.68 37.6623 -10.0503 0.1 9.60821
20.0962 2974.08 37.5554 -10.0489 0.1 9.60824
20.1069 2974.48 37.4482 -10.0475 0.1 9.60826
20.1176 2974.88 37.3407 -10.0461 0.1 9.60829
20.1283 2975.28 37.2329 -10.0447 0.1 9.60832
20.1391 2975.68 37.1248 -10.0433 0.1 9.60834
20.1499 2976.08 37.0165 -10.0418 0.1 9.60837
20.1607 2976.48 36.9078 -10.0404 0.1 9.6084
20.1716 2976.88 36.7988 -10.039 0.1 9.60843
20.1825 2977.28 36.6895 -10.0376 0.1 9.60846
20.1934 2977.68 36.5799 -10.0362 0.1 9.60848
20.2043 2978.08 36.47 -10.0348 0.1 9.60851
20.2153 2978.48 36.3597 -10.0333 0.1 9.60854
20.2263 2978.88 36.2492 -10.0319 0.1 9.60857
20.2374 2979.28 36.1383 -10.0305 0.1 9.6086
20.2485 2979.68 36.0271 -10.0291 0.1 9.60863
20.2596 2980.08 35.9155 -10.0277 0.1 9.60866
20.2708 2980.48 35.8037 -10.0263 0.1 9.60869
20.282 2980.88 35.6915 -10.0249 0.1 9.60872
20.2932 2981.28 35.5789 -10.0235 0.1 9.60875
20.3044 2981.68 35.4661 -10.022 0.1 9.60878
20.3157 2982.08 35.3528 -10.0206 0.1 9.60882
20.3271 2982.48 35.2393 -10.0192 0.1 9.60885
20.3385 2982.88 35.1253 -10.0178 0.1 9.60888
20.3499 2983.28 35.011 -10.0164 0.1 9.60891
20.3599 2983.63 34.9108 -10.0151 0.1 9.58889
20.3699 2983.98 34.8102 -10.0139 0.1 9.60897
20.38 2984.33 34.7093 -10.0127 0.1 9.58884
20.3901 2984.68 34.6082 -10.0115 0.1 9.60903
20.4002 2985.03 34.5068 -10.0102 0.1 9.58878
20.4104 2985.38 34.4051 -10.009 0.1 9.60909
20.4206 2985.73 34.3031 -10.0077 0.1 9.58872
20.4308 2986.08 34.2008 -10.0065 0.1 9.60915
20.441 2986.43 34.0983 -10.0053 0.1 9.58866
20.4513 2986.78 33.9954 -10.0041 0.1 9.60921
20.4616 2987.13 33.8922 -10.0028 0.1 9.58859
20.472 2987.48 33.7888 -10.0016 0.1 9.60927
20.4824 2987.83 33.685 -10.0003 0.1 9.58853
20.4928 2988.18 33.5809 -9.99913 0.1 9.60934
20.5032 2988.53 33.4765 -9.99787 0.1 9.58847
20.5137 2988.88 33.3718 -9.99666 0.1 9.6094
20.5242 2989.23 33.2668 -9.9954 0.1 9.5884
20.5347 2989.58 33.1614 -9.9942 0.1 9.60947
20.5453 2989.93 33.0558 -9.99294 0.1 9.58833
20.5559 2990.28 32.9498 -9.99173 0.1 9.60954
20.5665 2990.63 32.8435 -9.99047 0.1 9.58826
20.5772 2990.98 32.7368 -9.98927 0.1 9.60961
20.5879 2991.33 32.6298 -9.98801 0.1 9.58819
20.5987 2991.68 32.5225 -9.9868 0.1 9.60968
20.6095 2992.03 32.4148 -9.98555 0.1 9.58812
20.6203 2992.38 32.3068 -9.98434 0.1 9.60975
20.6311 2992.73 32.1984 -9.98309 0.1 9.58805
20.642 2993.08 32.0897 -9.98188 0.1 9.60982
20.653 2993.43 31.9806 -9.98062 0.1 9.58798
20.6639 2993.78 31.8712 -9.97942 0.1 9.6099
20.6749 2994.13 31.7614 -9.97816 0.1 9.5879
20.686 2994.48 31.6512 -9.97695 0.1 9.60997
20.697 2994.83 31.5407 -9.9757 0.1 9.58782
20.7082 2995.18 31.4298 -9.97449 0.1 9.61005
20.7193 2995.53 31.3185 -9.97324 0.1 9.58775
20.7305 2995.88 31.2068 -9.97203 0.1 9.61013
20.7418 2996.23 31.0947 -9.97078 0.1 9.58766
20.753 2996.58 30.9823 -9.96957 0.1 9.61021
20.7644 2996.93 30.8694 -9.96832 0.1 9.58758
20.7757 2997.28 30.7562 -9.96711 0.1 9.61029
20.7871 2997.63 30.6425 -9.96585 0.1 9.5875
20.7986 2997.98 30.5285 -9.96465 0.1 9.61038
20.8101 2998.33 30.414 -9.96339 0.1 9.58741
20.8216 2998.68 30.2991 -9.96219 0.1 9.61047
20.8332 2999.03 30.1838 -9.96093 0.1 9.58733
20.8448 2999.38 30.068 -9.95973 0.1 9.61056
20.8565 2999.73 29.9518 -9.95847 0.1 9.58724
20.8665 3000.03 29.8519 -9.95742 0.1 9.5872
20.8766 3000.33 29.7516 -9.95636 0.1 9.58716
20.8867 3000.63 29.6511 -9.95531 0.1 9.58712
20.8968 3000.93 29.5501 -9.95425 0.1 9.58708
20.907 3001.23 29.4489 -9.9532 0.1 9.58704
20.9172 3001.53 29.3473 -9.95214 0.1 9.587
20.9274 3001.83 29.2454 -9.95109 0.1 9.58695
20.9377 3002.13 29.1431 -9.95003 0.1 9.58691
20.948 3002.43 29.0404 -9.94898 0.1 9.58687
20.9584 3002.73 28.9375 -9.94792 0.1 9.58683
20.9688 3003.03 28.8341 -9.94687 0.1 9.58678
20.9792 3003.33 28.7304 -9.94581 0.1 9.58674
20.9897 3003.63 28.6263 -9.94476 0.1 9.5867
21.0002 3003.93 28.5219 -9.9437 0.1 9.58665
21.0107 3004.23 28.4171 -9.94265 0.1 9.58661
21.0213 3004.53 28.3119 -9.94159 0.1 9.58656
21.0319 3004.83 28.2064 -9.94053 0.1 9.58651
21.0426 3005.13 28.1004 -9.93948 0.1 9.58647
21.0533 3005.43 27.9941 -9.93842 0.1 9.58642
21.064 3005.73 27.8873 -9.93737 0.1 9.58637
21.0748 3006.03 27.7802 -9.93631 0.1 9.58632
21.0856 3006.33 27.6726 -9.93525 0.1 9.58627
21.0965 3006.63 27.5647 -9.9342 0.1 9.58622
21.1074 3006.93 27.4563 -9.93314 0.1 9.58617
21.1183 3007.23 27.3476 -9.93208 0.1 9.58612
21.1293 3007.53 27.2384 -9.93103 0.1 9.58607
21.1404 3007.83 27.1287 -9.92997 0.1 9.58602
21.1514 3008.13 27.0187 -9.92891 0.1 9.58597
21.1626 3008.43 26.9082 -9.92785 0.1 9.58592
21.1738 3008.73 26.7972 -9.92679 0.1 9.58586
21.185 3009.03 26.6858 -9.92574 0.1 9.58581
21.1962 3009.33 26.574 -9.92468 0.1 9.58575
21.2076 3009.63 26.4617 -9.92362 0.1 9.5857
21.2189 3009.93 26.3489 -9.92256 0.1 9.58564
21.2303 3010.23 26.2356 -9.9215 0.1 9.58558
21.2418 3010.53 26.1219 -9.92044 0.1 9.58552
21.2533 3010.83 26.0077 -9.91938 0.1 9.58547
21.2649 3011.13 25.893 -9.91832 0.1 9.58541
21.2765 3011.43 25.7778 -9.91726 0.1 9.58535
21.2882 3011.73 25.662 -9.9162 0.1 9.58528
21.2999 3012.03 25.5458 -9.91514 0.1 9.58522
21.3117 3012.33 25.4291 -9.91407 0.1 9.58516
21.3235 3012.63 25.3118 -9.91301 0.1 9.5851
21.3354 3012.93 25.194 -9.91195 0.1 9.58503
21.3473 3013.23 25.0757 -9.91089 0.1 9.58497
21.3593 3013.53 24.9568 -9.90982 0.1 9.5849
21.3694 3013.78 24.8573 -9.90896 0.1 9.61299
21.3794 3014.03 24.7574 -9.90805 0.1 9.58479
21.3896 3014.28 24.6571 -9.90718 0.1 9.61311
21.3997 3014.53 24.5564 -9.90627 0.1 9.58467
21.4099 3014.78 24.4553 -9.9054 0.1 9.61322
21.4202 3015.03 24.3538 -9.9045 0.1 9.58455
21.4305 3015.28 24.2519 -9.90363 0.1 9.61334
21.4408 3015.53 24.1495 -9.90272 0.1 9.58443
21.4512 3015.78 24.0467 -9.90185 0.1 9.61347
21.4616 3016.03 23.9435 -9.90094 0.1 9.58431
21.4721 3016.28 23.8399 -9.90007 0.1 9.61359
21.4826 3016.53 23.7358 -9.89916 0.1 9.58418
21.4932 3016.78 23.6313 -9.89828 0.1 9.61372
21.5038 3017.03 23.5263 -9.89737 0.1 9.58405
21.5144 3017.28 23.4208 -9.8965 0.1 9.61386
21.5251 3017.53 23.3149 -9.89559 0.1 9.58391
21.5359 3017.78 23.2085 -9.89471 0.1 9.61399
21.5467 3018.03 23.1017 -9.8938 0.1 9.58377
21.5575 3018.28 22.9943 -9.89292 0.1 9.61413
21.5684 3018.53 22.8864 -9.89201 0.1 9.58363
21.5794 3018.78 22.7781 -9.89113 0.1 9.61428
21.5904 3019.03 22.6692 -9.89021 0.1 9.58349
21.6014 3019.28 22.5598 -9.88933 0.1 9.61442
21.6126 3019.53 22.4499 -9.88842 0.1 9.58334
21.6237 3019.78 22.3395 -9.88753 0.1 9.61458
21.635 3020.03 22.2285 -9.88662 0.1 9.58318
21.6462 3020.28 22.117 -9.88573 0.1 9.61473
21.6576 3020.53 22.0049 -9.88481 0.1 9.58302
21.669 3020.78 21.8923 -9.88393 0.1 9.6149
21.6804 3021.03 21.7791 -9.88301 0.1 9.58286
21.6919 3021.28 21.6653 -9.88212 0.1 9.61506
21.7035 3021.53 21.5509 -9.8812 0.1 9.58269
21.7152 3021.78 21.4359 -9.88031 0.1 9.61524
21.7269 3022.03 21.3203 -9.87938 0.1 9.58251
21.7386 3022.28 21.2041 -9.87849 0.1 9.61542
21.7504 3022.53 21.0872 -9.87756 0.1 9.58233
21.7623 3022.78 20.9697 -9.87667 0.1 9.6156
21.7743 3023.03 20.8516 -9.87574 0.1 9.58214
21.7863 3023.28 20.7328 -9.87484 0.1 9.61579
21.7984 3023.53 20.6133 -9.87391 0.1 9.58195
21.8106 3023.78 20.4931 -9.87301 0.1 9.61599
21.8229 3024.03 20.3723 -9.87208 0.1 9.58175
21.8352 3024.28 20.2507 -9.87117 0.1 9.61619
21.8476 3024.53 20.1284 -9.87024 0.1 9.58154
21.86 3024.78 20.0054 -9.86933 0.1 9.6164
21.8701 3024.98 19.9064 -9.86859 0.1 9.61649
21.8801 3025.18 19.8069 -9.86785 0.1 9.61658
21.8903 3025.38 19.707 -9.86711 0.1 9.61667
21.9004 3025.58 19.6065 -9.86637 0.1 9.61676
21.9107 3025.78 19.5056 -9.86562 0.1 9.61685
21.921 3025.98 19.4041 -9.86488 0.1 9.61694
21.9313 3026.18 19.3021 -9.86413 0.1 9.61704
21.9417 3026.38 19.1995 -9.86339 0.1 9.61714
21.9521 3026.58 19.0965 -9.86264 0.1 9.61723
21.9627 3026.78 18.9928 -9.86189 0.1 9.61733
21.9732 3026.98 18.8886 -9.86113 0.1 9.61743
21.9838 3027.18 18.7838 -9.86038 0.1 9.61754
21.9945 3027.38 18.6785 -9.85963 0.1 9.61764
22.0053 3027.58 18.5725 -9.85887 0.1 9.61775
22.0161 3027.78 18.466 -9.85811 0.1 9.61786
22.027 3027.98 18.3588 -9.85735 0.1 9.61797
22.0379 3028.18 18.2511 -9.85659 0.1 9.61808
22.0489 3028.38 18.1427 -9.85582 0.1 9.6182
22.06 3028.58 18.0336 -9.85506 0.1 9.61831
22.0711 3028.78 17.9239 -9.85429 0.1 9.61843
22.0823 3028.98 17.8135 -9.85352 0.1 9.61855
22.0936 3029.18 17.7025 -9.85275 0.1 9.61867
22.1049 3029.38 17.5907 -9.85197 0.1 9.6188
22.1163 3029.58 17.4783 -9.85119 0.1 9.61893
22.1278 3029.78 17.3651 -9.85041 0.1 9.61906
22.1394 3029.98 17.2512 -9.84963 0.1 9.61919
22.151 3030.18 17.1365 -9.84885 0.1 9.61933
22.1627 3030.38 17.0211 -9.84806 0.1 9.61946
22.1745 3030.58 16.9049 -9.84727 0.1 9.6196
22.1864 3030.78 16.7879 -9.84647 0.1 9.61975
22.1984 3030.98 16.6701 -9.84568 0.1 9.6199
22.2104 3031.18 16.5514 -9.84488 0.1 9.62005
22.2226 3031.38 16.4319 -9.84407 0.1 9.6202
22.2348 3031.58 16.3116 -9.84327 0.1 9.62036
22.2471 3031.78 16.1903 -9.84245 0.1 9.62052
22.2595 3031.98 16.0682 -9.84164 0.1 9.62068
22.272 3032.18 15.9451 -9.84082 0.1 9.62085
22.2846 3032.38 15.821 -9.83999 0.1 9.62102
22.2973 3032.58 15.696 -9.83917 0.1 9.62119
22.3102 3032.78 15.57 -9.83833 0.1 9.62137
22.3231 3032.98 15.443 -9.83749 0.1 9.62156
22.3361 3033.18 15.315 -9.83665 0.1 9.62175
22.3492 3033.38 15.1858 -9.8358 0.1 9.62194
22.3625 3033.58 15.0556 -9.83494 0.1 9.62214
22.3725 3033.73 14.9572 -9.83429 0.1 9.57554
22.3825 3033.88 14.8581 -9.83365 0.1 9.62245
22.3927 3034.03 14.7584 -9.83298 0.1 9.57523
22.4029 3034.18 14.658 -9.83234 0.1 9.62277
22.4132 3034.33 14.557 -9.83166 0.1 9.5749
22.4235 3034.48 14.4552 -9.83101 0.1 9.6231
22.4339 3034.63 14.3527 -9.83033 0.1 9.57456
22.4444 3034.78 14.2495 -9.82966 0.1 9.62345
22.455 3034.93 14.1455 -9.82897 0.1 9.57421
22.4657 3035.08 14.0407 -9.8283 0.1 9.62381
22.4764 3035.23 13.9352 -9.8276 0.1 9.57383
22.4872 3035.38 13.8289 -9.82691 0.1 9.62419
22.4981 3035.53 13.7218 -9.8262 0.1 9.57344
22.5091 3035.68 13.6138 -9.8255 0.1 9.62459
22.5202 3035.83 13.505 -9.82478 0.1 9.57304
22.5314 3035.98 13.3952 -9.82407 0.1 9.62501
22.5426 3036.13 13.2846 -9.82333 0.1 9.57261
22.554 3036.28 13.1731 -9.8226 0.1 9.62545
22.5654 3036.43 13.0606 -9.82185 0.1 9.57216
22.577 3036.58 12.9471 -9.82111 0.1 9.62591
22.5886 3036.73 12.8327 -9.82034 0.1 9.57168
22.6004 3036.88 12.7172 -9.81958 0.1 9.6264
22.6123 3037.03 12.6007 -9.81879 0.1 9.57118
22.6242 3037.18 12.4831 -9.81801 0.1 9.62691
22.6363 3037.33 12.3644 -9.8172 0.1 9.57066
22.6486 3037.48 12.2445 -9.81639 0.1 9.62746
22.6609 3037.63 12.1235 -9.81556 0.1 9.5701
22.6733 3037.78 12.0012 -9.81473 0.1 9.62803
22.6859 3037.93 11.8777 -9.81387 0.1 9.5695
22.6986 3038.08 11.7529 -9.81301 0.1 9.62864
22.7115 3038.23 11.6267 -9.81212 0.1 9.56887
22.7245 3038.38 11.4992 -9.81123 0.1 9.6293
22.7376 3038.53 11.3703 -9.81031 0.1 9.56819
22.7509 3038.68 11.2399 -9.80938 0.1 9.63
22.7644 3038.83 11.1079 -9.80841 0.1 9.56747
22.778 3038.98 10.9744 -9.80745 0.1 9.63075
22.7918 3039.13 10.8393 -9.80644 0.1 9.5667
22.8057 3039.28 10.7024 -9.80542 0.1 9.63155
22.8199 3039.43 10.5638 -9.80436 0.1 9.56586
22.8342 3039.58 10.4234 -9.80328 0.1 9.63242
22.8487 3039.73 10.281 -9.80216 0.1 9.56495
22.8634 3039.88 10.1367 -9.80101 0.1 9.63336
22.8784 3040.03 9.99022 -9.79982 0.1 9.56397
22.8885 3040.13 9.8914 -9.799 0.1 9.56362
22.8987 3040.23 9.79158 -9.79817 0.1 9.56326
22.909 3040.33 9.69074 -9.79731 0.1 9.5629
22.9194 3040.43 9.58885 -9.79643 0.1 9.56251
22.9299 3040.53 9.48586 -9.79553 0.1 9.56212
22.9405 3040.63 9.38174 -9.79461 0.1 9.56172
22.9512 3040.73 9.27647 -9.79366 0.1 9.5613
22.9621 3040.83 9.16998 -9.79267 0.1 9.56086
22.9731 3040.93 9.06225 -9.79166 0.1 9.56041
22.9843 3041.03 8.95323 -9.79062 0.1 9.55995
22.9955 3041.13 8.84286 -9.78954 0.1 9.55946
23.0069 3041.23 8.73111 -9.78842 0.1 9.55896
23.0185 3041.33 8.61791 -9.78726 0.1 9.55844
23.0302 3041.43 8.5032 -9.78606 0.1 9.5579
23.0421 3041.53 8.38693 -9.78481 0.1 9.55733
23.0542 3041.63 8.26903 -9.7835 0.1 9.55674
23.0664 3041.73 8.14943 -9.78214 0.1 9.55613
23.0788 3041.83 8.02806 -9.78072 0.1 9.55549
23.0914 3041.93 7.90482 -9.77923 0.1 9.55482
23.1042 3042.03 7.77964 -9.77767 0.1 9.55411
23.1172 3042.13 7.65241 -9.77602 0.1 9.55337
23.1305 3042.23 7.52303 -9.77428 0.1 9.5526
23.1439 3042.33 7.3914 -9.77245 0.1 9.55178
23.1576 3042.43 7.25738 -9.7705 0.1 9.55092
23.1716 3042.53 7.12085 -9.76843 0.1 9.55
23.1859 3042.63 6.98165 -9.76622 0.1 9.54904
23.2004 3042.73 6.83963 -9.76386 0.1 9.54801
23.2153 3042.83 6.69459 -9.76132 0.1 9.54692
23.2305 3042.93 6.54635 -9.75858 0.1 9.54576
23.246 3043.03 6.39468 -9.75562 0.1 9.54451
23.2619 3043.13 6.23933 -9.75239 0.1 9.54318
23.2783 3043.23 6.08002 -9.74886 0.1 9.54173
23.2951 3043.33 5.91642 -9.74497 0.1 9.54017
23.3123 3043.43 5.74817 -9.74067 0.1 9.53848
23.3301 3043.53 5.57486 -9.73588 0.1 9.53663
23.3485 3043.63 5.39599 -9.73049 0.1 9.5346
23.3675 3043.73 5.21099 -9.72439 0.1 9.53236
23.3873 3043.83 5.01918 -9.71741 0.1 9.52986
23.3974 3043.88 4.92047 -9.71353 0.1 9.66933
23.4078 3043.93 4.81975 -9.70933 0.1 9.52707
23.4184 3043.98 4.71687 -9.70479 0.1 9.6723
23.4292 3044.03 4.61171 -9.69985 0.1 9.5239
23.4403 3044.08 4.50409 -9.69447 0.1 9.67569
23.4517 3044.13 4.39384 -9.68856 0.1 9.52027
23.4634 3044.18 4.28075 -9.68206 0.1 9.67959
23.4754 3044.23 4.16459 -9.67486 0.1 9.51606
23.4878 3044.28 4.04511 -9.66684 0.1 9.68415
23.5005 3044.33 3.92198 -9.65785 0.1 9.5111
23.5137 3044.38 3.79487 -9.6477 0.1 9.68958
23.5273 3044.43 3.66335 -9.63613 0.1 9.50512
23.5415 3044.48 3.52693 -9.62284 0.1 9.6962
23.5563 3044.53 3.38502 -9.60739 0.1 9.49773
23.5717 3044.58 3.23689 -9.5892 0.1 9.70452
23.588 3044.63 3.08166 -9.56747 0.1 9.48827
23.6051 3044.68 2.91818 -9.54103 0.1 9.71542
23.6233 3044.73 2.74499 -9.50815 0.1 9.47554
23.6428 3044.78 2.56012 -9.46614 0.1 9.73055
23.664 3044.83 2.36081 -9.41053 0.1 9.45713
23.6874 3044.88 2.14305 -9.33341 0.1 9.75363
23.7137 3044.93 1.9005 -9.21915 0.1 9.427
23.7445 3044.98 1.62209 -9.03215 0.1 9.79532
23.7834 3045.03 1.28471 -8.66882 0.1 9.36378
23.8445 3045.08 0.818403 -7.63252 0.1 9.90865
23.9056 3045.16 0 -0 0.1 9.05333
