Simulation created and run on: 
Fri Mar 10 13:06:18 2023


Time (s), Height (m), Velocity (m/s), Acceleration (m/s^2), Deployment Angle (degrees)
3.6 599.88 344.08 -9.80665 0.1 0
3.61003 603.33 343.7 -37.8084 0.1 0.138416
3.62008 606.78 343.321 -37.7352 0.1 0.279022
3.63013 610.23 342.942 -37.6627 0.1 0.419783
3.6402 613.68 342.563 -37.5906 0.1 0.5607
3.65027 617.13 342.185 -37.5191 0.1 0.701773
3.66036 620.58 341.807 -37.4482 0.1 0.843002
3.67046 624.03 341.429 -37.3778 0.1 0.984387
3.68057 627.48 341.051 -37.3079 0.1 1.12593
3.69069 630.93 340.674 -37.2385 0.1 1.26763
3.70082 634.38 340.297 -37.1696 0.1 1.40948
3.71097 637.83 339.92 -37.1013 0.1 1.55149
3.72098 641.23 339.549 -37.0345 0.1 1.6916
3.73099 644.63 339.179 -36.9682 0.1 1.83186
3.74102 648.03 338.808 -36.9024 0.1 1.97228
3.75107 651.43 338.438 -36.837 0.1 2.11285
3.76112 654.83 338.068 -36.7722 0.1 2.25357
3.77118 658.23 337.698 -36.7078 0.1 2.39444
3.78125 661.63 337.329 -36.644 0.1 2.53547
3.79134 665.03 336.96 -36.5806 0.1 2.67666
3.80143 668.43 336.591 -36.5177 0.1 2.818
3.81154 671.83 336.222 -36.4553 0.1 2.95949
3.82166 675.23 335.853 -36.3934 0.1 3.10114
3.83179 678.63 335.485 -36.332 0.1 3.24295
3.84193 682.03 335.117 -36.271 0.1 3.38491
3.85193 685.38 334.755 -36.2114 0.1 3.52493
3.86194 688.73 334.392 -36.1522 0.1 3.66511
3.87197 692.08 334.03 -36.0935 0.1 3.80544
3.882 695.43 333.668 -36.0352 0.1 3.94592
3.89205 698.78 333.307 -35.9774 0.1 4.08656
3.9021 702.13 332.945 -35.92 0.1 4.22734
3.91217 705.48 332.584 -35.8631 0.1 4.36828
3.92225 708.83 332.223 -35.8066 0.1 4.50937
3.93234 712.18 331.862 -35.7506 0.1 4.65062
3.94244 715.53 331.501 -35.695 0.1 4.79202
3.95255 718.88 331.14 -35.6398 0.1 4.93357
3.96267 722.23 330.78 -35.585 0.1 5.07528
3.9728 725.58 330.419 -35.5307 0.1 5.21714
3.98295 728.93 330.059 -35.4768 0.1 5.35916
3.99295 732.23 329.705 -35.4241 0.1 5.49921
4.00297 735.53 329.35 -35.3719 0.1 5.63941
4.01299 738.83 328.996 -35.32 0.1 5.77976
4.02303 742.13 328.642 -35.2685 0.1 5.92026
4.03307 745.43 328.288 -35.2175 0.1 6.06092
4.04313 748.73 327.934 -35.1668 0.1 6.20172
4.0532 752.03 327.58 -35.1166 0.1 6.34268
4.06328 755.33 327.226 -35.0667 0.1 6.48379
4.07337 758.63 326.872 -35.0172 0.1 6.62505
4.08347 761.93 326.519 -34.9681 0.1 6.76646
4.09358 765.23 326.166 -34.9194 0.1 6.90803
4.10371 768.53 325.812 -34.8711 0.1 7.04975
4.11384 771.83 325.459 -34.8232 0.1 7.19163
4.12399 775.13 325.106 -34.7757 0.1 7.33366
4.13399 778.38 324.759 -34.7292 0.1 7.47369
4.144 781.63 324.411 -34.6831 0.1 7.61386
4.15403 784.88 324.064 -34.6374 0.1 7.75419
4.16406 788.13 323.716 -34.592 0.1 7.89467
4.1741 791.38 323.369 -34.547 0.1 8.0353
4.18416 794.63 323.022 -34.5024 0.1 8.17608
4.19423 797.88 322.675 -34.4581 0.1 8.31701
4.2043 801.13 322.328 -34.4141 0.1 8.4581
4.21439 804.38 321.981 -34.3705 0.1 8.59933
4.22449 807.63 321.634 -34.3273 0.1 8.74072
4.2346 810.88 321.287 -34.2844 0.1 8.88226
4.24472 814.13 320.94 -34.2418 0.1 9.02395
4.25486 817.38 320.594 -34.1996 0.1 9.1658
4.265 820.63 320.247 -34.1578 0.1 9.3078
4.27515 823.88 319.9 -34.1162 0.1 9.44995
4.28516 827.08 319.559 -34.0757 0.1 9.59007
4.29518 830.28 319.218 -34.0354 0.1 9.73034
4.30521 833.48 318.877 -33.9955 0.1 9.87075
4.31525 836.68 318.536 -33.9559 0.1 10.0113
4.3253 839.88 318.195 -33.9166 0.1 10.152
4.33536 843.08 317.853 -33.8776 0.1 10.2929
4.34544 846.28 317.512 -33.839 0.1 10.4339
4.35552 849.48 317.171 -33.8006 0.1 10.5751
4.36562 852.68 316.83 -33.7626 0.1 10.7164
4.37572 855.88 316.489 -33.7249 0.1 10.8579
4.38584 859.08 316.148 -33.6875 0.1 10.9995
4.39597 862.28 315.807 -33.6503 0.1 11.1413
4.4061 865.48 315.466 -33.6135 0.1 11.2832
4.41625 868.68 315.125 -33.577 0.1 11.4253
4.42625 871.83 314.79 -33.5413 0.1 11.5653
4.43627 874.98 314.454 -33.506 0.1 11.7055
4.44629 878.13 314.119 -33.4709 0.1 11.8458
4.45632 881.28 313.783 -33.4361 0.1 11.9863
4.46637 884.43 313.447 -33.4015 0.1 12.1269
4.47642 887.58 313.112 -33.3673 0.1 12.2677
4.48649 890.73 312.776 -33.3333 0.1 12.4086
4.49656 893.88 312.44 -33.2996 0.1 12.5497
4.50665 897.03 312.104 -33.2662 0.1 12.6909
4.51675 900.18 311.769 -33.233 0.1 12.8323
4.52686 903.33 311.433 -33.2002 0.1 12.9738
4.53698 906.48 311.097 -33.1675 0.1 13.1155
4.54711 909.63 310.761 -33.1352 0.1 13.2573
4.55725 912.78 310.425 -33.1031 0.1 13.3993
4.56741 915.93 310.089 -33.0713 0.1 13.5414
4.57741 919.03 309.759 -33.0402 0.1 13.6815
4.58742 922.13 309.428 -33.0094 0.1 13.8216
4.59745 925.23 309.097 -32.9788 0.1 13.962
4.60748 928.33 308.767 -32.9485 0.1 14.1025
4.61753 931.43 308.436 -32.9184 0.1 14.2431
4.62758 934.53 308.105 -32.8885 0.1 14.3839
4.63765 937.63 307.774 -32.8589 0.1 14.5248
4.64773 940.73 307.443 -32.8296 0.1 14.6659
4.65782 943.83 307.112 -32.8004 0.1 14.8071
4.66791 946.93 306.781 -32.7715 0.1 14.9485
4.67803 950.03 306.45 -32.7429 0.1 15.0901
4.68815 953.13 306.118 -32.7144 0.1 15.2318
4.69828 956.23 305.787 -32.6862 0.1 15.3736
4.70842 959.33 305.456 -32.6583 0.1 15.5156
4.71858 962.43 305.124 -32.6305 0.1 15.6578
4.72858 965.48 304.798 -32.6034 0.1 15.7978
4.73859 968.53 304.472 -32.5766 0.1 15.938
4.74861 971.58 304.145 -32.5499 0.1 16.0783
4.75865 974.63 303.819 -32.5235 0.1 16.2188
4.76869 977.68 303.492 -32.4972 0.1 16.3594
4.77875 980.73 303.166 -32.4712 0.1 16.5001
4.78881 983.78 302.839 -32.4454 0.1 16.6411
4.79889 986.83 302.512 -32.4198 0.1 16.7821
4.80898 989.88 302.185 -32.3943 0.1 16.9234
4.81908 992.93 301.858 -32.3691 0.1 17.0647
4.82919 995.98 301.531 -32.3441 0.1 17.2063
4.83931 999.03 301.204 -32.3193 0.1 17.348
4.84944 1002.08 300.876 -32.2947 0.1 17.4898
4.85958 1005.13 300.549 -32.2703 0.1 17.6318
4.86973 1008.18 300.221 -32.246 0.1 17.7739
4.8799 1011.23 299.894 -32.222 0.1 17.9163
4.88991 1014.23 299.571 -32.1985 0.1 18.0564
4.89993 1017.23 299.249 -32.1752 0.1 18.1966
4.90996 1020.23 298.926 -32.1521 0.1 18.3371
4.92 1023.23 298.604 -32.1292 0.1 18.4777
4.93005 1026.23 298.281 -32.1064 0.1 18.6184
4.94012 1029.23 297.958 -32.0839 0.1 18.7593
4.95019 1032.23 297.635 -32.0615 0.1 18.9003
4.96027 1035.23 297.311 -32.0392 0.1 19.0415
4.97037 1038.23 296.988 -32.0172 0.1 19.1828
4.98048 1041.23 296.665 -31.9953 0.1 19.3243
4.9906 1044.23 296.341 -31.9735 0.1 19.466
5.00072 1047.23 296.017 -31.952 0.1 19.6078
5.01086 1050.23 295.693 -31.9306 0.1 19.7497
5.02102 1053.23 295.369 -31.9093 0.1 19.8919
5.03118 1056.23 295.045 -31.8883 0.1 20.0341
5.04118 1059.18 294.726 -31.8677 0.1 20.1742
5.0512 1062.13 294.407 -31.8473 0.1 20.3144
5.06122 1065.08 294.088 -31.827 0.1 20.4547
5.07126 1068.03 293.769 -31.8069 0.1 20.5952
5.08131 1070.98 293.449 -31.7869 0.1 20.7359
5.09137 1073.93 293.13 -31.7671 0.1 20.8767
5.10143 1076.88 292.81 -31.7474 0.1 21.0177
5.11152 1079.83 292.49 -31.7278 0.1 21.1588
5.12161 1082.78 292.17 -31.7084 0.1 21.3001
5.13171 1085.73 291.85 -31.6891 0.1 21.4415
5.14182 1088.68 291.529 -31.67 0.1 21.5831
5.15195 1091.63 291.209 -31.651 0.1 21.7249
5.16208 1094.58 290.888 -31.6321 0.1 21.8668
5.17223 1097.53 290.567 -31.6134 0.1 22.0088
5.18239 1100.48 290.246 -31.5948 0.1 22.151
5.19256 1103.43 289.925 -31.5763 0.1 22.2934
5.20257 1106.33 289.609 -31.5583 0.1 22.4335
5.21259 1109.23 289.293 -31.5404 0.1 22.5738
5.22262 1112.13 288.976 -31.5226 0.1 22.7142
5.23266 1115.03 288.66 -31.5049 0.1 22.8548
5.24271 1117.93 288.343 -31.4874 0.1 22.9955
5.25277 1120.83 288.027 -31.4699 0.1 23.1364
5.26285 1123.73 287.71 -31.4526 0.1 23.2774
5.27293 1126.63 287.393 -31.4354 0.1 23.4186
5.28303 1129.53 287.075 -31.4183 0.1 23.5599
5.29313 1132.43 286.758 -31.4013 0.1 23.7014
5.30325 1135.33 286.44 -31.3845 0.1 23.8431
5.31338 1138.23 286.122 -31.3677 0.1 23.9849
5.32352 1141.13 285.804 -31.351 0.1 24.1269
5.33368 1144.03 285.486 -31.3345 0.1 24.269
5.34384 1146.93 285.168 -31.318 0.1 24.4113
5.35402 1149.83 284.849 -31.3016 0.1 24.5538
5.36403 1152.68 284.536 -31.2857 0.1 24.6939
5.37405 1155.53 284.222 -31.2698 0.1 24.8342
5.38408 1158.38 283.909 -31.254 0.1 24.9747
5.39413 1161.23 283.595 -31.2383 0.1 25.1153
5.40418 1164.08 283.281 -31.2227 0.1 25.2561
5.41425 1166.93 282.967 -31.2072 0.1 25.397
5.42433 1169.78 282.652 -31.1917 0.1 25.5381
5.43441 1172.63 282.338 -31.1764 0.1 25.6793
5.44451 1175.48 282.023 -31.1611 0.1 25.8207
5.45463 1178.33 281.708 -31.146 0.1 25.9623
5.46475 1181.18 281.393 -31.1309 0.1 26.104
5.47488 1184.03 281.077 -31.1159 0.1 26.2459
5.48503 1186.88 280.762 -31.1009 0.1 26.3879
5.49518 1189.73 280.446 -31.0861 0.1 26.5301
5.50535 1192.58 280.13 -31.0713 0.1 26.6724
5.51535 1195.38 279.819 -31.0569 0.1 26.8125
5.52537 1198.18 279.508 -31.0425 0.1 26.9526
5.53539 1200.98 279.197 -31.0282 0.1 27.0929
5.54542 1203.78 278.886 -31.0139 0.1 27.2334
5.55547 1206.58 278.574 -30.9998 0.1 27.3741
5.56553 1209.38 278.263 -30.9857 0.1 27.5148
5.57559 1212.18 277.951 -30.9716 0.1 27.6558
5.58567 1214.98 277.639 -30.9577 0.1 27.7969
5.59576 1217.78 277.326 -30.9438 0.1 27.9382
5.60587 1220.58 277.014 -30.9299 0.1 28.0796
5.61598 1223.38 276.701 -30.9161 0.1 28.2212
5.62611 1226.18 276.388 -30.9024 0.1 28.3629
5.63624 1228.98 276.075 -30.8887 0.1 28.5049
5.64639 1231.78 275.762 -30.8751 0.1 28.6469
5.65655 1234.58 275.448 -30.8615 0.1 28.7892
5.66672 1237.38 275.134 -30.848 0.1 28.9315
5.67672 1240.13 274.826 -30.8348 0.1 29.0716
5.68673 1242.88 274.517 -30.8216 0.1 29.2117
5.69676 1245.63 274.208 -30.8085 0.1 29.352
5.70679 1248.38 273.899 -30.7954 0.1 29.4925
5.71684 1251.13 273.59 -30.7824 0.1 29.6332
5.72689 1253.88 273.28 -30.7694 0.1 29.774
5.73696 1256.63 272.971 -30.7565 0.1 29.9149
5.74704 1259.38 272.661 -30.7436 0.1 30.056
5.75714 1262.13 272.35 -30.7307 0.1 30.1973
5.76724 1264.88 272.04 -30.7179 0.1 30.3388
5.77735 1267.63 271.729 -30.7051 0.1 30.4804
5.78748 1270.38 271.418 -30.6923 0.1 30.6221
5.79762 1273.13 271.107 -30.6796 0.1 30.7641
5.80777 1275.88 270.796 -30.6669 0.1 30.9062
5.81793 1278.63 270.485 -30.6543 0.1 31.0484
5.8281 1281.38 270.173 -30.6417 0.1 31.1908
5.83829 1284.13 269.861 -30.6291 0.1 31.3334
5.8483 1286.83 269.554 -30.6167 0.1 31.4736
5.85832 1289.53 269.247 -30.6044 0.1 31.6139
5.86835 1292.23 268.94 -30.5921 0.1 31.7543
5.8784 1294.93 268.633 -30.5799 0.1 31.895
5.88845 1297.63 268.326 -30.5676 0.1 32.0358
5.89852 1300.33 268.018 -30.5554 0.1 32.1767
5.9086 1303.03 267.71 -30.5432 0.1 32.3178
5.91869 1305.73 267.402 -30.5311 0.1 32.4591
5.9288 1308.43 267.093 -30.5189 0.1 32.6005
5.93891 1311.13 266.785 -30.5068 0.1 32.7421
5.94904 1313.83 266.476 -30.4946 0.1 32.8839
5.95918 1316.53 266.167 -30.4825 0.1 33.0258
5.96933 1319.23 265.858 -30.4704 0.1 33.1679
5.97949 1321.93 265.548 -30.4584 0.1 33.3102
5.98966 1324.63 265.238 -30.4463 0.1 33.4526
5.99985 1327.33 264.928 -30.4342 0.1 33.5952
6.00986 1329.98 264.624 -30.4224 0.1 33.7353
6.01988 1332.63 264.319 -30.4106 0.1 33.8756
6.02991 1335.28 264.014 -30.3988 0.1 34.0161
6.03995 1337.93 263.709 -30.387 0.1 34.1567
6.05001 1340.58 263.403 -30.3751 0.1 34.2974
6.06007 1343.23 263.097 -30.3633 0.1 34.4384
6.07015 1345.88 262.791 -30.3515 0.1 34.5795
6.08024 1348.53 262.485 -30.3398 0.1 34.7207
6.09034 1351.18 262.179 -30.328 0.1 34.8621
6.10046 1353.83 261.872 -30.3162 0.1 35.0037
6.11058 1356.48 261.565 -30.3044 0.1 35.1455
6.12072 1359.13 261.258 -30.2926 0.1 35.2874
6.13087 1361.78 260.951 -30.2807 0.1 35.4295
6.14103 1364.43 260.643 -30.2689 0.1 35.5717
6.1512 1367.08 260.335 -30.2571 0.1 35.7142
6.16139 1369.73 260.027 -30.2453 0.1 35.8568
6.17139 1372.33 259.725 -30.2337 0.1 35.9968
6.18141 1374.93 259.422 -30.222 0.1 36.137
6.19144 1377.53 259.119 -30.2104 0.1 36.2774
6.20148 1380.13 258.815 -30.1988 0.1 36.418
6.21153 1382.73 258.512 -30.1871 0.1 36.5587
6.22159 1385.33 258.208 -30.1754 0.1 36.6996
6.23167 1387.93 257.904 -30.1638 0.1 36.8407
6.24176 1390.53 257.6 -30.1521 0.1 36.9819
6.25186 1393.13 257.296 -30.1404 0.1 37.1233
6.26197 1395.73 256.991 -30.1286 0.1 37.2648
6.27209 1398.33 256.686 -30.1169 0.1 37.4065
6.28223 1400.93 256.381 -30.1051 0.1 37.5484
6.29237 1403.53 256.075 -30.0933 0.1 37.6905
6.30253 1406.13 255.77 -30.0815 0.1 37.8327
6.3127 1408.73 255.464 -30.0697 0.1 37.9751
6.32289 1411.33 255.158 -30.0578 0.1 38.1177
6.33308 1413.93 254.851 -30.0459 0.1 38.2604
6.3431 1416.48 254.55 -30.0343 0.1 38.4006
6.35312 1419.03 254.249 -30.0226 0.1 38.5409
6.36316 1421.58 253.948 -30.0108 0.1 38.6814
6.3732 1424.13 253.647 -29.9991 0.1 38.8221
6.38326 1426.68 253.345 -29.9873 0.1 38.9629
6.39333 1429.23 253.043 -29.9755 0.1 39.1039
6.40342 1431.78 252.741 -29.9636 0.1 39.2451
6.41351 1434.33 252.438 -29.9518 0.1 39.3864
6.42362 1436.88 252.136 -29.9399 0.1 39.5279
6.43374 1439.43 251.833 -29.9279 0.1 39.6696
6.44387 1441.98 251.53 -29.9159 0.1 39.8114
6.45402 1444.53 251.226 -29.9039 0.1 39.9534
6.46417 1447.08 250.923 -29.8919 0.1 40.0956
6.47434 1449.63 250.619 -29.8798 0.1 40.238
6.48452 1452.18 250.315 -29.8677 0.1 40.3805
6.49472 1454.73 250.01 -29.8556 0.1 40.5232
6.50472 1457.23 249.712 -29.8436 0.1 40.6633
6.51474 1459.73 249.413 -29.8316 0.1 40.8035
6.52477 1462.23 249.113 -29.8196 0.1 40.944
6.53481 1464.73 248.814 -29.8075 0.1 41.0845
6.54486 1467.23 248.514 -29.7954 0.1 41.2253
6.55493 1469.73 248.215 -29.7833 0.1 41.3662
6.56501 1472.23 247.915 -29.7711 0.1 41.5073
6.5751 1474.73 247.614 -29.7588 0.1 41.6486
6.5852 1477.23 247.314 -29.7466 0.1 41.79
6.59532 1479.73 247.013 -29.7342 0.1 41.9316
6.60544 1482.23 246.712 -29.7219 0.1 42.0734
6.61558 1484.73 246.41 -29.7095 0.1 42.2153
6.62574 1487.23 246.109 -29.697 0.1 42.3575
6.6359 1489.73 245.807 -29.6845 0.1 42.4998
6.64608 1492.23 245.505 -29.6719 0.1 42.6422
6.65627 1494.73 245.203 -29.6593 0.1 42.7849
6.66647 1497.23 244.9 -29.6466 0.1 42.9277
6.67648 1499.68 244.604 -29.6342 0.1 43.0678
6.6865 1502.13 244.307 -29.6217 0.1 43.2082
6.69654 1504.58 244.009 -29.6091 0.1 43.3486
6.70658 1507.03 243.712 -29.5965 0.1 43.4893
6.71664 1509.48 243.414 -29.5838 0.1 43.6301
6.72671 1511.93 243.116 -29.5711 0.1 43.7711
6.7368 1514.38 242.818 -29.5583 0.1 43.9123
6.74689 1516.83 242.52 -29.5455 0.1 44.0536
6.757 1519.28 242.221 -29.5326 0.1 44.1951
6.76712 1521.73 241.923 -29.5197 0.1 44.3368
6.77726 1524.18 241.623 -29.5067 0.1 44.4787
6.7874 1526.63 241.324 -29.4936 0.1 44.6207
6.79756 1529.08 241.025 -29.4805 0.1 44.763
6.80773 1531.53 240.725 -29.4673 0.1 44.9053
6.81792 1533.98 240.425 -29.4541 0.1 45.0479
6.82811 1536.43 240.125 -29.4408 0.1 45.1907
6.83811 1538.83 239.83 -29.4277 0.1 45.3307
6.84813 1541.23 239.536 -29.4146 0.1 45.4709
6.85815 1543.63 239.241 -29.4014 0.1 45.6112
6.86819 1546.03 238.946 -29.3881 0.1 45.7518
6.87824 1548.43 238.65 -29.3748 0.1 45.8925
6.88831 1550.83 238.355 -29.3614 0.1 46.0333
6.89838 1553.23 238.059 -29.348 0.1 46.1744
6.90847 1555.63 237.763 -29.3344 0.1 46.3156
6.91857 1558.03 237.467 -29.3209 0.1 46.457
6.92868 1560.43 237.17 -29.3072 0.1 46.5986
6.93881 1562.83 236.874 -29.2935 0.1 46.7404
6.94895 1565.23 236.577 -29.2797 0.1 46.8823
6.9591 1567.63 236.28 -29.2659 0.1 47.0244
6.96926 1570.03 235.982 -29.252 0.1 47.1667
6.97944 1572.43 235.685 -29.238 0.1 47.3092
6.98963 1574.83 235.387 -29.2239 0.1 47.4518
6.99983 1577.23 235.089 -29.2098 0.1 47.5947
7.00983 1579.58 234.797 -29.1959 0.1 47.7347
7.01985 1581.93 234.504 -29.182 0.1 47.8749
7.02988 1584.28 234.212 -29.1679 0.1 48.0153
7.03992 1586.63 233.919 -29.1538 0.1 48.1558
7.04997 1588.98 233.626 -29.1397 0.1 48.2966
7.06003 1591.33 233.333 -29.1254 0.1 48.4375
7.07011 1593.68 233.039 -29.1111 0.1 48.5786
7.0802 1596.03 232.746 -29.0967 0.1 48.7198
7.09031 1598.38 232.452 -29.0823 0.1 48.8613
7.10042 1600.73 232.158 -29.0677 0.1 49.0029
7.11055 1603.08 231.863 -29.0531 0.1 49.1447
7.12069 1605.43 231.569 -29.0385 0.1 49.2867
7.13085 1607.78 231.274 -29.0237 0.1 49.4288
7.14102 1610.13 230.979 -29.0089 0.1 49.5712
7.1512 1612.48 230.684 -28.994 0.1 49.7137
7.16139 1614.83 230.388 -28.979 0.1 49.8564
7.1716 1617.18 230.092 -28.9639 0.1 49.9993
7.1816 1619.48 229.803 -28.9491 0.1 50.1393
7.19161 1621.78 229.513 -28.9342 0.1 50.2795
7.20164 1624.08 229.223 -28.9193 0.1 50.4199
7.21168 1626.38 228.933 -28.9042 0.1 50.5605
7.22174 1628.68 228.642 -28.8891 0.1 50.7012
7.2318 1630.98 228.351 -28.8739 0.1 50.8422
7.24188 1633.28 228.06 -28.8586 0.1 50.9832
7.25197 1635.58 227.769 -28.8433 0.1 51.1245
7.26208 1637.88 227.478 -28.8279 0.1 51.266
7.27219 1640.18 227.186 -28.8124 0.1 51.4076
7.28232 1642.48 226.894 -28.7968 0.1 51.5495
7.29247 1644.78 226.602 -28.7811 0.1 51.6915
7.30262 1647.08 226.31 -28.7653 0.1 51.8336
7.31279 1649.38 226.018 -28.7495 0.1 51.976
7.32298 1651.68 225.725 -28.7336 0.1 52.1186
7.33317 1653.98 225.432 -28.7176 0.1 52.2613
7.34338 1656.28 225.139 -28.7015 0.1 52.4042
7.35338 1658.53 224.852 -28.6857 0.1 52.5442
7.3634 1660.78 224.565 -28.6698 0.1 52.6844
7.37342 1663.03 224.278 -28.6539 0.1 52.8248
7.38346 1665.28 223.99 -28.6378 0.1 52.9653
7.39351 1667.53 223.702 -28.6217 0.1 53.106
7.40358 1669.78 223.414 -28.6055 0.1 53.2469
7.41365 1672.03 223.126 -28.5892 0.1 53.388
7.42375 1674.28 222.838 -28.5728 0.1 53.5293
7.43385 1676.53 222.549 -28.5563 0.1 53.6707
7.44397 1678.78 222.26 -28.5398 0.1 53.8124
7.4541 1681.03 221.971 -28.5232 0.1 53.9542
7.46424 1683.28 221.682 -28.5065 0.1 54.0962
7.4744 1685.53 221.393 -28.4897 0.1 54.2384
7.48457 1687.78 221.103 -28.4728 0.1 54.3807
7.49475 1690.03 220.813 -28.4558 0.1 54.5233
7.50494 1692.28 220.523 -28.4387 0.1 54.6661
7.51515 1694.53 220.233 -28.4216 0.1 54.809
7.52538 1696.78 219.942 -28.4044 0.1 54.9521
7.53539 1698.98 219.658 -28.3874 0.1 55.0922
7.54541 1701.18 219.374 -28.3704 0.1 55.2325
7.55544 1703.38 219.089 -28.3533 0.1 55.373
7.56549 1705.58 218.804 -28.3361 0.1 55.5137
7.57555 1707.78 218.519 -28.3188 0.1 55.6546
7.58563 1709.98 218.234 -28.3015 0.1 55.7956
7.59572 1712.18 217.949 -28.284 0.1 55.9368
7.60582 1714.38 217.663 -28.2665 0.1 56.0782
7.61593 1716.58 217.377 -28.2489 0.1 56.2198
7.62606 1718.78 217.091 -28.2312 0.1 56.3616
7.6362 1720.98 216.805 -28.2134 0.1 56.5036
7.64635 1723.18 216.519 -28.1955 0.1 56.6457
7.65652 1725.38 216.232 -28.1775 0.1 56.7881
7.6667 1727.58 215.945 -28.1595 0.1 56.9306
7.6769 1729.78 215.658 -28.1413 0.1 57.0733
7.68711 1731.98 215.371 -28.1231 0.1 57.2162
7.69733 1734.18 215.084 -28.1048 0.1 57.3593
7.70733 1736.33 214.803 -28.0868 0.1 57.4994
7.71735 1738.48 214.521 -28.0687 0.1 57.6396
7.72738 1740.63 214.24 -28.0505 0.1 57.78
7.73742 1742.78 213.958 -28.0322 0.1 57.9206
7.74747 1744.93 213.677 -28.0139 0.1 58.0613
7.75754 1747.08 213.395 -27.9955 0.1 58.2023
7.76762 1749.23 213.113 -27.9769 0.1 58.3434
7.77772 1751.38 212.83 -27.9583 0.1 58.4848
7.78783 1753.53 212.548 -27.9396 0.1 58.6263
7.79795 1755.68 212.265 -27.9209 0.1 58.768
7.80809 1757.83 211.982 -27.902 0.1 58.9099
7.81824 1759.98 211.699 -27.883 0.1 59.052
7.8284 1762.13 211.416 -27.864 0.1 59.1943
7.83857 1764.28 211.132 -27.8448 0.1 59.3367
7.84876 1766.43 210.849 -27.8256 0.1 59.4794
7.85897 1768.58 210.565 -27.8062 0.1 59.6222
7.86919 1770.73 210.281 -27.7868 0.1 59.7653
7.87942 1772.88 209.997 -27.7673 0.1 59.9085
7.88943 1774.98 209.719 -27.7482 0.1 60.0486
7.89945 1777.08 209.441 -27.7289 0.1 60.1889
7.90948 1779.18 209.163 -27.7096 0.1 60.3294
7.91953 1781.28 208.884 -27.6902 0.1 60.47
7.92959 1783.38 208.606 -27.6707 0.1 60.6108
7.93966 1785.48 208.327 -27.6511 0.1 60.7519
7.94975 1787.58 208.049 -27.6314 0.1 60.8931
7.95985 1789.68 207.77 -27.6117 0.1 61.0345
7.96996 1791.78 207.49 -27.5918 0.1 61.1761
7.98009 1793.88 207.211 -27.5719 0.1 61.3179
7.99023 1795.98 206.931 -27.5518 0.1 61.4599
8.00039 1798.08 206.652 -27.5317 0.1 61.602
8.01056 1800.18 206.372 -27.5115 0.1 61.7444
8.02074 1802.28 206.092 -27.4912 0.1 61.8869
8.03094 1804.38 205.812 -27.4708 0.1 62.0297
8.04115 1806.48 205.531 -27.4503 0.1 62.1726
8.05137 1808.58 205.251 -27.4297 0.1 62.3158
8.06161 1810.68 204.97 -27.4091 0.1 62.4591
8.07162 1812.73 204.696 -27.3888 0.1 62.5992
8.08164 1814.78 204.421 -27.3684 0.1 62.7395
8.09167 1816.83 204.147 -27.348 0.1 62.88
8.10172 1818.88 203.872 -27.3275 0.1 63.0207
8.11179 1820.93 203.597 -27.3069 0.1 63.1616
8.12186 1822.98 203.322 -27.2862 0.1 63.3026
8.13195 1825.03 203.047 -27.2654 0.1 63.4439
8.14205 1827.08 202.772 -27.2445 0.1 63.5853
8.15217 1829.13 202.496 -27.2235 0.1 63.7269
8.1623 1831.18 202.22 -27.2024 0.1 63.8688
8.17245 1833.23 201.945 -27.1813 0.1 64.0108
8.1826 1835.28 201.669 -27.16 0.1 64.153
8.19278 1837.33 201.392 -27.1387 0.1 64.2954
8.20296 1839.38 201.116 -27.1173 0.1 64.438
8.21316 1841.43 200.84 -27.0958 0.1 64.5808
8.22338 1843.48 200.563 -27.0742 0.1 64.7238
8.23361 1845.53 200.286 -27.0525 0.1 64.867
8.24385 1847.58 200.009 -27.0307 0.1 65.0104
8.25386 1849.58 199.739 -27.0094 0.1 65.1505
8.26388 1851.58 199.468 -26.9879 0.1 65.2907
8.27391 1853.58 199.198 -26.9664 0.1 65.4312
8.28396 1855.58 198.927 -26.9193 0.1 65.4523
8.29402 1857.58 198.656 -26.8678 0.1 65.4523
8.30409 1859.58 198.386 -26.8164 0.1 65.4523
8.31418 1861.58 198.116 -26.7652 0.1 65.4523
8.32428 1863.58 197.846 -26.714 0.1 65.4523
8.3344 1865.58 197.576 -26.663 0.1 65.4523
8.34453 1867.58 197.306 -26.6121 0.1 65.4523
8.35467 1869.58 197.036 -26.5613 0.1 65.4523
8.36483 1871.58 196.767 -26.5106 0.1 65.4523
8.375 1873.58 196.497 -26.46 0.1 65.4523
8.38519 1875.58 196.228 -26.4095 0.1 65.4523
8.39539 1877.58 195.959 -26.3592 0.1 65.4523
8.4056 1879.58 195.69 -26.3089 0.1 65.4523
8.41583 1881.58 195.421 -26.2588 0.1 65.4523
8.42607 1883.58 195.152 -26.2088 0.1 65.4523
8.43632 1885.58 194.884 -26.1589 0.1 65.4523
8.44634 1887.53 194.622 -26.1096 0.1 65.4487
8.45636 1889.48 194.361 -26.0619 0.1 65.4523
8.4664 1891.43 194.099 -26.0128 0.1 65.4487
8.47646 1893.38 193.838 -25.9653 0.1 65.4523
8.48652 1895.33 193.577 -25.9165 0.1 65.4487
8.4966 1897.28 193.316 -25.8692 0.1 65.4524
8.5067 1899.23 193.055 -25.8206 0.1 65.4487
8.51681 1901.18 192.794 -25.7735 0.1 65.4524
8.52693 1903.13 192.534 -25.7251 0.1 65.4487
8.53706 1905.08 192.273 -25.6782 0.1 65.4524
8.54721 1907.03 192.013 -25.63 0.1 65.4487
8.55737 1908.98 191.753 -25.5833 0.1 65.4524
8.56755 1910.93 191.492 -25.5353 0.1 65.4487
8.57774 1912.88 191.232 -25.4889 0.1 65.4524
8.58794 1914.83 190.973 -25.4411 0.1 65.4487
8.59816 1916.78 190.713 -25.3948 0.1 65.4524
8.60839 1918.73 190.453 -25.3472 0.1 65.4487
8.61864 1920.68 190.194 -25.3012 0.1 65.4524
8.6289 1922.63 189.935 -25.2538 0.1 65.4487
8.63891 1924.53 189.682 -25.2084 0.1 65.4487
8.64893 1926.43 189.43 -25.1632 0.1 65.4487
8.65897 1928.33 189.177 -25.118 0.1 65.4487
8.66902 1930.23 188.925 -25.0729 0.1 65.4487
8.67909 1932.13 188.673 -25.0279 0.1 65.4487
8.68916 1934.03 188.421 -24.983 0.1 65.4487
8.69925 1935.93 188.169 -24.9382 0.1 65.4487
8.70936 1937.83 187.917 -24.8935 0.1 65.4487
8.71948 1939.73 187.666 -24.8489 0.1 65.4487
8.72961 1941.63 187.414 -24.8044 0.1 65.4487
8.73975 1943.53 187.163 -24.76 0.1 65.4487
8.74991 1945.43 186.911 -24.7157 0.1 65.4487
8.76008 1947.33 186.66 -24.6715 0.1 65.4487
8.77027 1949.23 186.409 -24.6273 0.1 65.4487
8.78047 1951.13 186.158 -24.5833 0.1 65.4487
8.79068 1953.03 185.907 -24.5394 0.1 65.4487
8.80091 1954.93 185.657 -24.4955 0.1 65.4487
8.81115 1956.83 185.406 -24.4518 0.1 65.4487
8.8214 1958.73 185.155 -24.4081 0.1 65.4487
8.83167 1960.63 184.905 -24.3645 0.1 65.4486
8.84169 1962.48 184.661 -24.3229 0.1 65.4524
8.85171 1964.33 184.418 -24.28 0.1 65.4486
8.86175 1966.18 184.174 -24.2385 0.1 65.4524
8.8718 1968.03 183.931 -24.1957 0.1 65.4486
8.88187 1969.88 183.687 -24.1544 0.1 65.4524
8.89194 1971.73 183.444 -24.1118 0.1 65.4486
8.90204 1973.58 183.201 -24.0707 0.1 65.4525
8.91214 1975.43 182.958 -24.0283 0.1 65.4486
8.92226 1977.28 182.715 -23.9873 0.1 65.4525
8.93239 1979.13 182.472 -23.9451 0.1 65.4486
8.94254 1980.98 182.23 -23.9043 0.1 65.4525
8.9527 1982.83 181.987 -23.8623 0.1 65.4486
8.96287 1984.68 181.744 -23.8216 0.1 65.4525
8.97305 1986.53 181.502 -23.7798 0.1 65.4486
8.98325 1988.38 181.26 -23.7393 0.1 65.4525
8.99347 1990.23 181.017 -23.6976 0.1 65.4486
9.00369 1992.08 180.775 -23.6573 0.1 65.4525
9.01393 1993.93 180.533 -23.6158 0.1 65.4486
9.02419 1995.78 180.291 -23.5757 0.1 65.4525
9.03446 1997.63 180.049 -23.5343 0.1 65.4486
9.04446 1999.43 179.814 -23.4948 0.1 65.4486
9.05448 2001.23 179.579 -23.4553 0.1 65.4486
9.06451 2003.03 179.344 -23.416 0.1 65.4486
9.07455 2004.83 179.109 -23.3767 0.1 65.4486
9.08461 2006.63 178.874 -23.3375 0.1 65.4486
9.09468 2008.43 178.639 -23.2983 0.1 65.4486
9.10476 2010.23 178.405 -23.2593 0.1 65.4486
9.11486 2012.03 178.17 -23.2203 0.1 65.4486
9.12497 2013.83 177.935 -23.1814 0.1 65.4486
9.13509 2015.63 177.701 -23.1426 0.1 65.4486
9.14523 2017.43 177.467 -23.1039 0.1 65.4486
9.15538 2019.23 177.232 -23.0652 0.1 65.4486
9.16554 2021.03 176.998 -23.0267 0.1 65.4486
9.17572 2022.83 176.764 -22.9882 0.1 65.4486
9.18591 2024.63 176.53 -22.9497 0.1 65.4486
9.19611 2026.43 176.296 -22.9114 0.1 65.4486
9.20633 2028.23 176.062 -22.8731 0.1 65.4486
9.21656 2030.03 175.828 -22.8349 0.1 65.4486
9.2268 2031.83 175.594 -22.7968 0.1 65.4485
9.23706 2033.63 175.361 -22.7588 0.1 65.4485
9.24733 2035.43 175.127 -22.7208 0.1 65.4485
9.25762 2037.23 174.894 -22.6829 0.1 65.4485
9.26763 2038.98 174.667 -22.6468 0.1 65.4525
9.27765 2040.73 174.44 -22.6095 0.1 65.4485
9.28769 2042.48 174.213 -22.5735 0.1 65.4526
9.29775 2044.23 173.986 -22.5363 0.1 65.4485
9.30781 2045.98 173.76 -22.5004 0.1 65.4526
9.31789 2047.73 173.533 -22.4634 0.1 65.4485
9.32798 2049.48 173.307 -22.4277 0.1 65.4526
9.33808 2051.23 173.08 -22.3908 0.1 65.4485
9.3482 2052.98 172.854 -22.3552 0.1 65.4526
9.35833 2054.73 172.628 -22.3185 0.1 65.4485
9.36848 2056.48 172.401 -22.2831 0.1 65.4526
9.37863 2058.23 172.175 -22.2464 0.1 65.4485
9.38881 2059.98 171.949 -22.2112 0.1 65.4526
9.39899 2061.73 171.723 -22.1747 0.1 65.4485
9.40919 2063.48 171.497 -22.1395 0.1 65.4526
9.4194 2065.23 171.271 -22.1032 0.1 65.4485
9.42962 2066.98 171.046 -22.0682 0.1 65.4526
9.43986 2068.73 170.82 -22.032 0.1 65.4485
9.45011 2070.48 170.594 -21.9971 0.1 65.4526
9.46038 2072.23 170.369 -21.9611 0.1 65.4485
9.47066 2073.98 170.143 -21.9263 0.1 65.4526
9.48095 2075.73 169.918 -21.8904 0.1 65.4485
9.49096 2077.43 169.699 -21.8562 0.1 65.4485
9.50099 2079.13 169.48 -21.8221 0.1 65.4485
9.51102 2080.83 169.261 -21.788 0.1 65.4485
9.52107 2082.53 169.042 -21.754 0.1 65.4485
9.53114 2084.23 168.823 -21.72 0.1 65.4485
9.54121 2085.93 168.604 -21.6861 0.1 65.4485
9.5513 2087.63 168.386 -21.6523 0.1 65.4485
9.56141 2089.33 168.167 -21.6185 0.1 65.4485
9.57152 2091.03 167.949 -21.5848 0.1 65.4485
9.58165 2092.73 167.73 -21.5512 0.1 65.4485
9.59179 2094.43 167.512 -21.5176 0.1 65.4485
9.60195 2096.13 167.294 -21.4841 0.1 65.4484
9.61212 2097.83 167.075 -21.4506 0.1 65.4484
9.6223 2099.53 166.857 -21.4172 0.1 65.4484
9.63249 2101.23 166.639 -21.3839 0.1 65.4484
9.6427 2102.93 166.421 -21.3506 0.1 65.4484
9.65292 2104.63 166.203 -21.3174 0.1 65.4484
9.66316 2106.33 165.985 -21.2843 0.1 65.4484
9.67341 2108.03 165.767 -21.2512 0.1 65.4484
9.68367 2109.73 165.549 -21.2182 0.1 65.4484
9.69395 2111.43 165.331 -21.1853 0.1 65.4484
9.70424 2113.13 165.113 -21.1524 0.1 65.4484
9.71454 2114.83 164.895 -21.1196 0.1 65.4484
9.72455 2116.48 164.684 -21.0884 0.1 65.4527
9.73458 2118.13 164.473 -21.056 0.1 65.4484
9.74462 2119.78 164.262 -21.0249 0.1 65.4527
9.75467 2121.43 164.05 -20.9927 0.1 65.4484
9.76473 2123.08 163.839 -20.9617 0.1 65.4527
9.77481 2124.73 163.628 -20.9296 0.1 65.4484
9.7849 2126.38 163.417 -20.8988 0.1 65.4527
9.795 2128.03 163.206 -20.8668 0.1 65.4484
9.80512 2129.68 162.995 -20.836 0.1 65.4527
9.81525 2131.33 162.784 -20.8042 0.1 65.4484
9.82539 2132.98 162.573 -20.7735 0.1 65.4527
9.83555 2134.63 162.363 -20.7418 0.1 65.4484
9.84572 2136.28 162.152 -20.7112 0.1 65.4527
9.8559 2137.93 161.941 -20.6796 0.1 65.4484
9.8661 2139.58 161.73 -20.6492 0.1 65.4527
9.87631 2141.23 161.52 -20.6177 0.1 65.4484
9.88653 2142.88 161.309 -20.5874 0.1 65.4527
9.89676 2144.53 161.099 -20.556 0.1 65.4484
9.90701 2146.18 160.888 -20.5258 0.1 65.4527
9.91728 2147.83 160.678 -20.4945 0.1 65.4484
9.92755 2149.48 160.467 -20.4644 0.1 65.4527
9.93784 2151.13 160.257 -20.4332 0.1 65.4484
9.94814 2152.78 160.046 -20.4032 0.1 65.4527
9.95815 2154.38 159.843 -20.3737 0.1 65.4527
9.96816 2155.98 159.639 -20.3442 0.1 65.4527
9.97819 2157.58 159.435 -20.3147 0.1 65.4527
9.98823 2159.18 159.231 -20.2853 0.1 65.4527
9.99829 2160.78 159.027 -20.2559 0.1 65.4527
10.0084 2162.38 158.823 -20.2266 0.1 65.4527
10.0184 2163.98 158.62 -20.1973 0.1 65.4527
10.0285 2165.58 158.416 -20.1681 0.1 65.4528
10.0386 2167.18 158.212 -20.139 0.1 65.4528
10.0488 2168.78 158.009 -20.1099 0.1 65.4528
10.0589 2170.38 157.805 -20.0808 0.1 65.4528
10.069 2171.98 157.601 -20.0518 0.1 65.4528
10.0792 2173.58 157.398 -20.0229 0.1 65.4528
10.0894 2175.18 157.194 -19.994 0.1 65.4528
10.0996 2176.78 156.991 -19.9651 0.1 65.4528
10.1098 2178.38 156.787 -19.9363 0.1 65.4528
10.12 2179.98 156.584 -19.9076 0.1 65.4528
10.1302 2181.58 156.38 -19.8789 0.1 65.4528
10.1404 2183.18 156.177 -19.8503 0.1 65.4528
10.1507 2184.78 155.974 -19.8217 0.1 65.4528
10.1609 2186.38 155.77 -19.7931 0.1 65.4528
10.1712 2187.98 155.567 -19.7646 0.1 65.4528
10.1815 2189.58 155.364 -19.7362 0.1 65.4528
10.1918 2191.18 155.161 -19.7078 0.1 65.4528
10.2021 2192.78 154.957 -19.6795 0.1 65.4528
10.2121 2194.33 154.761 -19.6515 0.1 65.4483
10.2222 2195.88 154.564 -19.6247 0.1 65.4528
10.2322 2197.43 154.367 -19.5968 0.1 65.4483
10.2423 2198.98 154.17 -19.5701 0.1 65.4528
10.2523 2200.53 153.973 -19.5423 0.1 65.4483
10.2624 2202.08 153.777 -19.5157 0.1 65.4528
10.2725 2203.63 153.58 -19.488 0.1 65.4483
10.2826 2205.18 153.383 -19.4615 0.1 65.4528
10.2927 2206.73 153.187 -19.4339 0.1 65.4483
10.3028 2208.28 152.99 -19.4075 0.1 65.4528
10.3129 2209.83 152.794 -19.38 0.1 65.4483
10.3231 2211.38 152.597 -19.3536 0.1 65.4528
10.3333 2212.93 152.4 -19.3262 0.1 65.4482
10.3434 2214.48 152.204 -19.3 0.1 65.4528
10.3536 2216.03 152.007 -19.2727 0.1 65.4482
10.3638 2217.58 151.811 -19.2465 0.1 65.4528
10.3741 2219.13 151.614 -19.2193 0.1 65.4482
10.3843 2220.68 151.418 -19.1932 0.1 65.4529
10.3945 2222.23 151.221 -19.1661 0.1 65.4482
10.4048 2223.78 151.025 -19.1401 0.1 65.4529
10.4151 2225.33 150.828 -19.113 0.1 65.4482
10.4253 2226.88 150.632 -19.0871 0.1 65.4529
10.4356 2228.43 150.436 -19.0602 0.1 65.4482
10.4459 2229.98 150.239 -19.0344 0.1 65.4529
10.4563 2231.53 150.043 -19.0076 0.1 65.4482
10.4663 2233.03 149.853 -18.9821 0.1 65.4482
10.4763 2234.53 149.663 -18.9568 0.1 65.4482
10.4863 2236.03 149.473 -18.9314 0.1 65.4482
10.4964 2237.53 149.283 -18.9061 0.1 65.4482
10.5064 2239.03 149.093 -18.8809 0.1 65.4482
10.5165 2240.53 148.903 -18.8557 0.1 65.4482
10.5266 2242.03 148.713 -18.8305 0.1 65.4482
10.5367 2243.53 148.523 -18.8054 0.1 65.4482
10.5468 2245.03 148.333 -18.7803 0.1 65.4482
10.5569 2246.53 148.143 -18.7553 0.1 65.4482
10.567 2248.03 147.953 -18.7303 0.1 65.4482
10.5772 2249.53 147.763 -18.7053 0.1 65.4482
10.5873 2251.03 147.574 -18.6804 0.1 65.4482
10.5975 2252.53 147.384 -18.6555 0.1 65.4482
10.6077 2254.03 147.194 -18.6307 0.1 65.4482
10.6179 2255.53 147.004 -18.6059 0.1 65.4482
10.6281 2257.03 146.814 -18.5811 0.1 65.4482
10.6383 2258.53 146.624 -18.5564 0.1 65.4482
10.6485 2260.03 146.434 -18.5317 0.1 65.4482
10.6588 2261.53 146.245 -18.5071 0.1 65.4481
10.6691 2263.03 146.055 -18.4825 0.1 65.4481
10.6793 2264.53 145.865 -18.458 0.1 65.4481
10.6896 2266.03 145.675 -18.4335 0.1 65.4481
10.6999 2267.53 145.485 -18.409 0.1 65.4481
10.7102 2269.03 145.296 -18.3846 0.1 65.4481
10.7206 2270.53 145.106 -18.3602 0.1 65.4481
10.7309 2272.03 144.916 -18.3358 0.1 65.4481
10.7409 2273.48 144.733 -18.3128 0.1 65.453
10.751 2274.93 144.549 -18.2889 0.1 65.4481
10.761 2276.38 144.366 -18.2659 0.1 65.453
10.771 2277.83 144.182 -18.242 0.1 65.4481
10.7811 2279.28 143.999 -18.2192 0.1 65.453
10.7912 2280.73 143.815 -18.1954 0.1 65.4481
10.8013 2282.18 143.632 -18.1726 0.1 65.453
10.8114 2283.63 143.448 -18.1489 0.1 65.4481
10.8215 2285.08 143.265 -18.1262 0.1 65.453
10.8316 2286.53 143.081 -18.1025 0.1 65.4481
10.8418 2287.98 142.898 -18.0799 0.1 65.453
10.8519 2289.43 142.715 -18.0563 0.1 65.4481
10.8621 2290.88 142.531 -18.0337 0.1 65.453
10.8723 2292.33 142.348 -18.0102 0.1 65.4481
10.8824 2293.78 142.164 -17.9877 0.1 65.453
10.8927 2295.23 141.981 -17.9643 0.1 65.4481
10.9029 2296.68 141.797 -17.9419 0.1 65.453
10.9131 2298.13 141.614 -17.9185 0.1 65.4481
10.9234 2299.58 141.43 -17.8962 0.1 65.453
10.9336 2301.03 141.247 -17.8729 0.1 65.4481
10.9439 2302.48 141.063 -17.8506 0.1 65.453
10.9542 2303.93 140.88 -17.8274 0.1 65.4481
10.9645 2305.38 140.696 -17.8052 0.1 65.453
10.9748 2306.83 140.513 -17.782 0.1 65.4481
10.9851 2308.28 140.329 -17.7599 0.1 65.453
10.9954 2309.73 140.146 -17.7368 0.1 65.448
11.0058 2311.18 139.962 -17.7148 0.1 65.453
11.0158 2312.58 139.785 -17.693 0.1 65.453
11.0258 2313.98 139.608 -17.6713 0.1 65.453
11.0359 2315.38 139.431 -17.6496 0.1 65.4531
11.0459 2316.78 139.253 -17.628 0.1 65.4531
11.056 2318.18 139.076 -17.6064 0.1 65.4531
11.066 2319.58 138.899 -17.5848 0.1 65.4531
11.0761 2320.98 138.722 -17.5633 0.1 65.4531
11.0862 2322.38 138.544 -17.5418 0.1 65.4531
11.0963 2323.78 138.367 -17.5203 0.1 65.4531
11.1065 2325.18 138.19 -17.4989 0.1 65.4531
11.1166 2326.58 138.013 -17.4775 0.1 65.4531
11.1268 2327.98 137.835 -17.4561 0.1 65.4531
11.1369 2329.38 137.658 -17.4347 0.1 65.4531
11.1471 2330.78 137.481 -17.4134 0.1 65.4531
11.1573 2332.18 137.303 -17.3922 0.1 65.4531
11.1675 2333.58 137.126 -17.3709 0.1 65.4531
11.1777 2334.98 136.949 -17.3497 0.1 65.4531
11.1879 2336.38 136.771 -17.3285 0.1 65.4531
11.1982 2337.78 136.594 -17.3074 0.1 65.4531
11.2084 2339.18 136.417 -17.2863 0.1 65.4531
11.2187 2340.58 136.239 -17.2652 0.1 65.4531
11.229 2341.98 136.062 -17.2441 0.1 65.4531
11.2393 2343.38 135.884 -17.2231 0.1 65.4531
11.2496 2344.78 135.707 -17.2021 0.1 65.4531
11.2599 2346.18 135.529 -17.1812 0.1 65.4531
11.2703 2347.58 135.352 -17.1603 0.1 65.4531
11.2806 2348.98 135.174 -17.1394 0.1 65.4531
11.291 2350.38 134.997 -17.1185 0.1 65.4531
11.301 2351.73 134.826 -17.098 0.1 65.4479
11.311 2353.08 134.654 -17.0784 0.1 65.4531
11.321 2354.43 134.483 -17.0579 0.1 65.4479
11.3311 2355.78 134.312 -17.0384 0.1 65.4531
11.3411 2357.13 134.141 -17.0179 0.1 65.4479
11.3512 2358.48 133.969 -16.9985 0.1 65.4532
11.3613 2359.83 133.798 -16.9781 0.1 65.4479
11.3714 2361.18 133.627 -16.9587 0.1 65.4532
11.3815 2362.53 133.456 -16.9384 0.1 65.4479
11.3916 2363.88 133.284 -16.919 0.1 65.4532
11.4018 2365.23 133.113 -16.8988 0.1 65.4479
11.4119 2366.58 132.941 -16.8795 0.1 65.4532
11.4221 2367.93 132.77 -16.8593 0.1 65.4479
11.4322 2369.28 132.599 -16.84 0.1 65.4532
11.4424 2370.63 132.427 -16.8199 0.1 65.4479
11.4526 2371.98 132.256 -16.8007 0.1 65.4532
11.4628 2373.33 132.084 -16.7806 0.1 65.4479
11.4731 2374.68 131.913 -16.7615 0.1 65.4532
11.4833 2376.03 131.741 -16.7415 0.1 65.4479
11.4936 2377.38 131.569 -16.7224 0.1 65.4532
11.5038 2378.73 131.398 -16.7025 0.1 65.4479
11.5141 2380.08 131.226 -16.6835 0.1 65.4532
11.5244 2381.43 131.055 -16.6636 0.1 65.4479
11.5347 2382.78 130.883 -16.6446 0.1 65.4532
11.545 2384.13 130.711 -16.6248 0.1 65.4479
11.5554 2385.48 130.54 -16.6059 0.1 65.4532
11.5657 2386.83 130.368 -16.5861 0.1 65.4479
11.5761 2388.18 130.196 -16.5673 0.1 65.4532
11.5865 2389.53 130.024 -16.5475 0.1 65.4479
11.5965 2390.83 129.859 -16.529 0.1 65.4478
11.6065 2392.13 129.693 -16.5105 0.1 65.4478
11.6165 2393.43 129.528 -16.492 0.1 65.4478
11.6266 2394.73 129.362 -16.4736 0.1 65.4478
11.6366 2396.03 129.197 -16.4551 0.1 65.4478
11.6467 2397.33 129.031 -16.4367 0.1 65.4478
11.6568 2398.63 128.865 -16.4184 0.1 65.4478
11.6669 2399.93 128.7 -16.4 0.1 65.4478
11.677 2401.23 128.534 -16.3817 0.1 65.4478
11.6871 2402.53 128.368 -16.3634 0.1 65.4478
11.6972 2403.83 128.203 -16.3451 0.1 65.4478
11.7074 2405.13 128.037 -16.3269 0.1 65.4478
11.7175 2406.43 127.871 -16.3087 0.1 65.4478
11.7277 2407.73 127.705 -16.2905 0.1 65.4478
11.7379 2409.03 127.539 -16.2723 0.1 65.4478
11.7481 2410.33 127.374 -16.2542 0.1 65.4478
11.7583 2411.63 127.208 -16.2361 0.1 65.4478
11.7685 2412.93 127.042 -16.218 0.1 65.4478
11.7788 2414.23 126.876 -16.1999 0.1 65.4478
11.789 2415.53 126.71 -16.1819 0.1 65.4478
11.7993 2416.83 126.544 -16.1639 0.1 65.4478
11.8096 2418.13 126.378 -16.1459 0.1 65.4478
11.8199 2419.43 126.212 -16.1279 0.1 65.4478
11.8302 2420.73 126.045 -16.11 0.1 65.4478
11.8405 2422.03 125.879 -16.0921 0.1 65.4478
11.8508 2423.33 125.713 -16.0742 0.1 65.4478
11.8612 2424.63 125.547 -16.0563 0.1 65.4478
11.8715 2425.93 125.38 -16.0385 0.1 65.4478
11.8819 2427.23 125.214 -16.0207 0.1 65.4477
11.8923 2428.53 125.048 -16.0029 0.1 65.4477
11.9023 2429.78 124.888 -15.9863 0.1 65.4533
11.9123 2431.03 124.728 -15.9688 0.1 65.4477
11.9223 2432.28 124.568 -15.9522 0.1 65.4534
11.9324 2433.53 124.408 -15.9347 0.1 65.4477
11.9424 2434.78 124.248 -15.9182 0.1 65.4534
11.9525 2436.03 124.087 -15.9008 0.1 65.4477
11.9626 2437.28 123.927 -15.8843 0.1 65.4534
11.9727 2438.53 123.767 -15.867 0.1 65.4477
11.9828 2439.78 123.607 -15.8505 0.1 65.4534
11.9929 2441.03 123.446 -15.8332 0.1 65.4477
12.003 2442.28 123.286 -15.8168 0.1 65.4534
12.0132 2443.53 123.126 -15.7995 0.1 65.4477
12.0233 2444.78 122.965 -15.7831 0.1 65.4534
12.0335 2446.03 122.805 -15.7659 0.1 65.4477
12.0437 2447.28 122.644 -15.7496 0.1 65.4534
12.0539 2448.53 122.484 -15.7325 0.1 65.4477
12.0641 2449.78 122.323 -15.7162 0.1 65.4534
12.0743 2451.03 122.162 -15.6991 0.1 65.4477
12.0846 2452.28 122.002 -15.6828 0.1 65.4534
12.0948 2453.53 121.841 -15.6658 0.1 65.4477
12.1051 2454.78 121.68 -15.6496 0.1 65.4534
12.1154 2456.03 121.52 -15.6325 0.1 65.4477
12.1257 2457.28 121.359 -15.6164 0.1 65.4534
12.136 2458.53 121.198 -15.5994 0.1 65.4477
12.1463 2459.78 121.037 -15.5833 0.1 65.4534
12.1566 2461.03 120.876 -15.5664 0.1 65.4476
12.167 2462.28 120.715 -15.5503 0.1 65.4534
12.1773 2463.53 120.554 -15.5334 0.1 65.4476
12.1877 2464.78 120.393 -15.5174 0.1 65.4534
12.1981 2466.03 120.232 -15.5006 0.1 65.4476
12.2085 2467.28 120.071 -15.4846 0.1 65.4535
12.2185 2468.48 119.916 -15.4689 0.1 65.4535
12.2285 2469.68 119.761 -15.4532 0.1 65.4535
12.2386 2470.88 119.606 -15.4375 0.1 65.4535
12.2486 2472.08 119.451 -15.4219 0.1 65.4535
12.2586 2473.28 119.296 -15.4062 0.1 65.4535
12.2687 2474.48 119.141 -15.3906 0.1 65.4535
12.2788 2475.68 118.986 -15.375 0.1 65.4535
12.2889 2476.88 118.831 -15.3594 0.1 65.4535
12.299 2478.08 118.676 -15.3439 0.1 65.4535
12.3091 2479.28 118.521 -15.3283 0.1 65.4535
12.3192 2480.48 118.366 -15.3128 0.1 65.4535
12.3294 2481.68 118.21 -15.2973 0.1 65.4535
12.3395 2482.88 118.055 -15.2819 0.1 65.4535
12.3497 2484.08 117.9 -15.2664 0.1 65.4535
12.3599 2485.28 117.744 -15.251 0.1 65.4535
12.3701 2486.48 117.589 -15.2356 0.1 65.4535
12.3803 2487.68 117.433 -15.2202 0.1 65.4535
12.3905 2488.88 117.278 -15.2048 0.1 65.4535
12.4008 2490.08 117.122 -15.1894 0.1 65.4535
12.411 2491.28 116.967 -15.1741 0.1 65.4535
12.4213 2492.48 116.811 -15.1588 0.1 65.4535
12.4316 2493.68 116.655 -15.1435 0.1 65.4535
12.4419 2494.88 116.499 -15.1282 0.1 65.4535
12.4522 2496.08 116.343 -15.113 0.1 65.4536
12.4625 2497.28 116.188 -15.0977 0.1 65.4536
12.4728 2498.48 116.032 -15.0825 0.1 65.4536
12.4832 2499.68 115.876 -15.0673 0.1 65.4536
12.4935 2500.88 115.72 -15.0521 0.1 65.4536
12.5039 2502.08 115.563 -15.037 0.1 65.4536
12.5143 2503.28 115.407 -15.0219 0.1 65.4536
12.5247 2504.48 115.251 -15.0067 0.1 65.4536
12.5351 2505.68 115.095 -14.9916 0.1 65.4536
12.5456 2506.88 114.938 -14.9766 0.1 65.4536
12.5556 2508.03 114.789 -14.9617 0.1 65.4475
12.5656 2509.18 114.639 -14.9477 0.1 65.4536
12.5756 2510.33 114.489 -14.9329 0.1 65.4475
12.5857 2511.48 114.339 -14.919 0.1 65.4536
12.5958 2512.63 114.189 -14.9042 0.1 65.4475
12.6058 2513.78 114.038 -14.8903 0.1 65.4536
12.6159 2514.93 113.888 -14.8755 0.1 65.4475
12.626 2516.08 113.738 -14.8616 0.1 65.4536
12.6362 2517.23 113.588 -14.847 0.1 65.4475
12.6463 2518.38 113.437 -14.8331 0.1 65.4536
12.6564 2519.53 113.287 -14.8184 0.1 65.4475
12.6666 2520.68 113.136 -14.8046 0.1 65.4536
12.6768 2521.83 112.986 -14.79 0.1 65.4474
12.6869 2522.98 112.835 -14.7762 0.1 65.4536
12.6971 2524.13 112.685 -14.7616 0.1 65.4474
12.7074 2525.28 112.534 -14.7478 0.1 65.4537
12.7176 2526.43 112.383 -14.7333 0.1 65.4474
12.7278 2527.58 112.233 -14.7196 0.1 65.4537
12.7381 2528.73 112.082 -14.7051 0.1 65.4474
12.7483 2529.88 111.931 -14.6914 0.1 65.4537
12.7586 2531.03 111.78 -14.6769 0.1 65.4474
12.7689 2532.18 111.629 -14.6632 0.1 65.4537
12.7792 2533.33 111.478 -14.6488 0.1 65.4474
12.7896 2534.48 111.327 -14.6352 0.1 65.4537
12.7999 2535.63 111.175 -14.6208 0.1 65.4474
12.8102 2536.78 111.024 -14.6072 0.1 65.4537
12.8206 2537.93 110.873 -14.5928 0.1 65.4474
12.831 2539.08 110.721 -14.5792 0.1 65.4537
12.8414 2540.23 110.57 -14.5649 0.1 65.4474
12.8518 2541.38 110.418 -14.5514 0.1 65.4537
12.8622 2542.53 110.267 -14.5371 0.1 65.4474
12.8726 2543.68 110.115 -14.5236 0.1 65.4537
12.8831 2544.83 109.963 -14.5094 0.1 65.4474
12.8931 2545.93 109.818 -14.4961 0.1 65.4474
12.9031 2547.03 109.673 -14.4829 0.1 65.4474
12.9132 2548.13 109.528 -14.4697 0.1 65.4473
12.9232 2549.23 109.382 -14.4565 0.1 65.4473
12.9333 2550.33 109.237 -14.4433 0.1 65.4473
12.9434 2551.43 109.091 -14.4301 0.1 65.4473
12.9535 2552.53 108.946 -14.417 0.1 65.4473
12.9636 2553.63 108.8 -14.4038 0.1 65.4473
12.9737 2554.73 108.655 -14.3907 0.1 65.4473
12.9838 2555.83 108.509 -14.3776 0.1 65.4473
12.9939 2556.93 108.363 -14.3645 0.1 65.4473
13.0041 2558.03 108.217 -14.3514 0.1 65.4473
13.0143 2559.13 108.071 -14.3384 0.1 65.4473
13.0245 2560.23 107.925 -14.3253 0.1 65.4473
13.0347 2561.33 107.779 -14.3123 0.1 65.4473
13.0449 2562.43 107.633 -14.2993 0.1 65.4473
13.0551 2563.53 107.487 -14.2863 0.1 65.4473
13.0653 2564.63 107.341 -14.2733 0.1 65.4473
13.0756 2565.73 107.195 -14.2603 0.1 65.4473
13.0859 2566.83 107.048 -14.2474 0.1 65.4473
13.0962 2567.93 106.902 -14.2345 0.1 65.4473
13.1064 2569.03 106.755 -14.2215 0.1 65.4473
13.1168 2570.13 106.609 -14.2086 0.1 65.4473
13.1271 2571.23 106.462 -14.1957 0.1 65.4473
13.1374 2572.33 106.315 -14.1829 0.1 65.4472
13.1478 2573.43 106.169 -14.17 0.1 65.4472
13.1581 2574.53 106.022 -14.1572 0.1 65.4472
13.1685 2575.63 105.875 -14.1443 0.1 65.4472
13.1789 2576.73 105.728 -14.1315 0.1 65.4472
13.1893 2577.83 105.581 -14.1187 0.1 65.4472
13.1998 2578.93 105.434 -14.1059 0.1 65.4472
13.2102 2580.03 105.286 -14.0932 0.1 65.4472
13.2207 2581.13 105.139 -14.0804 0.1 65.4472
13.2311 2582.23 104.992 -14.0677 0.1 65.4472
13.2411 2583.28 104.851 -14.0559 0.1 65.4539
13.2512 2584.33 104.71 -14.0434 0.1 65.4472
13.2612 2585.38 104.569 -14.0316 0.1 65.4539
13.2712 2586.43 104.428 -14.0192 0.1 65.4472
13.2813 2587.48 104.287 -14.0074 0.1 65.4539
13.2914 2588.53 104.146 -13.995 0.1 65.4472
13.3015 2589.58 104.005 -13.9833 0.1 65.4539
13.3116 2590.63 103.864 -13.9709 0.1 65.4472
13.3217 2591.68 103.723 -13.9592 0.1 65.4539
13.3318 2592.73 103.581 -13.9469 0.1 65.4472
13.342 2593.78 103.44 -13.9352 0.1 65.4539
13.3521 2594.83 103.298 -13.9229 0.1 65.4472
13.3623 2595.88 103.157 -13.9112 0.1 65.4539
13.3725 2596.93 103.015 -13.8989 0.1 65.4471
13.3827 2597.98 102.874 -13.8873 0.1 65.4539
13.3929 2599.03 102.732 -13.875 0.1 65.4471
13.4031 2600.08 102.59 -13.8634 0.1 65.454
13.4134 2601.13 102.448 -13.8512 0.1 65.4471
13.4236 2602.18 102.306 -13.8396 0.1 65.454
13.4339 2603.23 102.164 -13.8274 0.1 65.4471
13.4442 2604.28 102.022 -13.8159 0.1 65.454
13.4545 2605.33 101.88 -13.8037 0.1 65.4471
13.4648 2606.38 101.737 -13.7922 0.1 65.454
13.4751 2607.43 101.595 -13.78 0.1 65.4471
13.4855 2608.48 101.452 -13.7685 0.1 65.454
13.4958 2609.53 101.31 -13.7564 0.1 65.4471
13.5062 2610.58 101.167 -13.7449 0.1 65.454
13.5166 2611.63 101.025 -13.7328 0.1 65.4471
13.527 2612.68 100.882 -13.7214 0.1 65.454
13.5374 2613.73 100.739 -13.7093 0.1 65.4471
13.5478 2614.78 100.596 -13.6979 0.1 65.454
13.5583 2615.83 100.453 -13.6858 0.1 65.4471
13.5687 2616.88 100.31 -13.6744 0.1 65.454
13.5792 2617.93 100.167 -13.6624 0.1 65.447
13.5897 2618.98 100.023 -13.651 0.1 65.454
13.5997 2619.98 99.8869 -13.6399 0.1 65.454
13.6097 2620.98 99.7503 -13.6288 0.1 65.4541
13.6198 2621.98 99.6137 -13.6177 0.1 65.4541
13.6298 2622.98 99.4769 -13.6067 0.1 65.4541
13.6399 2623.98 99.3401 -13.5956 0.1 65.4541
13.6499 2624.98 99.2032 -13.5845 0.1 65.4541
13.66 2625.98 99.0662 -13.5735 0.1 65.4541
13.6701 2626.98 98.9292 -13.5624 0.1 65.4541
13.6802 2627.98 98.792 -13.5514 0.1 65.4541
13.6904 2628.98 98.6548 -13.5404 0.1 65.4541
13.7005 2629.98 98.5175 -13.5294 0.1 65.4541
13.7107 2630.98 98.3802 -13.5184 0.1 65.4541
13.7208 2631.98 98.2427 -13.5075 0.1 65.4541
13.731 2632.98 98.1052 -13.4965 0.1 65.4541
13.7412 2633.98 97.9676 -13.4855 0.1 65.4541
13.7514 2634.98 97.8299 -13.4746 0.1 65.4541
13.7617 2635.98 97.6921 -13.4637 0.1 65.4541
13.7719 2636.98 97.5542 -13.4528 0.1 65.4541
13.7822 2637.98 97.4163 -13.4419 0.1 65.4541
13.7924 2638.98 97.2783 -13.431 0.1 65.4541
13.8027 2639.98 97.1402 -13.4201 0.1 65.4541
13.813 2640.98 97.002 -13.4092 0.1 65.4541
13.8234 2641.98 96.8637 -13.3984 0.1 65.4542
13.8337 2642.98 96.7253 -13.3875 0.1 65.4542
13.844 2643.98 96.5869 -13.3767 0.1 65.4542
13.8544 2644.98 96.4483 -13.3659 0.1 65.4542
13.8648 2645.98 96.3097 -13.355 0.1 65.4542
13.8752 2646.98 96.171 -13.3443 0.1 65.4542
13.8856 2647.98 96.0322 -13.3335 0.1 65.4542
13.896 2648.98 95.8933 -13.3227 0.1 65.4542
13.9064 2649.98 95.7543 -13.3119 0.1 65.4542
13.9169 2650.98 95.6153 -13.3012 0.1 65.4542
13.9273 2651.98 95.4761 -13.2904 0.1 65.4542
13.9378 2652.98 95.3369 -13.2797 0.1 65.4542
13.9483 2653.98 95.1975 -13.269 0.1 65.4542
13.9588 2654.98 95.0581 -13.2583 0.1 65.4542
13.9688 2655.93 94.9255 -13.2478 0.1 65.4469
13.9788 2656.88 94.7929 -13.238 0.1 65.4542
13.9889 2657.83 94.6602 -13.2275 0.1 65.4468
13.9989 2658.78 94.5274 -13.2177 0.1 65.4542
14.009 2659.73 94.3945 -13.2073 0.1 65.4468
14.0191 2660.68 94.2616 -13.1975 0.1 65.4543
14.0291 2661.63 94.1285 -13.1871 0.1 65.4468
14.0392 2662.58 93.9954 -13.1773 0.1 65.4543
14.0494 2663.53 93.8621 -13.1669 0.1 65.4468
14.0595 2664.48 93.7288 -13.1571 0.1 65.4543
14.0696 2665.43 93.5954 -13.1468 0.1 65.4468
14.0798 2666.38 93.4619 -13.137 0.1 65.4543
14.09 2667.33 93.3284 -13.1267 0.1 65.4468
14.1001 2668.28 93.1947 -13.117 0.1 65.4543
14.1103 2669.23 93.0609 -13.1067 0.1 65.4468
14.1206 2670.18 92.9271 -13.097 0.1 65.4543
14.1308 2671.13 92.7932 -13.0867 0.1 65.4468
14.141 2672.08 92.6591 -13.077 0.1 65.4543
14.1513 2673.03 92.525 -13.0667 0.1 65.4468
14.1616 2673.98 92.3908 -13.057 0.1 65.4543
14.1719 2674.93 92.2565 -13.0468 0.1 65.4467
14.1822 2675.88 92.1221 -13.0371 0.1 65.4543
14.1925 2676.83 91.9876 -13.0269 0.1 65.4467
14.2028 2677.78 91.853 -13.0173 0.1 65.4544
14.2132 2678.73 91.7183 -13.0071 0.1 65.4467
14.2235 2679.68 91.5836 -12.9975 0.1 65.4544
14.2339 2680.63 91.4487 -12.9873 0.1 65.4467
14.2443 2681.58 91.3137 -12.9777 0.1 65.4544
14.2547 2682.53 91.1786 -12.9675 0.1 65.4467
14.2652 2683.48 91.0435 -12.958 0.1 65.4544
14.2756 2684.43 90.9082 -12.9478 0.1 65.4467
14.2861 2685.38 90.7729 -12.9383 0.1 65.4544
14.2965 2686.33 90.6374 -12.9281 0.1 65.4467
14.307 2687.28 90.5018 -12.9186 0.1 65.4544
14.3175 2688.23 90.3662 -12.9085 0.1 65.4467
14.328 2689.18 90.2304 -12.899 0.1 65.4544
14.3386 2690.13 90.0946 -12.8889 0.1 65.4467
14.3491 2691.08 89.9586 -12.8794 0.1 65.4544
14.3591 2691.98 89.8297 -12.8702 0.1 65.4544
14.3692 2692.88 89.7007 -12.8609 0.1 65.4544
14.3792 2693.78 89.5716 -12.8517 0.1 65.4544
14.3893 2694.68 89.4425 -12.8424 0.1 65.4545
14.3993 2695.58 89.3132 -12.8332 0.1 65.4545
14.4094 2696.48 89.1838 -12.824 0.1 65.4545
14.4195 2697.38 89.0544 -12.8148 0.1 65.4545
14.4296 2698.28 88.9248 -12.8056 0.1 65.4545
14.4398 2699.18 88.7951 -12.7964 0.1 65.4545
14.4499 2700.08 88.6654 -12.7872 0.1 65.4545
14.4601 2700.98 88.5355 -12.7781 0.1 65.4545
14.4702 2701.88 88.4056 -12.7689 0.1 65.4545
14.4804 2702.78 88.2756 -12.7597 0.1 65.4545
14.4906 2703.68 88.1454 -12.7506 0.1 65.4545
14.5009 2704.58 88.0152 -12.7415 0.1 65.4545
14.5111 2705.48 87.8848 -12.7323 0.1 65.4545
14.5213 2706.38 87.7544 -12.7232 0.1 65.4545
14.5316 2707.28 87.6239 -12.7141 0.1 65.4545
14.5419 2708.18 87.4932 -12.705 0.1 65.4545
14.5522 2709.08 87.3625 -12.6959 0.1 65.4545
14.5625 2709.98 87.2316 -12.6868 0.1 65.4546
14.5728 2710.88 87.1007 -12.6778 0.1 65.4546
14.5831 2711.78 86.9696 -12.6687 0.1 65.4546
14.5935 2712.68 86.8385 -12.6596 0.1 65.4546
14.6039 2713.58 86.7072 -12.6506 0.1 65.4546
14.6143 2714.48 86.5759 -12.6416 0.1 65.4546
14.6247 2715.38 86.4444 -12.6325 0.1 65.4546
14.6351 2716.28 86.3128 -12.6235 0.1 65.4546
14.6455 2717.18 86.1811 -12.6145 0.1 65.4546
14.656 2718.08 86.0493 -12.6055 0.1 65.4546
14.6664 2718.98 85.9174 -12.5965 0.1 65.4546
14.6769 2719.88 85.7854 -12.5875 0.1 65.4546
14.6874 2720.78 85.6533 -12.5785 0.1 65.4546
14.6979 2721.68 85.5211 -12.5696 0.1 65.4546
14.7085 2722.58 85.3888 -12.5606 0.1 65.4546
14.719 2723.48 85.2563 -12.5517 0.1 65.4546
14.7296 2724.38 85.1238 -12.5427 0.1 65.4547
14.7402 2725.28 84.9911 -12.5338 0.1 65.4547
14.7502 2726.13 84.8657 -12.5251 0.1 65.4464
14.7602 2726.98 84.7402 -12.5169 0.1 65.4547
14.7702 2727.83 84.6146 -12.5082 0.1 65.4464
14.7803 2728.68 84.4889 -12.5001 0.1 65.4547
14.7904 2729.53 84.363 -12.4914 0.1 65.4464
14.8004 2730.38 84.2371 -12.4833 0.1 65.4547
14.8105 2731.23 84.1111 -12.4747 0.1 65.4464
14.8207 2732.08 83.985 -12.4666 0.1 65.4547
14.8308 2732.93 83.8588 -12.4579 0.1 65.4464
14.8409 2733.78 83.7324 -12.4498 0.1 65.4547
14.8511 2734.63 83.606 -12.4412 0.1 65.4464
14.8613 2735.48 83.4795 -12.4331 0.1 65.4547
14.8715 2736.33 83.3528 -12.4245 0.1 65.4463
14.8817 2737.18 83.226 -12.4165 0.1 65.4547
14.8919 2738.03 83.0992 -12.4079 0.1 65.4463
14.9021 2738.88 82.9722 -12.3998 0.1 65.4548
14.9124 2739.73 82.8451 -12.3913 0.1 65.4463
14.9226 2740.58 82.7179 -12.3832 0.1 65.4548
14.9329 2741.43 82.5906 -12.3747 0.1 65.4463
14.9432 2742.28 82.4632 -12.3667 0.1 65.4548
14.9535 2743.13 82.3357 -12.3581 0.1 65.4463
14.9639 2743.98 82.208 -12.3501 0.1 65.4548
14.9742 2744.83 82.0803 -12.3416 0.1 65.4463
14.9846 2745.68 81.9524 -12.3336 0.1 65.4548
14.995 2746.53 81.8244 -12.3251 0.1 65.4463
15.0054 2747.38 81.6963 -12.3171 0.1 65.4548
15.0158 2748.23 81.5681 -12.3086 0.1 65.4463
15.0262 2749.08 81.4398 -12.3006 0.1 65.4548
15.0367 2749.93 81.3113 -12.2922 0.1 65.4462
15.0471 2750.78 81.1828 -12.2842 0.1 65.4549
15.0576 2751.63 81.0541 -12.2758 0.1 65.4462
15.0681 2752.48 80.9253 -12.2678 0.1 65.4549
15.0786 2753.33 80.7964 -12.2594 0.1 65.4462
15.0891 2754.18 80.6674 -12.2515 0.1 65.4549
15.0997 2755.03 80.5382 -12.243 0.1 65.4462
15.1102 2755.88 80.4089 -12.2351 0.1 65.4549
15.1208 2756.73 80.2795 -12.2267 0.1 65.4462
15.1314 2757.58 80.15 -12.2188 0.1 65.4549
15.142 2758.43 80.0203 -12.2104 0.1 65.4462
15.152 2759.23 79.8982 -12.2028 0.1 65.4462
15.1621 2760.03 79.776 -12.1951 0.1 65.4462
15.1721 2760.83 79.6536 -12.1875 0.1 65.4461
15.1821 2761.63 79.5312 -12.1798 0.1 65.4461
15.1922 2762.43 79.4086 -12.1722 0.1 65.4461
15.2023 2763.23 79.2859 -12.1646 0.1 65.4461
15.2124 2764.03 79.1631 -12.157 0.1 65.4461
15.2225 2764.83 79.0402 -12.1493 0.1 65.4461
15.2326 2765.63 78.9171 -12.1417 0.1 65.4461
15.2428 2766.43 78.794 -12.1341 0.1 65.4461
15.2529 2767.23 78.6707 -12.1265 0.1 65.4461
15.2631 2768.03 78.5474 -12.119 0.1 65.4461
15.2733 2768.83 78.4239 -12.1114 0.1 65.4461
15.2835 2769.63 78.3002 -12.1038 0.1 65.4461
15.2938 2770.43 78.1765 -12.0963 0.1 65.4461
15.304 2771.23 78.0527 -12.0887 0.1 65.4461
15.3143 2772.03 77.9287 -12.0811 0.1 65.4461
15.3245 2772.83 77.8046 -12.0736 0.1 65.446
15.3348 2773.63 77.6804 -12.0661 0.1 65.446
15.3451 2774.43 77.5561 -12.0585 0.1 65.446
15.3554 2775.23 77.4316 -12.051 0.1 65.446
15.3658 2776.03 77.307 -12.0435 0.1 65.446
15.3761 2776.83 77.1824 -12.036 0.1 65.446
15.3865 2777.63 77.0575 -12.0285 0.1 65.446
15.3969 2778.43 76.9326 -12.021 0.1 65.446
15.4073 2779.23 76.8075 -12.0135 0.1 65.446
15.4177 2780.03 76.6823 -12.006 0.1 65.446
15.4282 2780.83 76.557 -11.9985 0.1 65.446
15.4386 2781.63 76.4315 -11.991 0.1 65.446
15.4491 2782.43 76.306 -11.9836 0.1 65.446
15.4596 2783.23 76.1803 -11.9761 0.1 65.4459
15.4701 2784.03 76.0544 -11.9686 0.1 65.4459
15.4807 2784.83 75.9285 -11.9612 0.1 65.4459
15.4912 2785.63 75.8024 -11.9537 0.1 65.4459
15.5018 2786.43 75.6761 -11.9463 0.1 65.4459
15.5123 2787.23 75.5498 -11.9389 0.1 65.4459
15.5229 2788.03 75.4233 -11.9315 0.1 65.4459
15.5336 2788.83 75.2967 -11.924 0.1 65.4459
15.5442 2789.63 75.1699 -11.9166 0.1 65.4459
15.5548 2790.43 75.043 -11.9092 0.1 65.4459
15.5648 2791.18 74.9239 -11.9025 0.1 65.4552
15.5749 2791.93 74.8047 -11.8954 0.1 65.4459
15.5849 2792.68 74.6854 -11.8887 0.1 65.4552
15.5949 2793.43 74.5659 -11.8815 0.1 65.4458
15.605 2794.18 74.4463 -11.8748 0.1 65.4552
15.6151 2794.93 74.3266 -11.8677 0.1 65.4458
15.6252 2795.68 74.2068 -11.861 0.1 65.4553
15.6353 2796.43 74.0869 -11.8539 0.1 65.4458
15.6454 2797.18 73.9668 -11.8472 0.1 65.4553
15.6556 2797.93 73.8466 -11.8401 0.1 65.4458
15.6658 2798.68 73.7263 -11.8335 0.1 65.4553
15.6759 2799.43 73.6059 -11.8264 0.1 65.4458
15.6861 2800.18 73.4853 -11.8197 0.1 65.4553
15.6964 2800.93 73.3646 -11.8126 0.1 65.4458
15.7066 2801.68 73.2438 -11.806 0.1 65.4553
15.7168 2802.43 73.1228 -11.7989 0.1 65.4458
15.7271 2803.18 73.0017 -11.7923 0.1 65.4553
15.7374 2803.93 72.8805 -11.7852 0.1 65.4457
15.7477 2804.68 72.7591 -11.7786 0.1 65.4554
15.758 2805.43 72.6377 -11.7715 0.1 65.4457
15.7683 2806.18 72.516 -11.765 0.1 65.4554
15.7787 2806.93 72.3943 -11.7579 0.1 65.4457
15.7891 2807.68 72.2724 -11.7513 0.1 65.4554
15.7994 2808.43 72.1504 -11.7443 0.1 65.4457
15.8098 2809.18 72.0282 -11.7377 0.1 65.4554
15.8203 2809.93 71.9059 -11.7307 0.1 65.4457
15.8307 2810.68 71.7835 -11.7241 0.1 65.4554
15.8412 2811.43 71.6609 -11.7171 0.1 65.4457
15.8516 2812.18 71.5382 -11.7105 0.1 65.4554
15.8621 2812.93 71.4154 -11.7035 0.1 65.4456
15.8726 2813.68 71.2924 -11.697 0.1 65.4555
15.8832 2814.43 71.1693 -11.69 0.1 65.4456
15.8937 2815.18 71.046 -11.6835 0.1 65.4555
15.9043 2815.93 70.9226 -11.6765 0.1 65.4456
15.9149 2816.68 70.799 -11.67 0.1 65.4555
15.9255 2817.43 70.6753 -11.663 0.1 65.4456
15.9361 2818.18 70.5515 -11.6565 0.1 65.4555
15.9467 2818.93 70.4275 -11.6495 0.1 65.4456
15.9574 2819.68 70.3034 -11.643 0.1 65.4555
15.9681 2820.43 70.1791 -11.6361 0.1 65.4456
15.9788 2821.18 70.0546 -11.6296 0.1 65.4555
15.9888 2821.88 69.9384 -11.6233 0.1 65.4555
15.9988 2822.58 69.822 -11.6171 0.1 65.4556
16.0088 2823.28 69.7054 -11.6108 0.1 65.4556
16.0189 2823.98 69.5888 -11.6045 0.1 65.4556
16.0289 2824.68 69.472 -11.5983 0.1 65.4556
16.039 2825.38 69.355 -11.5921 0.1 65.4556
16.0491 2826.08 69.238 -11.5858 0.1 65.4556
16.0593 2826.78 69.1208 -11.5796 0.1 65.4556
16.0694 2827.48 69.0034 -11.5734 0.1 65.4556
16.0795 2828.18 68.8859 -11.5671 0.1 65.4556
16.0897 2828.88 68.7683 -11.5609 0.1 65.4556
16.0999 2829.58 68.6506 -11.5547 0.1 65.4556
16.1101 2830.28 68.5327 -11.5485 0.1 65.4556
16.1203 2830.98 68.4146 -11.5423 0.1 65.4557
16.1306 2831.68 68.2965 -11.5361 0.1 65.4557
16.1408 2832.38 68.1782 -11.5299 0.1 65.4557
16.1511 2833.08 68.0597 -11.5237 0.1 65.4557
16.1614 2833.78 67.9411 -11.5175 0.1 65.4557
16.1717 2834.48 67.8224 -11.5113 0.1 65.4557
16.1821 2835.18 67.7035 -11.5052 0.1 65.4557
16.1924 2835.88 67.5844 -11.499 0.1 65.4557
16.2028 2836.58 67.4653 -11.4928 0.1 65.4557
16.2132 2837.28 67.3459 -11.4867 0.1 65.4557
16.2236 2837.98 67.2265 -11.4805 0.1 65.4557
16.234 2838.68 67.1069 -11.4744 0.1 65.4558
16.2444 2839.38 66.9871 -11.4682 0.1 65.4558
16.2549 2840.08 66.8672 -11.4621 0.1 65.4558
16.2654 2840.78 66.7471 -11.4559 0.1 65.4558
16.2759 2841.48 66.6269 -11.4498 0.1 65.4558
16.2864 2842.18 66.5065 -11.4437 0.1 65.4558
16.2969 2842.88 66.386 -11.4375 0.1 65.4558
16.3075 2843.58 66.2653 -11.4314 0.1 65.4558
16.318 2844.28 66.1444 -11.4253 0.1 65.4558
16.3286 2844.98 66.0235 -11.4192 0.1 65.4558
16.3392 2845.68 65.9023 -11.4131 0.1 65.4559
16.3499 2846.38 65.781 -11.407 0.1 65.4559
16.3605 2847.08 65.6595 -11.4009 0.1 65.4559
16.3712 2847.78 65.5379 -11.3948 0.1 65.4559
16.3819 2848.48 65.4161 -11.3887 0.1 65.4559
16.3926 2849.18 65.2941 -11.3826 0.1 65.4559
16.4033 2849.88 65.172 -11.3765 0.1 65.4559
16.4141 2850.58 65.0497 -11.3704 0.1 65.4559
16.4241 2851.23 64.9361 -11.3646 0.1 65.4452
16.4341 2851.88 64.8222 -11.3592 0.1 65.4559
16.4441 2852.53 64.7082 -11.3533 0.1 65.4451
16.4542 2853.18 64.5941 -11.3479 0.1 65.456
16.4643 2853.83 64.4798 -11.3421 0.1 65.4451
16.4744 2854.48 64.3654 -11.3367 0.1 65.456
16.4845 2855.13 64.2509 -11.3309 0.1 65.4451
16.4946 2855.78 64.1362 -11.3255 0.1 65.456
16.5047 2856.43 64.0213 -11.3196 0.1 65.4451
16.5149 2857.08 63.9063 -11.3142 0.1 65.456
16.5251 2857.73 63.7911 -11.3084 0.1 65.4451
16.5353 2858.38 63.6758 -11.3031 0.1 65.456
16.5455 2859.03 63.5604 -11.2973 0.1 65.445
16.5557 2859.68 63.4447 -11.2919 0.1 65.4561
16.566 2860.33 63.329 -11.2861 0.1 65.445
16.5763 2860.98 63.213 -11.2807 0.1 65.4561
16.5866 2861.63 63.097 -11.2749 0.1 65.445
16.5969 2862.28 62.9807 -11.2696 0.1 65.4561
16.6072 2862.93 62.8643 -11.2638 0.1 65.445
16.6176 2863.58 62.7478 -11.2584 0.1 65.4561
16.6279 2864.23 62.6311 -11.2527 0.1 65.445
16.6383 2864.88 62.5142 -11.2473 0.1 65.4561
16.6487 2865.53 62.3972 -11.2416 0.1 65.4449
16.6591 2866.18 62.28 -11.2362 0.1 65.4562
16.6696 2866.83 62.1626 -11.2305 0.1 65.4449
16.6801 2867.48 62.0451 -11.2251 0.1 65.4562
16.6905 2868.13 61.9274 -11.2194 0.1 65.4449
16.7011 2868.78 61.8096 -11.2141 0.1 65.4562
16.7116 2869.43 61.6916 -11.2083 0.1 65.4449
16.7221 2870.08 61.5734 -11.203 0.1 65.4562
16.7327 2870.73 61.455 -11.1973 0.1 65.4448
16.7433 2871.38 61.3365 -11.192 0.1 65.4562
16.7539 2872.03 61.2178 -11.1863 0.1 65.4448
16.7645 2872.68 61.0989 -11.1809 0.1 65.4563
16.7752 2873.33 60.9799 -11.1752 0.1 65.4448
16.7858 2873.98 60.8607 -11.1699 0.1 65.4563
16.7965 2874.63 60.7413 -11.1642 0.1 65.4448
16.8072 2875.28 60.6217 -11.1589 0.1 65.4563
16.818 2875.93 60.502 -11.1532 0.1 65.4448
16.8287 2876.58 60.3821 -11.148 0.1 65.4563
16.8395 2877.23 60.262 -11.1423 0.1 65.4447
16.8503 2877.88 60.1417 -11.137 0.1 65.4564
16.8611 2878.53 60.0212 -11.1313 0.1 65.4447
16.8711 2879.13 59.9098 -11.1263 0.1 65.4447
16.8812 2879.73 59.7983 -11.1212 0.1 65.4447
16.8912 2880.33 59.6867 -11.1162 0.1 65.4447
16.9013 2880.93 59.5748 -11.1111 0.1 65.4447
16.9113 2881.53 59.4628 -11.1061 0.1 65.4447
16.9214 2882.13 59.3507 -11.1011 0.1 65.4446
16.9316 2882.73 59.2384 -11.096 0.1 65.4446
16.9417 2883.33 59.1259 -11.091 0.1 65.4446
16.9519 2883.93 59.0133 -11.086 0.1 65.4446
16.962 2884.53 58.9004 -11.081 0.1 65.4446
16.9722 2885.13 58.7875 -11.0759 0.1 65.4446
16.9825 2885.73 58.6743 -11.0709 0.1 65.4446
16.9927 2886.33 58.561 -11.0659 0.1 65.4446
17.0029 2886.93 58.4476 -11.0609 0.1 65.4446
17.0132 2887.53 58.3339 -11.0559 0.1 65.4445
17.0235 2888.13 58.2201 -11.0509 0.1 65.4445
17.0338 2888.73 58.1061 -11.0459 0.1 65.4445
17.0442 2889.33 57.992 -11.0409 0.1 65.4445
17.0545 2889.93 57.8777 -11.0359 0.1 65.4445
17.0649 2890.53 57.7632 -11.0309 0.1 65.4445
17.0753 2891.13 57.6485 -11.0259 0.1 65.4445
17.0857 2891.73 57.5336 -11.0209 0.1 65.4445
17.0962 2892.33 57.4186 -11.016 0.1 65.4444
17.1066 2892.93 57.3034 -11.011 0.1 65.4444
17.1171 2893.53 57.188 -11.006 0.1 65.4444
17.1276 2894.13 57.0724 -11.001 0.1 65.4444
17.1381 2894.73 56.9567 -10.9961 0.1 65.4444
17.1487 2895.33 56.8407 -10.9911 0.1 65.4444
17.1593 2895.93 56.7246 -10.9861 0.1 65.4444
17.1698 2896.53 56.6083 -10.9812 0.1 65.4444
17.1805 2897.13 56.4918 -10.9762 0.1 65.4443
17.1911 2897.73 56.3751 -10.9713 0.1 65.4443
17.2017 2898.33 56.2583 -10.9663 0.1 65.4443
17.2124 2898.93 56.1412 -10.9614 0.1 65.4443
17.2231 2899.53 56.0239 -10.9564 0.1 65.4443
17.2338 2900.13 55.9065 -10.9515 0.1 65.4443
17.2446 2900.73 55.7889 -10.9466 0.1 65.4443
17.2554 2901.33 55.671 -10.9416 0.1 65.4443
17.2661 2901.93 55.553 -10.9367 0.1 65.4442
17.277 2902.53 55.4348 -10.9318 0.1 65.4442
17.2878 2903.13 55.3163 -10.9268 0.1 65.4442
17.2986 2903.73 55.1977 -10.9219 0.1 65.4442
17.3095 2904.33 55.0789 -10.917 0.1 65.4442
17.3204 2904.93 54.9598 -10.9121 0.1 65.4442
17.3305 2905.48 54.8505 -10.9078 0.1 65.4569
17.3405 2906.03 54.7411 -10.9031 0.1 65.4441
17.3506 2906.58 54.6314 -10.8988 0.1 65.4569
17.3606 2907.13 54.5216 -10.8941 0.1 65.4441
17.3707 2907.68 54.4116 -10.8898 0.1 65.457
17.3808 2908.23 54.3014 -10.8851 0.1 65.4441
17.391 2908.78 54.1911 -10.8808 0.1 65.457
17.4011 2909.33 54.0806 -10.8761 0.1 65.4441
17.4113 2909.88 53.9699 -10.8718 0.1 65.457
17.4215 2910.43 53.859 -10.8672 0.1 65.444
17.4318 2910.98 53.7479 -10.8629 0.1 65.4571
17.442 2911.53 53.6366 -10.8582 0.1 65.444
17.4523 2912.08 53.5252 -10.8539 0.1 65.4571
17.4626 2912.63 53.4136 -10.8493 0.1 65.444
17.4729 2913.18 53.3017 -10.845 0.1 65.4571
17.4832 2913.73 53.1897 -10.8404 0.1 65.444
17.4935 2914.28 53.0775 -10.8361 0.1 65.4571
17.5039 2914.83 52.9651 -10.8314 0.1 65.4439
17.5143 2915.38 52.8526 -10.8272 0.1 65.4572
17.5247 2915.93 52.7398 -10.8225 0.1 65.4439
17.5352 2916.48 52.6268 -10.8182 0.1 65.4572
17.5456 2917.03 52.5136 -10.8136 0.1 65.4439
17.5561 2917.58 52.4003 -10.8094 0.1 65.4572
17.5666 2918.13 52.2867 -10.8047 0.1 65.4438
17.5772 2918.68 52.173 -10.8005 0.1 65.4572
17.5877 2919.23 52.059 -10.7959 0.1 65.4438
17.5983 2919.78 51.9448 -10.7916 0.1 65.4573
17.6089 2920.33 51.8304 -10.787 0.1 65.4438
17.6195 2920.88 51.7159 -10.7827 0.1 65.4573
17.6302 2921.43 51.6011 -10.7781 0.1 65.4438
17.6408 2921.98 51.4861 -10.7739 0.1 65.4573
17.6515 2922.53 51.3709 -10.7693 0.1 65.4437
17.6623 2923.08 51.2555 -10.765 0.1 65.4574
17.673 2923.63 51.1398 -10.7605 0.1 65.4437
17.6838 2924.18 51.024 -10.7562 0.1 65.4574
17.6946 2924.73 50.9079 -10.7516 0.1 65.4437
17.7054 2925.28 50.7916 -10.7474 0.1 65.4574
17.7162 2925.83 50.6751 -10.7428 0.1 65.4436
17.7271 2926.38 50.5584 -10.7386 0.1 65.4575
17.738 2926.93 50.4415 -10.734 0.1 65.4436
17.7489 2927.48 50.3243 -10.7298 0.1 65.4575
17.7598 2928.03 50.2069 -10.7252 0.1 65.4436
17.7708 2928.58 50.0893 -10.721 0.1 65.4575
17.7818 2929.13 49.9715 -10.7164 0.1 65.4435
17.7918 2929.63 49.8641 -10.7124 0.1 65.4435
17.8019 2930.13 49.7566 -10.7085 0.1 65.4435
17.8119 2930.63 49.6489 -10.7045 0.1 65.4435
17.822 2931.13 49.541 -10.7005 0.1 65.4435
17.8321 2931.63 49.4329 -10.6965 0.1 65.4435
17.8422 2932.13 49.3246 -10.6925 0.1 65.4434
17.8524 2932.63 49.2161 -10.6885 0.1 65.4434
17.8626 2933.13 49.1074 -10.6846 0.1 65.4434
17.8728 2933.63 48.9985 -10.6806 0.1 65.4434
17.883 2934.13 48.8894 -10.6766 0.1 65.4434
17.8932 2934.63 48.7801 -10.6727 0.1 65.4434
17.9035 2935.13 48.6706 -10.6687 0.1 65.4434
17.9138 2935.63 48.5609 -10.6647 0.1 65.4433
17.9241 2936.13 48.4509 -10.6608 0.1 65.4433
17.9344 2936.63 48.3408 -10.6568 0.1 65.4433
17.9448 2937.13 48.2305 -10.6528 0.1 65.4433
17.9551 2937.63 48.1199 -10.6489 0.1 65.4433
17.9655 2938.13 48.0091 -10.6449 0.1 65.4433
17.976 2938.63 47.8982 -10.641 0.1 65.4432
17.9864 2939.13 47.787 -10.637 0.1 65.4432
17.9969 2939.63 47.6755 -10.6331 0.1 65.4432
18.0074 2940.13 47.5639 -10.6291 0.1 65.4432
18.0179 2940.63 47.4521 -10.6252 0.1 65.4432
18.0285 2941.13 47.34 -10.6212 0.1 65.4431
18.039 2941.63 47.2277 -10.6173 0.1 65.4431
18.0496 2942.13 47.1151 -10.6134 0.1 65.4431
18.0603 2942.63 47.0024 -10.6094 0.1 65.4431
18.0709 2943.13 46.8894 -10.6055 0.1 65.4431
18.0816 2943.63 46.7762 -10.6016 0.1 65.4431
18.0923 2944.13 46.6627 -10.5976 0.1 65.443
18.103 2944.63 46.549 -10.5937 0.1 65.443
18.1138 2945.13 46.4351 -10.5898 0.1 65.443
18.1246 2945.63 46.321 -10.5859 0.1 65.443
18.1354 2946.13 46.2066 -10.5819 0.1 65.443
18.1462 2946.63 46.0919 -10.578 0.1 65.4429
18.1571 2947.13 45.977 -10.5741 0.1 65.4429
18.168 2947.63 45.8619 -10.5702 0.1 65.4429
18.1789 2948.13 45.7465 -10.5663 0.1 65.4429
18.1898 2948.63 45.6309 -10.5624 0.1 65.4429
18.2008 2949.13 45.515 -10.5584 0.1 65.4429
18.2118 2949.63 45.3989 -10.5545 0.1 65.4428
18.2228 2950.13 45.2825 -10.5506 0.1 65.4428
18.2339 2950.63 45.1659 -10.5467 0.1 65.4428
18.245 2951.13 45.049 -10.5428 0.1 65.4428
18.255 2951.58 44.9435 -10.5395 0.1 65.4583
18.265 2952.03 44.8379 -10.5358 0.1 65.4427
18.2751 2952.48 44.732 -10.5324 0.1 65.4584
18.2851 2952.93 44.626 -10.5288 0.1 65.4427
18.2952 2953.38 44.5197 -10.5254 0.1 65.4584
18.3054 2953.83 44.4132 -10.5218 0.1 65.4427
18.3155 2954.28 44.3064 -10.5184 0.1 65.4584
18.3257 2954.73 44.1995 -10.5148 0.1 65.4426
18.3359 2955.18 44.0923 -10.5114 0.1 65.4585
18.3461 2955.63 43.9849 -10.5078 0.1 65.4426
18.3563 2956.08 43.8773 -10.5044 0.1 65.4585
18.3666 2956.53 43.7694 -10.5008 0.1 65.4425
18.3769 2956.98 43.6613 -10.4975 0.1 65.4586
18.3872 2957.43 43.553 -10.4938 0.1 65.4425
18.3976 2957.88 43.4444 -10.4905 0.1 65.4586
18.4079 2958.33 43.3356 -10.4869 0.1 65.4425
18.4183 2958.78 43.2266 -10.4835 0.1 65.4586
18.4288 2959.23 43.1173 -10.4799 0.1 65.4424
18.4392 2959.68 43.0078 -10.4766 0.1 65.4587
18.4497 2960.13 42.8981 -10.4729 0.1 65.4424
18.4602 2960.58 42.7881 -10.4696 0.1 65.4587
18.4707 2961.03 42.6778 -10.466 0.1 65.4423
18.4813 2961.48 42.5673 -10.4626 0.1 65.4588
18.4919 2961.93 42.4566 -10.459 0.1 65.4423
18.5025 2962.38 42.3456 -10.4557 0.1 65.4588
18.5131 2962.83 42.2343 -10.4521 0.1 65.4423
18.5238 2963.28 42.1228 -10.4488 0.1 65.4588
18.5345 2963.73 42.0111 -10.4452 0.1 65.4422
18.5452 2964.18 41.899 -10.4418 0.1 65.4589
18.556 2964.63 41.7867 -10.4382 0.1 65.4422
18.5668 2965.08 41.6742 -10.4349 0.1 65.4589
18.5776 2965.53 41.5614 -10.4313 0.1 65.4421
18.5884 2965.98 41.4483 -10.428 0.1 65.459
18.5993 2966.43 41.3349 -10.4244 0.1 65.4421
18.6102 2966.88 41.2213 -10.4211 0.1 65.459
18.6211 2967.33 41.1073 -10.4175 0.1 65.442
18.6321 2967.78 40.9932 -10.4142 0.1 65.4591
18.6431 2968.23 40.8787 -10.4106 0.1 65.442
18.6541 2968.68 40.7639 -10.4073 0.1 65.4591
18.6652 2969.13 40.6489 -10.4037 0.1 65.4419
18.6763 2969.58 40.5335 -10.4004 0.1 65.4592
18.6874 2970.03 40.4179 -10.3968 0.1 65.4419
18.6985 2970.48 40.302 -10.3935 0.1 65.4592
18.7097 2970.93 40.1858 -10.3899 0.1 65.4418
18.7209 2971.38 40.0693 -10.3866 0.1 65.4593
18.7322 2971.83 39.9524 -10.383 0.1 65.4418
18.7422 2972.23 39.8484 -10.38 0.1 65.4418
18.7523 2972.63 39.744 -10.3769 0.1 65.4417
18.7623 2973.03 39.6395 -10.3739 0.1 65.4417
18.7724 2973.43 39.5346 -10.3708 0.1 65.4417
18.7826 2973.83 39.4296 -10.3678 0.1 65.4417
18.7927 2974.23 39.3242 -10.3647 0.1 65.4416
18.8029 2974.63 39.2187 -10.3617 0.1 65.4416
18.8131 2975.03 39.1128 -10.3586 0.1 65.4416
18.8234 2975.43 39.0068 -10.3556 0.1 65.4416
18.8336 2975.83 38.9004 -10.3526 0.1 65.4415
18.8439 2976.23 38.7938 -10.3495 0.1 65.4415
18.8543 2976.63 38.687 -10.3465 0.1 65.4415
18.8646 2977.03 38.5798 -10.3434 0.1 65.4415
18.875 2977.43 38.4724 -10.3404 0.1 65.4414
18.8854 2977.83 38.3648 -10.3374 0.1 65.4414
18.8959 2978.23 38.2568 -10.3343 0.1 65.4414
18.9063 2978.63 38.1486 -10.3313 0.1 65.4414
18.9168 2979.03 38.0402 -10.3282 0.1 65.4413
18.9274 2979.43 37.9314 -10.3252 0.1 65.4413
18.9379 2979.83 37.8224 -10.3222 0.1 65.4413
18.9485 2980.23 37.713 -10.3192 0.1 65.4413
18.9592 2980.63 37.6034 -10.3161 0.1 65.4412
18.9698 2981.03 37.4935 -10.3131 0.1 65.4412
18.9805 2981.43 37.3833 -10.3101 0.1 65.4412
18.9912 2981.83 37.2728 -10.307 0.1 65.4412
19.002 2982.23 37.1621 -10.304 0.1 65.4411
19.0127 2982.63 37.051 -10.301 0.1 65.4411
19.0236 2983.03 36.9396 -10.298 0.1 65.4411
19.0344 2983.43 36.8279 -10.295 0.1 65.441
19.0453 2983.83 36.7159 -10.2919 0.1 65.441
19.0562 2984.23 36.6036 -10.2889 0.1 65.441
19.0671 2984.63 36.491 -10.2859 0.1 65.441
19.0781 2985.03 36.3781 -10.2829 0.1 65.4409
19.0891 2985.43 36.2648 -10.2799 0.1 65.4409
19.1002 2985.83 36.1513 -10.2769 0.1 65.4409
19.1113 2986.23 36.0374 -10.2738 0.1 65.4408
19.1224 2986.63 35.9232 -10.2708 0.1 65.4408
19.1336 2987.03 35.8086 -10.2678 0.1 65.4408
19.1447 2987.43 35.6937 -10.2648 0.1 65.4407
19.156 2987.83 35.5785 -10.2618 0.1 65.4407
19.1672 2988.23 35.4629 -10.2588 0.1 65.4407
19.1785 2988.63 35.347 -10.2558 0.1 65.4406
19.1899 2989.03 35.2308 -10.2528 0.1 65.4406
19.2012 2989.43 35.1142 -10.2498 0.1 65.4406
19.2127 2989.83 34.9972 -10.2468 0.1 65.4405
19.2227 2990.18 34.8946 -10.2443 0.1 65.4606
19.2327 2990.53 34.7917 -10.2415 0.1 65.4405
19.2428 2990.88 34.6885 -10.239 0.1 65.4606
19.2529 2991.23 34.585 -10.2363 0.1 65.4404
19.263 2991.58 34.4813 -10.2338 0.1 65.4607
19.2732 2991.93 34.3772 -10.231 0.1 65.4404
19.2834 2992.28 34.2729 -10.2285 0.1 65.4608
19.2936 2992.63 34.1683 -10.2258 0.1 65.4403
19.3039 2992.98 34.0633 -10.2233 0.1 65.4608
19.3142 2993.33 33.9581 -10.2205 0.1 65.4402
19.3245 2993.68 33.8526 -10.218 0.1 65.4609
19.3349 2994.03 33.7468 -10.2153 0.1 65.4402
19.3453 2994.38 33.6407 -10.2128 0.1 65.4609
19.3557 2994.73 33.5343 -10.2101 0.1 65.4401
19.3661 2995.08 33.4275 -10.2076 0.1 65.461
19.3766 2995.43 33.3205 -10.2048 0.1 65.44
19.3872 2995.78 33.2131 -10.2023 0.1 65.4611
19.3977 2996.13 33.1054 -10.1996 0.1 65.44
19.4083 2996.48 32.9974 -10.1971 0.1 65.4611
19.4189 2996.83 32.889 -10.1944 0.1 65.4399
19.4296 2997.18 32.7803 -10.1919 0.1 65.4612
19.4403 2997.53 32.6713 -10.1892 0.1 65.4398
19.451 2997.88 32.562 -10.1867 0.1 65.4613
19.4618 2998.23 32.4523 -10.184 0.1 65.4398
19.4726 2998.58 32.3423 -10.1815 0.1 65.4614
19.4834 2998.93 32.2319 -10.1787 0.1 65.4397
19.4943 2999.28 32.1211 -10.1762 0.1 65.4614
19.5052 2999.63 32.0101 -10.1735 0.1 65.4396
19.5162 2999.98 31.8986 -10.171 0.1 65.4615
19.5272 3000.33 31.7868 -10.1683 0.1 65.4395
19.5382 3000.68 31.6746 -10.1658 0.1 65.4616
19.5493 3001.03 31.5621 -10.1631 0.1 65.4395
19.5604 3001.38 31.4492 -10.1606 0.1 65.4617
19.5716 3001.73 31.3359 -10.1579 0.1 65.4394
19.5828 3002.08 31.2222 -10.1554 0.1 65.4617
19.594 3002.43 31.1081 -10.1527 0.1 65.4393
19.6053 3002.78 30.9937 -10.1502 0.1 65.4618
19.6166 3003.13 30.8788 -10.1475 0.1 65.4392
19.6279 3003.48 30.7636 -10.145 0.1 65.4619
19.6393 3003.83 30.6479 -10.1423 0.1 65.4391
19.6508 3004.18 30.5319 -10.1398 0.1 65.462
19.6623 3004.53 30.4154 -10.1371 0.1 65.439
19.6738 3004.88 30.2985 -10.1346 0.1 65.4621
19.6854 3005.23 30.1812 -10.1319 0.1 65.4389
19.697 3005.58 30.0635 -10.1294 0.1 65.4622
19.7087 3005.93 29.9453 -10.1268 0.1 65.4389
19.7187 3006.23 29.8436 -10.1245 0.1 65.4388
19.7288 3006.53 29.7417 -10.1223 0.1 65.4388
19.7389 3006.83 29.6394 -10.1201 0.1 65.4387
19.749 3007.13 29.5368 -10.1179 0.1 65.4387
19.7592 3007.43 29.4338 -10.1157 0.1 65.4387
19.7694 3007.73 29.3305 -10.1134 0.1 65.4386
19.7797 3008.03 29.2269 -10.1112 0.1 65.4386
19.79 3008.33 29.1229 -10.109 0.1 65.4385
19.8003 3008.63 29.0185 -10.1068 0.1 65.4385
19.8106 3008.93 28.9138 -10.1046 0.1 65.4384
19.821 3009.23 28.8088 -10.1023 0.1 65.4384
19.8315 3009.53 28.7034 -10.1001 0.1 65.4384
19.842 3009.83 28.5976 -10.0979 0.1 65.4383
19.8525 3010.13 28.4914 -10.0957 0.1 65.4383
19.863 3010.43 28.3849 -10.0935 0.1 65.4382
19.8736 3010.73 28.278 -10.0913 0.1 65.4382
19.8842 3011.03 28.1707 -10.0891 0.1 65.4381
19.8949 3011.33 28.0631 -10.0868 0.1 65.4381
19.9056 3011.63 27.955 -10.0846 0.1 65.438
19.9164 3011.93 27.8466 -10.0824 0.1 65.438
19.9272 3012.23 27.7377 -10.0802 0.1 65.4379
19.938 3012.53 27.6284 -10.078 0.1 65.4379
19.9489 3012.83 27.5188 -10.0758 0.1 65.4378
19.9598 3013.13 27.4087 -10.0736 0.1 65.4378
19.9708 3013.43 27.2982 -10.0713 0.1 65.4377
19.9818 3013.73 27.1872 -10.0691 0.1 65.4377
19.9929 3014.03 27.0759 -10.0669 0.1 65.4376
20.004 3014.33 26.9641 -10.0647 0.1 65.4376
20.0151 3014.63 26.8518 -10.0625 0.1 65.4375
20.0263 3014.93 26.7392 -10.0603 0.1 65.4375
20.0376 3015.23 26.626 -10.0581 0.1 65.4374
20.0489 3015.53 26.5124 -10.0559 0.1 65.4373
20.0602 3015.83 26.3984 -10.0537 0.1 65.4373
20.0716 3016.13 26.2838 -10.0514 0.1 65.4372
20.0831 3016.43 26.1688 -10.0492 0.1 65.4372
20.0946 3016.73 26.0534 -10.047 0.1 65.4371
20.1061 3017.03 25.9374 -10.0448 0.1 65.4371
20.1177 3017.33 25.8209 -10.0426 0.1 65.437
20.1294 3017.63 25.7039 -10.0404 0.1 65.4369
20.1411 3017.93 25.5864 -10.0382 0.1 65.4369
20.1528 3018.23 25.4684 -10.036 0.1 65.4368
20.1646 3018.53 25.3499 -10.0338 0.1 65.4367
20.1765 3018.83 25.2309 -10.0316 0.1 65.4367
20.1884 3019.13 25.1113 -10.0293 0.1 65.4366
20.2004 3019.43 24.9911 -10.0271 0.1 65.4365
20.2104 3019.68 24.8906 -10.0254 0.1 65.4646
20.2205 3019.93 24.7897 -10.0235 0.1 65.4364
20.2306 3020.18 24.6883 -10.0217 0.1 65.4647
20.2407 3020.43 24.5866 -10.0198 0.1 65.4363
20.2509 3020.68 24.4845 -10.018 0.1 65.4648
20.2612 3020.93 24.382 -10.0161 0.1 65.4362
20.2715 3021.18 24.279 -10.0143 0.1 65.465
20.2818 3021.43 24.1756 -10.0124 0.1 65.4361
20.2921 3021.68 24.0718 -10.0106 0.1 65.4651
20.3026 3021.93 23.9676 -10.0087 0.1 65.4359
20.313 3022.18 23.863 -10.007 0.1 65.4652
20.3235 3022.43 23.7579 -10.005 0.1 65.4358
20.3341 3022.68 23.6523 -10.0033 0.1 65.4653
20.3447 3022.93 23.5463 -10.0014 0.1 65.4357
20.3553 3023.18 23.4398 -9.99959 0.1 65.4655
20.366 3023.43 23.3329 -9.99767 0.1 65.4355
20.3768 3023.68 23.2255 -9.9959 0.1 65.4656
20.3876 3023.93 23.1176 -9.99399 0.1 65.4354
20.3984 3024.18 23.0092 -9.99222 0.1 65.4657
20.4093 3024.43 22.9004 -9.9903 0.1 65.4353
20.4202 3024.68 22.791 -9.98853 0.1 65.4659
20.4312 3024.93 22.6811 -9.98661 0.1 65.4351
20.4423 3025.18 22.5708 -9.98484 0.1 65.466
20.4534 3025.43 22.4598 -9.98292 0.1 65.435
20.4646 3025.68 22.3484 -9.98114 0.1 65.4662
20.4758 3025.93 22.2364 -9.97923 0.1 65.4348
20.4871 3026.18 22.1239 -9.97745 0.1 65.4664
20.4984 3026.43 22.0108 -9.97553 0.1 65.4346
20.5098 3026.68 21.8972 -9.97375 0.1 65.4665
20.5212 3026.93 21.783 -9.97184 0.1 65.4345
20.5328 3027.18 21.6682 -9.97006 0.1 65.4667
20.5443 3027.43 21.5528 -9.96814 0.1 65.4343
20.556 3027.68 21.4368 -9.96635 0.1 65.4669
20.5677 3027.93 21.3202 -9.96444 0.1 65.4341
20.5794 3028.18 21.203 -9.96265 0.1 65.467
20.5913 3028.43 21.0851 -9.96073 0.1 65.434
20.6032 3028.68 20.9666 -9.95894 0.1 65.4672
20.6151 3028.93 20.8475 -9.95702 0.1 65.4338
20.6272 3029.18 20.7277 -9.95523 0.1 65.4674
20.6393 3029.43 20.6072 -9.95331 0.1 65.4336
20.6514 3029.68 20.4861 -9.95152 0.1 65.4676
20.6637 3029.93 20.3642 -9.94959 0.1 65.4334
20.676 3030.18 20.2416 -9.9478 0.1 65.4678
20.6884 3030.43 20.1183 -9.94587 0.1 65.4332
20.7009 3030.68 19.9943 -9.94407 0.1 65.468
20.7109 3030.88 19.8945 -9.94258 0.1 65.4681
20.721 3031.08 19.7943 -9.94109 0.1 65.4682
20.7311 3031.28 19.6935 -9.9396 0.1 65.4683
20.7413 3031.48 19.5922 -9.9381 0.1 65.4684
20.7516 3031.68 19.4905 -9.93661 0.1 65.4685
20.7619 3031.88 19.3882 -9.93511 0.1 65.4686
20.7722 3032.08 19.2854 -9.93361 0.1 65.4687
20.7826 3032.28 19.182 -9.93212 0.1 65.4688
20.7931 3032.48 19.0781 -9.93062 0.1 65.4689
20.8036 3032.68 18.9737 -9.92912 0.1 65.469
20.8142 3032.88 18.8686 -9.92761 0.1 65.4691
20.8248 3033.08 18.7631 -9.92611 0.1 65.4692
20.8355 3033.28 18.6569 -9.9246 0.1 65.4693
20.8463 3033.48 18.5501 -9.9231 0.1 65.4694
20.8571 3033.68 18.4428 -9.92159 0.1 65.4695
20.868 3033.88 18.3348 -9.92008 0.1 65.4696
20.8789 3034.08 18.2262 -9.91857 0.1 65.4697
20.8899 3034.28 18.1169 -9.91706 0.1 65.4698
20.901 3034.48 18.0071 -9.91554 0.1 65.47
20.9122 3034.68 17.8965 -9.91402 0.1 65.4701
20.9234 3034.88 17.7853 -9.91251 0.1 65.4702
20.9347 3035.08 17.6734 -9.91098 0.1 65.4703
20.946 3035.28 17.5608 -9.90946 0.1 65.4705
20.9575 3035.48 17.4475 -9.90794 0.1 65.4706
20.969 3035.68 17.3335 -9.90641 0.1 65.4707
20.9806 3035.88 17.2187 -9.90488 0.1 65.4709
20.9922 3036.08 17.1032 -9.90335 0.1 65.471
21.004 3036.28 16.9869 -9.90181 0.1 65.4711
21.0158 3036.48 16.8698 -9.90027 0.1 65.4713
21.0277 3036.68 16.752 -9.89873 0.1 65.4714
21.0397 3036.88 16.6333 -9.89719 0.1 65.4716
21.0518 3037.08 16.5137 -9.89564 0.1 65.4717
21.0639 3037.28 16.3933 -9.89409 0.1 65.4719
21.0762 3037.48 16.2721 -9.89253 0.1 65.472
21.0885 3037.68 16.1499 -9.89098 0.1 65.4722
21.101 3037.88 16.0269 -9.88942 0.1 65.4724
21.1135 3038.08 15.9029 -9.88785 0.1 65.4725
21.1262 3038.28 15.7779 -9.88628 0.1 65.4727
21.1389 3038.48 15.652 -9.8847 0.1 65.4729
21.1518 3038.68 15.5251 -9.88312 0.1 65.4731
21.1647 3038.88 15.3971 -9.88154 0.1 65.4732
21.1778 3039.08 15.2681 -9.87995 0.1 65.4734
21.1909 3039.28 15.138 -9.87835 0.1 65.4736
21.2042 3039.48 15.0068 -9.87675 0.1 65.4738
21.2143 3039.63 14.9076 -9.8755 0.1 65.4271
21.2244 3039.78 14.8078 -9.87434 0.1 65.4742
21.2345 3039.93 14.7073 -9.87308 0.1 65.4268
21.2448 3040.08 14.6062 -9.87191 0.1 65.4745
21.2551 3040.23 14.5043 -9.87064 0.1 65.4264
21.2655 3040.38 14.4018 -9.86946 0.1 65.4748
21.276 3040.53 14.2985 -9.86819 0.1 65.4261
21.2865 3040.68 14.1945 -9.867 0.1 65.4752
21.2971 3040.83 14.0897 -9.86572 0.1 65.4257
21.3078 3040.98 13.9842 -9.86452 0.1 65.4755
21.3186 3041.13 13.8778 -9.86322 0.1 65.4254
21.3295 3041.28 13.7707 -9.86201 0.1 65.4759
21.3404 3041.43 13.6627 -9.86071 0.1 65.425
21.3514 3041.58 13.5539 -9.85948 0.1 65.4763
21.3626 3041.73 13.4442 -9.85817 0.1 65.4245
21.3738 3041.88 13.3336 -9.85693 0.1 65.4768
21.3851 3042.03 13.2221 -9.8556 0.1 65.4241
21.3965 3042.18 13.1096 -9.85434 0.1 65.4772
21.408 3042.33 12.9962 -9.853 0.1 65.4237
21.4196 3042.48 12.8819 -9.85173 0.1 65.4777
21.4313 3042.63 12.7665 -9.85037 0.1 65.4232
21.4432 3042.78 12.65 -9.84907 0.1 65.4782
21.4551 3042.93 12.5325 -9.84769 0.1 65.4227
21.4671 3043.08 12.4139 -9.84638 0.1 65.4787
21.4793 3043.23 12.2942 -9.84498 0.1 65.4221
21.4916 3043.38 12.1733 -9.84365 0.1 65.4792
21.504 3043.53 12.0512 -9.84222 0.1 65.4215
21.5165 3043.68 11.9279 -9.84086 0.1 65.4798
21.5292 3043.83 11.8033 -9.83941 0.1 65.4209
21.542 3043.98 11.6773 -9.83801 0.1 65.4805
21.5549 3044.13 11.55 -9.83653 0.1 65.4203
21.568 3044.28 11.4213 -9.8351 0.1 65.4811
21.5812 3044.43 11.2912 -9.83359 0.1 65.4196
21.5946 3044.58 11.1596 -9.83212 0.1 65.4818
21.6082 3044.73 11.0264 -9.83056 0.1 65.4189
21.6219 3044.88 10.8915 -9.82905 0.1 65.4826
21.6358 3045.03 10.755 -9.82745 0.1 65.4181
21.6499 3045.18 10.6168 -9.82588 0.1 65.4834
21.6641 3045.33 10.4768 -9.82422 0.1 65.4172
21.6786 3045.48 10.3348 -9.8226 0.1 65.4843
21.6932 3045.63 10.191 -9.82088 0.1 65.4163
21.7081 3045.78 10.045 -9.81918 0.1 65.4853
21.7181 3045.88 9.94657 -9.81801 0.1 65.4856
21.7282 3045.98 9.84712 -9.81682 0.1 65.486
21.7385 3046.08 9.74667 -9.8156 0.1 65.4864
21.7488 3046.18 9.64518 -9.81437 0.1 65.4867
21.7593 3046.28 9.54262 -9.81311 0.1 65.4871
21.7698 3046.38 9.43895 -9.81183 0.1 65.4875
21.7805 3046.48 9.33414 -9.81053 0.1 65.4879
21.7913 3046.58 9.22814 -9.80919 0.1 65.4884
21.8022 3046.68 9.12092 -9.80783 0.1 65.4888
21.8133 3046.78 9.01244 -9.80643 0.1 65.4893
21.8245 3046.88 8.90263 -9.805 0.1 65.4897
21.8358 3046.98 8.79147 -9.80354 0.1 65.4902
21.8473 3047.08 8.67889 -9.80203 0.1 65.4907
21.859 3047.18 8.56484 -9.80048 0.1 65.4913
21.8708 3047.28 8.44926 -9.79889 0.1 65.4918
21.8827 3047.38 8.33208 -9.79725 0.1 65.4924
21.8948 3047.48 8.21324 -9.79555 0.1 65.493
21.9072 3047.58 8.09266 -9.79379 0.1 65.4936
21.9197 3047.68 7.97027 -9.79197 0.1 65.4943
21.9324 3047.78 7.84598 -9.79008 0.1 65.495
21.9453 3047.88 7.71969 -9.78811 0.1 65.4957
21.9584 3047.98 7.59132 -9.78605 0.1 65.4965
21.9717 3048.08 7.46074 -9.7839 0.1 65.4972
21.9853 3048.18 7.32785 -9.78164 0.1 65.4981
21.9991 3048.28 7.19252 -9.77927 0.1 65.499
22.0132 3048.38 7.05459 -9.77677 0.1 65.4999
22.0276 3048.48 6.91393 -9.77412 0.1 65.5009
22.0423 3048.58 6.77036 -9.77131 0.1 65.502
22.0573 3048.68 6.62368 -9.76831 0.1 65.5031
22.0727 3048.78 6.4737 -9.76509 0.1 65.5043
22.0884 3048.88 6.32016 -9.76164 0.1 65.5056
22.1046 3048.98 6.16282 -9.7579 0.1 65.507
22.1211 3049.08 6.00136 -9.75383 0.1 65.5085
22.1381 3049.18 5.83545 -9.74939 0.1 65.5101
22.1556 3049.28 5.66469 -9.74449 0.1 65.5119
22.1737 3049.38 5.48864 -9.73905 0.1 65.5138
22.1924 3049.48 5.30676 -9.73297 0.1 65.5159
22.2118 3049.58 5.11843 -9.72609 0.1 65.5183
22.2319 3049.68 4.92293 -9.71824 0.1 65.5209
22.2422 3049.73 4.82221 -9.71385 0.1 65.3787
22.2528 3049.78 4.71934 -9.70915 0.1 65.5239
22.2637 3049.83 4.61419 -9.70402 0.1 65.3756
22.2748 3049.88 4.50658 -9.69847 0.1 65.5273
22.2861 3049.93 4.39635 -9.69238 0.1 65.3719
22.2978 3049.98 4.28329 -9.68572 0.1 65.5312
22.3098 3050.03 4.16716 -9.67834 0.1 65.3677
22.3222 3050.08 4.04771 -9.67017 0.1 65.5357
22.3349 3050.13 3.92463 -9.661 0.1 65.3628
22.3481 3050.18 3.79756 -9.6507 0.1 65.5411
22.3617 3050.23 3.6661 -9.63897 0.1 65.3568
22.3759 3050.28 3.52975 -9.62554 0.1 65.5478
22.3906 3050.33 3.38793 -9.60995 0.1 65.3494
22.4061 3050.38 3.2399 -9.59164 0.1 65.5561
22.4223 3050.43 3.08479 -9.56979 0.1 65.34
22.4394 3050.48 2.92146 -9.54328 0.1 65.5669
22.4576 3050.53 2.74845 -9.51036 0.1 65.3273
22.4771 3050.58 2.56379 -9.46837 0.1 65.582
22.4982 3050.63 2.36477 -9.41289 0.1 65.309
22.5215 3050.68 2.14738 -9.3361 0.1 65.605
22.5478 3050.73 1.90537 -9.22258 0.1 65.279
22.5785 3050.78 1.62777 -9.03734 0.1 65.6464
22.6172 3050.83 1.29185 -8.67917 0.1 65.2163
22.6774 3050.88 0.829545 -7.67001 0.1 65.7582
22.7377 3050.97 0 -0 0.1 64.9144
