Simulation created and run on: 
Fri Mar 10 13:05:46 2023


Time (s), Height (m), Velocity (m/s), Acceleration (m/s^2), Deployment Angle (degrees)
3.6 759.88 304.08 -9.80665 0.1 0
3.61004 762.93 303.766 -31.2486 0.1 0.138193
3.62008 765.98 303.452 -31.1966 0.1 0.278833
3.63014 769.03 303.139 -31.1449 0.1 0.419618
3.6402 772.08 302.826 -31.0937 0.1 0.56055
3.65028 775.13 302.513 -31.0428 0.1 0.701627
3.66037 778.18 302.2 -30.9923 0.1 0.842849
3.67047 781.23 301.887 -30.9422 0.1 0.984219
3.68058 784.28 301.575 -30.8925 0.1 1.12573
3.69069 787.33 301.262 -30.8431 0.1 1.2674
3.70082 790.38 300.95 -30.7942 0.1 1.40921
3.71096 793.43 300.638 -30.7456 0.1 1.55116
3.72111 796.48 300.326 -30.6974 0.1 1.69327
3.73128 799.53 300.015 -30.6496 0.1 1.83552
3.74128 802.53 299.708 -30.6029 0.1 1.97558
3.75129 805.53 299.402 -30.5566 0.1 2.11579
3.76132 808.53 299.096 -30.5106 0.1 2.25614
3.77136 811.53 298.79 -30.465 0.1 2.39663
3.7814 814.53 298.484 -30.4197 0.1 2.53727
3.79146 817.53 298.178 -30.3748 0.1 2.67805
3.80152 820.53 297.873 -30.3303 0.1 2.81898
3.8116 823.53 297.567 -30.2861 0.1 2.96005
3.82169 826.53 297.262 -30.2422 0.1 3.10126
3.83178 829.53 296.957 -30.1987 0.1 3.24263
3.84189 832.53 296.652 -30.1555 0.1 3.38413
3.85201 835.53 296.347 -30.1127 0.1 3.52578
3.86214 838.53 296.042 -30.0702 0.1 3.66758
3.87228 841.53 295.738 -30.028 0.1 3.80952
3.88243 844.53 295.433 -29.9862 0.1 3.95161
3.89259 847.53 295.129 -29.9447 0.1 4.09385
3.90259 850.48 294.829 -29.9042 0.1 4.23386
3.9126 853.43 294.53 -29.8641 0.1 4.37401
3.92262 856.38 294.231 -29.8243 0.1 4.5143
3.93265 859.33 293.932 -29.7847 0.1 4.65474
3.94269 862.28 293.633 -29.7455 0.1 4.79532
3.95274 865.23 293.335 -29.7066 0.1 4.93604
3.96281 868.18 293.036 -29.6681 0.1 5.07691
3.97288 871.13 292.737 -29.6298 0.1 5.21791
3.98296 874.08 292.439 -29.5918 0.1 5.35907
3.99305 877.03 292.14 -29.5542 0.1 5.50036
4.00316 879.98 291.842 -29.5168 0.1 5.64181
4.01327 882.93 291.543 -29.4798 0.1 5.78339
4.02339 885.88 291.245 -29.443 0.1 5.92512
4.03353 888.83 290.947 -29.4066 0.1 6.067
4.04367 891.78 290.649 -29.3705 0.1 6.20902
4.05383 894.73 290.351 -29.3346 0.1 6.35119
4.06399 897.68 290.053 -29.2991 0.1 6.4935
4.074 900.58 289.76 -29.2644 0.1 6.63355
4.08401 903.48 289.467 -29.23 0.1 6.77373
4.09403 906.38 289.174 -29.1959 0.1 6.91406
4.10407 909.28 288.881 -29.1621 0.1 7.05453
4.11411 912.18 288.589 -29.1286 0.1 7.19514
4.12417 915.08 288.296 -29.0953 0.1 7.3359
4.13423 917.98 288.003 -29.0623 0.1 7.47679
4.1443 920.88 287.711 -29.0296 0.1 7.61783
4.15439 923.78 287.418 -28.9971 0.1 7.75902
4.16448 926.68 287.126 -28.965 0.1 7.90035
4.17459 929.58 286.833 -28.933 0.1 8.04182
4.18471 932.48 286.541 -28.9014 0.1 8.18344
4.19483 935.38 286.248 -28.87 0.1 8.3252
4.20497 938.28 285.956 -28.8389 0.1 8.4671
4.21511 941.18 285.663 -28.8081 0.1 8.60916
4.22527 944.08 285.371 -28.7775 0.1 8.75135
4.23544 946.98 285.078 -28.7471 0.1 8.8937
4.24544 949.83 284.791 -28.7176 0.1 9.03373
4.25545 952.68 284.503 -28.6883 0.1 9.1739
4.26548 955.53 284.216 -28.6592 0.1 9.31421
4.27551 958.38 283.929 -28.6304 0.1 9.45467
4.28555 961.23 283.641 -28.6018 0.1 9.59527
4.29561 964.08 283.354 -28.5735 0.1 9.73601
4.30567 966.93 283.066 -28.5454 0.1 9.87689
4.31574 969.78 282.779 -28.5175 0.1 10.0179
4.32583 972.63 282.492 -28.4899 0.1 10.1591
4.33592 975.48 282.204 -28.4625 0.1 10.3004
4.34602 978.33 281.917 -28.4353 0.1 10.4419
4.35614 981.18 281.629 -28.4084 0.1 10.5835
4.36626 984.03 281.342 -28.3817 0.1 10.7252
4.3764 986.88 281.054 -28.3553 0.1 10.8671
4.38655 989.73 280.767 -28.3291 0.1 11.0091
4.3967 992.58 280.479 -28.3031 0.1 11.1513
4.40687 995.43 280.192 -28.2773 0.1 11.2936
4.41704 998.28 279.904 -28.2517 0.1 11.4361
4.42705 1001.08 279.621 -28.2268 0.1 11.5762
4.43707 1003.88 279.339 -28.2022 0.1 11.7165
4.4471 1006.68 279.056 -28.1777 0.1 11.8569
4.45714 1009.48 278.773 -28.1534 0.1 11.9974
4.46719 1012.28 278.49 -28.1294 0.1 12.1381
4.47725 1015.08 278.207 -28.1056 0.1 12.279
4.48732 1017.88 277.925 -28.0819 0.1 12.4199
4.4974 1020.68 277.642 -28.0585 0.1 12.561
4.50749 1023.48 277.359 -28.0353 0.1 12.7023
4.51759 1026.28 277.076 -28.0123 0.1 12.8437
4.5277 1029.08 276.792 -27.9895 0.1 12.9853
4.53782 1031.88 276.509 -27.9668 0.1 13.127
4.54795 1034.68 276.226 -27.9444 0.1 13.2688
4.55809 1037.48 275.943 -27.9222 0.1 13.4108
4.56825 1040.28 275.659 -27.9002 0.1 13.5529
4.57841 1043.08 275.376 -27.8783 0.1 13.6952
4.58858 1045.88 275.093 -27.8567 0.1 13.8376
4.59858 1048.63 274.814 -27.8356 0.1 13.9776
4.6086 1051.38 274.535 -27.8147 0.1 14.1178
4.61862 1054.13 274.257 -27.794 0.1 14.2581
4.62865 1056.88 273.978 -27.7735 0.1 14.3985
4.63869 1059.63 273.699 -27.7532 0.1 14.5391
4.64875 1062.38 273.42 -27.733 0.1 14.6799
4.65881 1065.13 273.141 -27.713 0.1 14.8208
4.66888 1067.88 272.862 -27.6932 0.1 14.9618
4.67897 1070.63 272.583 -27.6735 0.1 15.1029
4.68906 1073.38 272.304 -27.6541 0.1 15.2443
4.69916 1076.13 272.025 -27.6348 0.1 15.3857
4.70928 1078.88 271.745 -27.6157 0.1 15.5273
4.7194 1081.63 271.466 -27.5967 0.1 15.6691
4.72954 1084.38 271.186 -27.5779 0.1 15.811
4.73968 1087.13 270.906 -27.5593 0.1 15.953
4.74984 1089.88 270.627 -27.5408 0.1 16.0952
4.76001 1092.63 270.347 -27.5225 0.1 16.2375
4.77019 1095.38 270.067 -27.5044 0.1 16.38
4.78019 1098.08 269.792 -27.4867 0.1 16.52
4.7902 1100.78 269.516 -27.4692 0.1 16.6602
4.80022 1103.48 269.241 -27.4519 0.1 16.8005
4.81026 1106.18 268.966 -27.4347 0.1 16.941
4.8203 1108.88 268.69 -27.4176 0.1 17.0816
4.83036 1111.58 268.415 -27.4007 0.1 17.2224
4.84042 1114.28 268.139 -27.384 0.1 17.3633
4.85049 1116.98 267.863 -27.3674 0.1 17.5043
4.86058 1119.68 267.587 -27.3509 0.1 17.6455
4.87068 1122.38 267.311 -27.3346 0.1 17.7868
4.88078 1125.08 267.035 -27.3184 0.1 17.9283
4.8909 1127.78 266.759 -27.3024 0.1 18.0699
4.90102 1130.48 266.483 -27.2865 0.1 18.2117
4.91116 1133.18 266.206 -27.2708 0.1 18.3536
4.92131 1135.88 265.929 -27.2551 0.1 18.4957
4.93147 1138.58 265.653 -27.2397 0.1 18.6379
4.94164 1141.28 265.376 -27.2243 0.1 18.7803
4.95182 1143.98 265.099 -27.2091 0.1 18.9228
4.96182 1146.63 264.827 -27.1943 0.1 19.0628
4.97183 1149.28 264.554 -27.1796 0.1 19.203
4.98185 1151.93 264.282 -27.1651 0.1 19.3433
4.99188 1154.58 264.01 -27.1506 0.1 19.4837
5.00193 1157.23 263.737 -27.1363 0.1 19.6243
5.01198 1159.88 263.464 -27.1221 0.1 19.7651
5.02204 1162.53 263.191 -27.1081 0.1 19.906
5.03212 1165.18 262.918 -27.0941 0.1 20.047
5.0422 1167.83 262.645 -27.0803 0.1 20.1882
5.0523 1170.48 262.372 -27.0666 0.1 20.3295
5.0624 1173.13 262.098 -27.053 0.1 20.471
5.07252 1175.78 261.825 -27.0395 0.1 20.6126
5.08265 1178.43 261.551 -27.0261 0.1 20.7544
5.09278 1181.08 261.277 -27.0129 0.1 20.8963
5.10293 1183.73 261.003 -26.9997 0.1 21.0384
5.11309 1186.38 260.729 -26.9867 0.1 21.1806
5.12326 1189.03 260.455 -26.9737 0.1 21.3229
5.13344 1191.68 260.18 -26.9609 0.1 21.4655
5.14363 1194.33 259.905 -26.9482 0.1 21.6081
5.15364 1196.93 259.636 -26.9358 0.1 21.7482
5.16366 1199.53 259.366 -26.9235 0.1 21.8885
5.17369 1202.13 259.096 -26.9114 0.1 22.0289
5.18373 1204.73 258.826 -26.8993 0.1 22.1695
5.19378 1207.33 258.555 -26.8873 0.1 22.3102
5.20384 1209.93 258.285 -26.8754 0.1 22.451
5.21391 1212.53 258.014 -26.8636 0.1 22.5921
5.22399 1215.13 257.744 -26.8519 0.1 22.7332
5.23409 1217.73 257.473 -26.8403 0.1 22.8745
5.24419 1220.33 257.202 -26.8287 0.1 23.0159
5.2543 1222.93 256.93 -26.8173 0.1 23.1575
5.26443 1225.53 256.659 -26.806 0.1 23.2993
5.27457 1228.13 256.387 -26.7947 0.1 23.4412
5.28471 1230.73 256.115 -26.7835 0.1 23.5832
5.29487 1233.33 255.843 -26.7724 0.1 23.7254
5.30504 1235.93 255.571 -26.7614 0.1 23.8678
5.31522 1238.53 255.299 -26.7505 0.1 24.0103
5.32541 1241.13 255.026 -26.7397 0.1 24.1529
5.33541 1243.68 254.759 -26.7291 0.1 24.293
5.34542 1246.23 254.491 -26.7186 0.1 24.4332
5.35545 1248.78 254.223 -26.7082 0.1 24.5735
5.36549 1251.33 253.955 -26.6979 0.1 24.714
5.37553 1253.88 253.687 -26.6876 0.1 24.8547
5.38559 1256.43 253.419 -26.6774 0.1 24.9955
5.39566 1258.98 253.15 -26.6673 0.1 25.1364
5.40574 1261.53 252.882 -26.6573 0.1 25.2775
5.41583 1264.08 252.613 -26.6473 0.1 25.4188
5.42593 1266.63 252.344 -26.6374 0.1 25.5602
5.43604 1269.18 252.074 -26.6275 0.1 25.7017
5.44616 1271.73 251.805 -26.6177 0.1 25.8434
5.45629 1274.28 251.535 -26.608 0.1 25.9853
5.46643 1276.83 251.265 -26.5984 0.1 26.1273
5.47659 1279.38 250.995 -26.5888 0.1 26.2694
5.48675 1281.93 250.725 -26.5792 0.1 26.4117
5.49693 1284.48 250.455 -26.5698 0.1 26.5542
5.50712 1287.03 250.184 -26.5603 0.1 26.6968
5.51731 1289.58 249.913 -26.551 0.1 26.8396
5.52732 1292.08 249.648 -26.5419 0.1 26.9797
5.53734 1294.58 249.382 -26.5328 0.1 27.12
5.54737 1297.08 249.116 -26.5238 0.1 27.2604
5.55741 1299.58 248.849 -26.5148 0.1 27.401
5.56747 1302.08 248.583 -26.5059 0.1 27.5417
5.57753 1304.58 248.316 -26.497 0.1 27.6826
5.5876 1307.08 248.049 -26.4882 0.1 27.8236
5.59769 1309.58 247.782 -26.4795 0.1 27.9648
5.60778 1312.08 247.515 -26.4707 0.1 28.1061
5.61789 1314.58 247.248 -26.4621 0.1 28.2476
5.628 1317.08 246.98 -26.4534 0.1 28.3892
5.63813 1319.58 246.712 -26.4448 0.1 28.531
5.64827 1322.08 246.444 -26.4363 0.1 28.6729
5.65842 1324.58 246.176 -26.4278 0.1 28.815
5.66858 1327.08 245.907 -26.4193 0.1 28.9573
5.67875 1329.58 245.638 -26.4109 0.1 29.0997
5.68894 1332.08 245.37 -26.4025 0.1 29.2423
5.69913 1334.58 245.1 -26.3941 0.1 29.385
5.70913 1337.03 244.836 -26.386 0.1 29.525
5.71914 1339.48 244.572 -26.3779 0.1 29.6652
5.72917 1341.93 244.308 -26.3698 0.1 29.8055
5.7392 1344.38 244.043 -26.3617 0.1 29.946
5.74925 1346.83 243.779 -26.3537 0.1 30.0866
5.7593 1349.28 243.514 -26.3457 0.1 30.2273
5.76937 1351.73 243.249 -26.3377 0.1 30.3683
5.77945 1354.18 242.983 -26.3298 0.1 30.5094
5.78953 1356.63 242.718 -26.3219 0.1 30.6506
5.79963 1359.08 242.452 -26.314 0.1 30.792
5.80975 1361.53 242.186 -26.3061 0.1 30.9335
5.81987 1363.98 241.92 -26.2983 0.1 31.0752
5.83 1366.43 241.653 -26.2905 0.1 31.2171
5.84014 1368.88 241.386 -26.2827 0.1 31.3591
5.8503 1371.33 241.12 -26.2749 0.1 31.5013
5.86047 1373.78 240.852 -26.2672 0.1 31.6436
5.87064 1376.23 240.585 -26.2595 0.1 31.7861
5.88083 1378.68 240.318 -26.2517 0.1 31.9288
5.89103 1381.13 240.05 -26.2441 0.1 32.0716
5.90104 1383.53 239.787 -26.2365 0.1 32.2116
5.91105 1385.93 239.525 -26.229 0.1 32.3518
5.92108 1388.33 239.262 -26.2215 0.1 32.4922
5.93111 1390.73 238.999 -26.214 0.1 32.6327
5.94116 1393.13 238.735 -26.2066 0.1 32.7733
5.95122 1395.53 238.472 -26.1991 0.1 32.9141
5.96129 1397.93 238.208 -26.1917 0.1 33.0551
5.97137 1400.33 237.944 -26.1842 0.1 33.1963
5.98146 1402.73 237.68 -26.1768 0.1 33.3375
5.99157 1405.13 237.415 -26.1694 0.1 33.479
6.00168 1407.53 237.151 -26.162 0.1 33.6206
6.01181 1409.93 236.886 -26.1546 0.1 33.7623
6.02194 1412.33 236.621 -26.1472 0.1 33.9043
6.03209 1414.73 236.355 -26.1398 0.1 34.0463
6.04225 1417.13 236.09 -26.1324 0.1 34.1886
6.05242 1419.53 235.824 -26.125 0.1 34.331
6.06261 1421.93 235.558 -26.1176 0.1 34.4735
6.0728 1424.33 235.292 -26.1102 0.1 34.6163
6.08301 1426.73 235.025 -26.1028 0.1 34.7591
6.09301 1429.08 234.764 -26.0956 0.1 34.8992
6.10303 1431.43 234.503 -26.0883 0.1 35.0394
6.11306 1433.78 234.241 -26.0811 0.1 35.1798
6.12309 1436.13 233.98 -26.0738 0.1 35.3203
6.13314 1438.48 233.718 -26.0666 0.1 35.461
6.1432 1440.83 233.455 -26.0593 0.1 35.6018
6.15328 1443.18 233.193 -26.052 0.1 35.7428
6.16336 1445.53 232.93 -26.0448 0.1 35.884
6.17345 1447.88 232.667 -26.0375 0.1 36.0253
6.18356 1450.23 232.404 -26.0302 0.1 36.1668
6.19368 1452.58 232.141 -26.0229 0.1 36.3085
6.20381 1454.93 231.878 -26.0156 0.1 36.4503
6.21395 1457.28 231.614 -26.0083 0.1 36.5922
6.2241 1459.63 231.35 -26.001 0.1 36.7344
6.23426 1461.98 231.086 -25.9936 0.1 36.8766
6.24444 1464.33 230.821 -25.9863 0.1 37.0191
6.25462 1466.68 230.556 -25.9789 0.1 37.1617
6.26482 1469.03 230.291 -25.9715 0.1 37.3045
6.27503 1471.38 230.026 -25.9641 0.1 37.4474
6.28504 1473.68 229.767 -25.9568 0.1 37.5875
6.29505 1475.98 229.507 -25.9496 0.1 37.7277
6.30508 1478.28 229.246 -25.9423 0.1 37.8681
6.31512 1480.58 228.986 -25.9349 0.1 38.0086
6.32517 1482.88 228.725 -25.9276 0.1 38.1493
6.33523 1485.18 228.465 -25.9203 0.1 38.2902
6.3453 1487.48 228.204 -25.9129 0.1 38.4312
6.35539 1489.78 227.942 -25.9055 0.1 38.5724
6.36549 1492.08 227.681 -25.8981 0.1 38.7137
6.37559 1494.38 227.419 -25.8906 0.1 38.8552
6.38571 1496.68 227.157 -25.8832 0.1 38.9969
6.39584 1498.98 226.895 -25.8757 0.1 39.1387
6.40599 1501.28 226.632 -25.8682 0.1 39.2807
6.41614 1503.58 226.37 -25.8606 0.1 39.4229
6.42631 1505.88 226.107 -25.8531 0.1 39.5652
6.43649 1508.18 225.844 -25.8455 0.1 39.7077
6.44668 1510.48 225.581 -25.8378 0.1 39.8504
6.45688 1512.78 225.317 -25.8302 0.1 39.9932
6.46709 1515.08 225.053 -25.8225 0.1 40.1362
6.4771 1517.33 224.795 -25.815 0.1 40.2762
6.48711 1519.58 224.536 -25.8074 0.1 40.4164
6.49714 1521.83 224.278 -25.7998 0.1 40.5568
6.50718 1524.08 224.019 -25.7922 0.1 40.6973
6.51723 1526.33 223.76 -25.7845 0.1 40.838
6.52729 1528.58 223.5 -25.7768 0.1 40.9789
6.53736 1530.83 223.241 -25.7691 0.1 41.1199
6.54744 1533.08 222.981 -25.7613 0.1 41.2611
6.55754 1535.33 222.721 -25.7535 0.1 41.4024
6.56765 1537.58 222.46 -25.7456 0.1 41.5439
6.57777 1539.83 222.2 -25.7378 0.1 41.6856
6.5879 1542.08 221.939 -25.7299 0.1 41.8275
6.59805 1544.33 221.678 -25.7219 0.1 41.9695
6.6082 1546.58 221.417 -25.7139 0.1 42.1117
6.61837 1548.83 221.156 -25.7059 0.1 42.254
6.62855 1551.08 220.894 -25.6978 0.1 42.3965
6.63874 1553.33 220.632 -25.6897 0.1 42.5392
6.64895 1555.58 220.37 -25.6816 0.1 42.6821
6.65916 1557.83 220.108 -25.6734 0.1 42.8251
6.66916 1560.03 219.851 -25.6654 0.1 42.9651
6.67918 1562.23 219.594 -25.6573 0.1 43.1053
6.6892 1564.43 219.337 -25.6491 0.1 43.2456
6.69924 1566.63 219.079 -25.641 0.1 43.3861
6.70928 1568.83 218.822 -25.6328 0.1 43.5268
6.71934 1571.03 218.564 -25.6245 0.1 43.6676
6.72942 1573.23 218.306 -25.6162 0.1 43.8086
6.7395 1575.43 218.048 -25.6079 0.1 43.9498
6.7496 1577.63 217.789 -25.5995 0.1 44.0911
6.7597 1579.83 217.531 -25.591 0.1 44.2326
6.76982 1582.03 217.272 -25.5826 0.1 44.3743
6.77996 1584.23 217.012 -25.574 0.1 44.5161
6.7901 1586.43 216.753 -25.5654 0.1 44.6582
6.80025 1588.63 216.493 -25.5568 0.1 44.8003
6.81042 1590.83 216.234 -25.5481 0.1 44.9427
6.8206 1593.03 215.974 -25.5193 0.1 45.001
6.8308 1595.23 215.714 -25.4767 0.1 45.001
6.841 1597.43 215.454 -25.4342 0.1 45.001
6.85122 1599.63 215.194 -25.3917 0.1 45.001
6.86145 1601.83 214.935 -25.3493 0.1 45.001
6.87146 1603.98 214.681 -25.3072 0.1 44.9977
6.88148 1606.13 214.428 -25.2667 0.1 45.001
6.89151 1608.28 214.175 -25.2248 0.1 44.9977
6.90156 1610.43 213.922 -25.1845 0.1 45.001
6.91161 1612.58 213.668 -25.1427 0.1 44.9977
6.92168 1614.73 213.416 -25.1025 0.1 45.001
6.93176 1616.88 213.163 -25.0609 0.1 44.9977
6.94185 1619.03 212.91 -25.0209 0.1 45.001
6.95196 1621.18 212.657 -24.9795 0.1 44.9977
6.96207 1623.33 212.405 -24.9396 0.1 45.001
6.9722 1625.48 212.153 -24.8984 0.1 44.9977
6.98234 1627.63 211.9 -24.8587 0.1 45.001
6.99249 1629.78 211.648 -24.8175 0.1 44.9977
7.00266 1631.93 211.396 -24.778 0.1 45.001
7.01284 1634.08 211.144 -24.7371 0.1 44.9977
7.02302 1636.23 210.892 -24.6977 0.1 45.001
7.03323 1638.38 210.641 -24.6569 0.1 44.9977
7.04344 1640.53 210.389 -24.6177 0.1 45.001
7.05366 1642.68 210.137 -24.5771 0.1 44.9977
7.0639 1644.83 209.886 -24.538 0.1 45.001
7.07391 1646.93 209.641 -24.4992 0.1 45.001
7.08394 1649.03 209.395 -24.4605 0.1 45.001
7.09397 1651.13 209.15 -24.4218 0.1 45.001
7.10402 1653.23 208.905 -24.3832 0.1 45.001
7.11408 1655.33 208.66 -24.3447 0.1 45.001
7.12415 1657.43 208.415 -24.3063 0.1 45.001
7.13423 1659.53 208.17 -24.2679 0.1 45.001
7.14432 1661.63 207.925 -24.2296 0.1 45.001
7.15443 1663.73 207.68 -24.1914 0.1 45.001
7.16455 1665.83 207.436 -24.1533 0.1 45.001
7.17468 1667.93 207.191 -24.1152 0.1 45.001
7.18482 1670.03 206.947 -24.0772 0.1 45.001
7.19497 1672.13 206.703 -24.0393 0.1 45.001
7.20514 1674.23 206.459 -24.0015 0.1 45.001
7.21532 1676.33 206.215 -23.9637 0.1 45.001
7.22551 1678.43 205.971 -23.926 0.1 45.001
7.23571 1680.53 205.727 -23.8884 0.1 45.0011
7.24592 1682.63 205.483 -23.8508 0.1 45.0011
7.25615 1684.73 205.239 -23.8133 0.1 45.0011
7.26639 1686.83 204.996 -23.7759 0.1 45.0011
7.27639 1688.88 204.758 -23.7388 0.1 44.9976
7.28641 1690.93 204.52 -23.7031 0.1 45.0011
7.29644 1692.98 204.283 -23.6661 0.1 44.9976
7.30648 1695.03 204.045 -23.6305 0.1 45.0011
7.31653 1697.08 203.808 -23.5937 0.1 44.9976
7.3266 1699.13 203.571 -23.5583 0.1 45.0011
7.33667 1701.18 203.333 -23.5215 0.1 44.9976
7.34676 1703.23 203.096 -23.4863 0.1 45.0011
7.35686 1705.28 202.859 -23.4496 0.1 44.9976
7.36697 1707.33 202.622 -23.4145 0.1 45.0011
7.3771 1709.38 202.386 -23.378 0.1 44.9976
7.38723 1711.43 202.149 -23.343 0.1 45.0011
7.39738 1713.48 201.912 -23.3067 0.1 44.9976
7.40754 1715.53 201.675 -23.2718 0.1 45.0011
7.41771 1717.58 201.439 -23.2356 0.1 44.9976
7.42789 1719.63 201.203 -23.2009 0.1 45.0011
7.43809 1721.68 200.966 -23.1648 0.1 44.9976
7.44829 1723.73 200.73 -23.1302 0.1 45.0011
7.45851 1725.78 200.494 -23.0943 0.1 44.9976
7.46874 1727.83 200.258 -23.0598 0.1 45.0011
7.47899 1729.88 200.022 -23.024 0.1 44.9976
7.48899 1731.88 199.791 -22.9898 0.1 44.9976
7.49901 1733.88 199.561 -22.9557 0.1 44.9976
7.50903 1735.88 199.331 -22.9217 0.1 44.9976
7.51907 1737.88 199.101 -22.8877 0.1 44.9976
7.52913 1739.88 198.872 -22.8537 0.1 44.9976
7.53919 1741.88 198.642 -22.8199 0.1 44.9976
7.54926 1743.88 198.412 -22.786 0.1 44.9976
7.55935 1745.88 198.182 -22.7523 0.1 44.9976
7.56945 1747.88 197.953 -22.7186 0.1 44.9976
7.57956 1749.88 197.723 -22.685 0.1 44.9976
7.58968 1751.88 197.494 -22.6514 0.1 44.9976
7.59981 1753.88 197.264 -22.6179 0.1 44.9976
7.60995 1755.88 197.035 -22.5845 0.1 44.9976
7.62011 1757.88 196.806 -22.5511 0.1 44.9976
7.63028 1759.88 196.577 -22.5178 0.1 44.9976
7.64046 1761.88 196.348 -22.4845 0.1 44.9976
7.65065 1763.88 196.119 -22.4513 0.1 44.9976
7.66086 1765.88 195.89 -22.4182 0.1 44.9976
7.67107 1767.88 195.661 -22.3851 0.1 44.9976
7.6813 1769.88 195.432 -22.3521 0.1 44.9976
7.69154 1771.88 195.204 -22.3191 0.1 44.9976
7.70179 1773.88 194.975 -22.2862 0.1 44.9976
7.7118 1775.83 194.752 -22.2549 0.1 45.0011
7.72182 1777.78 194.529 -22.2223 0.1 44.9976
7.73185 1779.73 194.307 -22.191 0.1 45.0012
7.74189 1781.68 194.084 -22.1585 0.1 44.9975
7.75194 1783.63 193.861 -22.1274 0.1 45.0012
7.76201 1785.58 193.639 -22.095 0.1 44.9975
7.77208 1787.53 193.416 -22.064 0.1 45.0012
7.78217 1789.48 193.194 -22.0317 0.1 44.9975
7.79227 1791.43 192.971 -22.0008 0.1 45.0012
7.80238 1793.38 192.749 -21.9686 0.1 44.9975
7.8125 1795.33 192.527 -21.9379 0.1 45.0012
7.82264 1797.28 192.305 -21.9058 0.1 44.9975
7.83278 1799.23 192.083 -21.8751 0.1 45.0012
7.84294 1801.18 191.861 -21.8432 0.1 44.9975
7.85311 1803.13 191.639 -21.8126 0.1 45.0012
7.86329 1805.08 191.417 -21.7808 0.1 44.9975
7.87349 1807.03 191.195 -21.7503 0.1 45.0012
7.88369 1808.98 190.973 -21.7186 0.1 44.9975
7.89391 1810.93 190.751 -21.6883 0.1 45.0012
7.90414 1812.88 190.53 -21.6566 0.1 44.9975
7.91438 1814.83 190.308 -21.6264 0.1 45.0012
7.92463 1816.78 190.087 -21.5949 0.1 44.9975
7.93463 1818.68 189.871 -21.5649 0.1 44.9975
7.94464 1820.58 189.655 -21.535 0.1 44.9975
7.95467 1822.48 189.439 -21.5051 0.1 44.9975
7.9647 1824.38 189.224 -21.4752 0.1 44.9975
7.97475 1826.28 189.008 -21.4454 0.1 44.9975
7.98481 1828.18 188.792 -21.4157 0.1 44.9975
7.99488 1830.08 188.577 -21.386 0.1 44.9975
8.00496 1831.98 188.361 -21.3564 0.1 44.9975
8.01505 1833.88 188.146 -21.3268 0.1 44.9975
8.02516 1835.78 187.931 -21.2973 0.1 44.9975
8.03527 1837.68 187.715 -21.2678 0.1 44.9975
8.0454 1839.58 187.5 -21.2383 0.1 44.9975
8.05554 1841.48 187.285 -21.209 0.1 44.9975
8.06569 1843.38 187.07 -21.1796 0.1 44.9975
8.07585 1845.28 186.855 -21.1504 0.1 44.9975
8.08603 1847.18 186.64 -21.1211 0.1 44.9975
8.09622 1849.08 186.425 -21.0919 0.1 44.9975
8.10641 1850.98 186.21 -21.0628 0.1 44.9975
8.11662 1852.88 185.995 -21.0337 0.1 44.9975
8.12684 1854.78 185.78 -21.0047 0.1 44.9975
8.13708 1856.68 185.565 -20.9757 0.1 44.9975
8.14732 1858.58 185.35 -20.9468 0.1 44.9975
8.15758 1860.48 185.136 -20.9179 0.1 44.9975
8.16785 1862.38 184.921 -20.8891 0.1 44.9975
8.17786 1864.23 184.712 -20.8617 0.1 45.0012
8.18788 1866.08 184.503 -20.8331 0.1 44.9975
8.19791 1867.93 184.294 -20.8058 0.1 45.0012
8.20796 1869.78 184.086 -20.7773 0.1 44.9974
8.21801 1871.63 183.877 -20.7501 0.1 45.0013
8.22808 1873.48 183.668 -20.7217 0.1 44.9974
8.23816 1875.33 183.459 -20.6946 0.1 45.0013
8.24825 1877.18 183.251 -20.6662 0.1 44.9974
8.25835 1879.03 183.042 -20.6392 0.1 45.0013
8.26846 1880.88 182.833 -20.611 0.1 44.9974
8.27859 1882.73 182.625 -20.5841 0.1 45.0013
8.28872 1884.58 182.416 -20.5559 0.1 44.9974
8.29887 1886.43 182.208 -20.5291 0.1 45.0013
8.30903 1888.28 182 -20.5011 0.1 44.9974
8.3192 1890.13 181.791 -20.4743 0.1 45.0013
8.32938 1891.98 181.583 -20.4464 0.1 44.9974
8.33958 1893.83 181.375 -20.4197 0.1 45.0013
8.34978 1895.68 181.166 -20.3919 0.1 44.9974
8.36 1897.53 180.958 -20.3653 0.1 45.0013
8.37023 1899.38 180.75 -20.3375 0.1 44.9974
8.38047 1901.23 180.542 -20.3111 0.1 45.0013
8.39072 1903.08 180.334 -20.2834 0.1 44.9974
8.40099 1904.93 180.126 -20.257 0.1 45.0013
8.41127 1906.78 179.918 -20.2294 0.1 44.9974
8.42128 1908.58 179.715 -20.2032 0.1 44.9974
8.4313 1910.38 179.513 -20.1771 0.1 44.9974
8.44133 1912.18 179.311 -20.151 0.1 44.9974
8.45137 1913.98 179.108 -20.1249 0.1 44.9974
8.46143 1915.78 178.906 -20.0989 0.1 44.9974
8.4715 1917.58 178.704 -20.0729 0.1 44.9974
8.48158 1919.38 178.502 -20.047 0.1 44.9974
8.49167 1921.18 178.299 -20.0211 0.1 44.9974
8.50177 1922.98 178.097 -19.9953 0.1 44.9974
8.51188 1924.78 177.895 -19.9695 0.1 44.9974
8.522 1926.58 177.693 -19.9437 0.1 44.9974
8.53214 1928.38 177.491 -19.918 0.1 44.9974
8.54229 1930.18 177.289 -19.8923 0.1 44.9974
8.55245 1931.98 177.087 -19.8667 0.1 44.9974
8.56262 1933.78 176.885 -19.8411 0.1 44.9974
8.5728 1935.58 176.684 -19.8155 0.1 44.9974
8.58299 1937.38 176.482 -19.79 0.1 44.9974
8.5932 1939.18 176.28 -19.7645 0.1 44.9974
8.60341 1940.98 176.078 -19.7391 0.1 44.9974
8.61364 1942.78 175.876 -19.7137 0.1 44.9974
8.62388 1944.58 175.674 -19.6884 0.1 44.9974
8.63414 1946.38 175.473 -19.6631 0.1 44.9974
8.6444 1948.18 175.271 -19.6378 0.1 44.9974
8.65468 1949.98 175.069 -19.6126 0.1 44.9974
8.66468 1951.73 174.873 -19.5887 0.1 45.0014
8.67469 1953.48 174.677 -19.5637 0.1 44.9973
8.68471 1955.23 174.481 -19.5398 0.1 45.0014
8.69475 1956.98 174.285 -19.5149 0.1 44.9973
8.7048 1958.73 174.089 -19.4911 0.1 45.0014
8.71485 1960.48 173.894 -19.4663 0.1 44.9973
8.72492 1962.23 173.698 -19.4426 0.1 45.0014
8.73501 1963.98 173.502 -19.4178 0.1 44.9973
8.7451 1965.73 173.306 -19.3942 0.1 45.0014
8.7552 1967.48 173.11 -19.3695 0.1 44.9973
8.76532 1969.23 172.914 -19.346 0.1 45.0014
8.77544 1970.98 172.719 -19.3213 0.1 44.9973
8.78558 1972.73 172.523 -19.2979 0.1 45.0014
8.79573 1974.48 172.327 -19.2733 0.1 44.9973
8.80589 1976.23 172.131 -19.25 0.1 45.0014
8.81606 1977.98 171.936 -19.2255 0.1 44.9973
8.82625 1979.73 171.74 -19.2022 0.1 45.0014
8.83644 1981.48 171.544 -19.1778 0.1 44.9973
8.84665 1983.23 171.349 -19.1545 0.1 45.0014
8.85687 1984.98 171.153 -19.1302 0.1 44.9973
8.8671 1986.73 170.957 -19.1071 0.1 45.0014
8.87734 1988.48 170.762 -19.0828 0.1 44.9973
8.8876 1990.23 170.566 -19.0597 0.1 45.0014
8.89786 1991.98 170.371 -19.0356 0.1 44.9973
8.90814 1993.73 170.175 -19.0126 0.1 45.0014
8.91843 1995.48 169.98 -18.9885 0.1 44.9973
8.92844 1997.18 169.79 -18.9656 0.1 44.9973
8.93846 1998.88 169.6 -18.9428 0.1 44.9973
8.94849 2000.58 169.41 -18.9201 0.1 44.9973
8.95853 2002.28 169.22 -18.8974 0.1 44.9973
8.96858 2003.98 169.03 -18.8747 0.1 44.9973
8.97864 2005.68 168.841 -18.852 0.1 44.9973
8.98872 2007.38 168.651 -18.8294 0.1 44.9973
8.9988 2009.08 168.461 -18.8068 0.1 44.9973
9.0089 2010.78 168.271 -18.7843 0.1 44.9973
9.01901 2012.48 168.081 -18.7618 0.1 44.9973
9.02913 2014.18 167.892 -18.7393 0.1 44.9973
9.03926 2015.88 167.702 -18.7168 0.1 44.9973
9.0494 2017.58 167.512 -18.6944 0.1 44.9973
9.05956 2019.28 167.322 -18.6721 0.1 44.9973
9.06972 2020.98 167.133 -18.6497 0.1 44.9973
9.0799 2022.68 166.943 -18.6274 0.1 44.9973
9.09009 2024.38 166.753 -18.6051 0.1 44.9973
9.10029 2026.08 166.564 -18.5829 0.1 44.9972
9.1105 2027.78 166.374 -18.5607 0.1 44.9972
9.12073 2029.48 166.184 -18.5385 0.1 44.9972
9.13096 2031.18 165.995 -18.5164 0.1 44.9972
9.14121 2032.88 165.805 -18.4943 0.1 44.9972
9.15147 2034.58 165.616 -18.4722 0.1 44.9972
9.16174 2036.28 165.426 -18.4502 0.1 44.9972
9.17202 2037.98 165.236 -18.4282 0.1 44.9972
9.18232 2039.68 165.047 -18.4062 0.1 44.9972
9.19232 2041.33 164.863 -18.3855 0.1 45.0015
9.20233 2042.98 164.679 -18.3637 0.1 44.9972
9.21236 2044.63 164.495 -18.343 0.1 45.0015
9.22239 2046.28 164.311 -18.3213 0.1 44.9972
9.23244 2047.93 164.127 -18.3007 0.1 45.0015
9.2425 2049.58 163.943 -18.279 0.1 44.9972
9.25257 2051.23 163.759 -18.2584 0.1 45.0015
9.26265 2052.88 163.575 -18.2368 0.1 44.9972
9.27275 2054.53 163.391 -18.2163 0.1 45.0015
9.28285 2056.18 163.207 -18.1948 0.1 44.9972
9.29297 2057.83 163.023 -18.1743 0.1 45.0015
9.30309 2059.48 162.839 -18.1528 0.1 44.9972
9.31323 2061.13 162.655 -18.1325 0.1 45.0015
9.32338 2062.78 162.471 -18.1111 0.1 44.9972
9.33354 2064.43 162.287 -18.0907 0.1 45.0015
9.34372 2066.08 162.103 -18.0694 0.1 44.9972
9.3539 2067.73 161.919 -18.0491 0.1 45.0015
9.3641 2069.38 161.735 -18.0278 0.1 44.9972
9.37431 2071.03 161.552 -18.0077 0.1 45.0015
9.38452 2072.68 161.368 -17.9864 0.1 44.9972
9.39476 2074.33 161.184 -17.9663 0.1 45.0015
9.405 2075.98 161 -17.9451 0.1 44.9972
9.41525 2077.63 160.816 -17.925 0.1 45.0015
9.42552 2079.28 160.632 -17.9039 0.1 44.9972
9.4358 2080.93 160.448 -17.8839 0.1 45.0015
9.44609 2082.58 160.264 -17.8629 0.1 44.9972
9.45639 2084.23 160.08 -17.8429 0.1 45.0015
9.46639 2085.83 159.902 -17.8231 0.1 45.0015
9.4764 2087.43 159.724 -17.8033 0.1 45.0015
9.48642 2089.03 159.545 -17.7835 0.1 45.0015
9.49646 2090.63 159.367 -17.7638 0.1 45.0015
9.5065 2092.23 159.189 -17.7441 0.1 45.0015
9.51656 2093.83 159.01 -17.7244 0.1 45.0016
9.52663 2095.43 158.832 -17.7047 0.1 45.0016
9.53671 2097.03 158.654 -17.6851 0.1 45.0016
9.5468 2098.63 158.475 -17.6655 0.1 45.0016
9.5569 2100.23 158.297 -17.6459 0.1 45.0016
9.56701 2101.83 158.118 -17.6263 0.1 45.0016
9.57714 2103.43 157.94 -17.6068 0.1 45.0016
9.58728 2105.03 157.762 -17.5873 0.1 45.0016
9.59742 2106.63 157.583 -17.5679 0.1 45.0016
9.60758 2108.23 157.405 -17.5484 0.1 45.0016
9.61775 2109.83 157.227 -17.529 0.1 45.0016
9.62794 2111.43 157.048 -17.5096 0.1 45.0016
9.63813 2113.03 156.87 -17.4903 0.1 45.0016
9.64834 2114.63 156.691 -17.471 0.1 45.0016
9.65855 2116.23 156.513 -17.4517 0.1 45.0016
9.66878 2117.83 156.335 -17.4324 0.1 45.0016
9.67902 2119.43 156.156 -17.4131 0.1 45.0016
9.68927 2121.03 155.978 -17.3939 0.1 45.0016
9.69954 2122.63 155.799 -17.3747 0.1 45.0016
9.70981 2124.23 155.621 -17.3556 0.1 45.0016
9.7201 2125.83 155.443 -17.3364 0.1 45.0016
9.7304 2127.43 155.264 -17.3173 0.1 45.0016
9.74071 2129.03 155.086 -17.2983 0.1 45.0016
9.75071 2130.58 154.913 -17.2793 0.1 44.9971
9.76072 2132.13 154.74 -17.2614 0.1 45.0016
9.77075 2133.68 154.567 -17.2425 0.1 44.9971
9.78078 2135.23 154.394 -17.2246 0.1 45.0016
9.79082 2136.78 154.221 -17.2057 0.1 44.9971
9.80088 2138.33 154.048 -17.1879 0.1 45.0016
9.81095 2139.88 153.875 -17.1691 0.1 44.9971
9.82103 2141.43 153.702 -17.1513 0.1 45.0016
9.83112 2142.98 153.529 -17.1326 0.1 44.9971
9.84122 2144.53 153.356 -17.1149 0.1 45.0016
9.85133 2146.08 153.183 -17.0962 0.1 44.9971
9.86146 2147.63 153.01 -17.0785 0.1 45.0016
9.87159 2149.18 152.837 -17.0598 0.1 44.9971
9.88174 2150.73 152.664 -17.0422 0.1 45.0016
9.8919 2152.28 152.491 -17.0236 0.1 44.9971
9.90207 2153.83 152.318 -17.006 0.1 45.0016
9.91225 2155.38 152.145 -16.9875 0.1 44.9971
9.92245 2156.93 151.972 -16.97 0.1 45.0017
9.93265 2158.48 151.799 -16.9515 0.1 44.997
9.94287 2160.03 151.626 -16.934 0.1 45.0017
9.9531 2161.58 151.453 -16.9155 0.1 44.997
9.96334 2163.13 151.28 -16.8981 0.1 45.0017
9.97359 2164.68 151.107 -16.8797 0.1 44.997
9.98385 2166.23 150.933 -16.8623 0.1 45.0017
9.99413 2167.78 150.76 -16.844 0.1 44.997
10.0044 2169.33 150.587 -16.8267 0.1 45.0017
10.0147 2170.88 150.414 -16.8084 0.1 44.997
10.025 2172.43 150.241 -16.7911 0.1 45.0017
10.0353 2173.98 150.067 -16.7729 0.1 44.997
10.0453 2175.48 149.9 -16.7557 0.1 44.997
10.0554 2176.98 149.732 -16.7386 0.1 44.997
10.0654 2178.48 149.564 -16.7215 0.1 44.997
10.0754 2179.98 149.397 -16.7044 0.1 44.997
10.0855 2181.48 149.229 -16.6873 0.1 44.997
10.0955 2182.98 149.061 -16.6703 0.1 44.997
10.1056 2184.48 148.893 -16.6533 0.1 44.997
10.1157 2185.98 148.726 -16.6363 0.1 44.997
10.1258 2187.48 148.558 -16.6193 0.1 44.997
10.1359 2188.98 148.39 -16.6024 0.1 44.997
10.146 2190.48 148.222 -16.5854 0.1 44.997
10.1561 2191.98 148.054 -16.5685 0.1 44.997
10.1662 2193.48 147.886 -16.5516 0.1 44.997
10.1764 2194.98 147.718 -16.5348 0.1 44.997
10.1866 2196.48 147.551 -16.518 0.1 44.997
10.1967 2197.98 147.383 -16.5011 0.1 44.997
10.2069 2199.48 147.215 -16.4844 0.1 44.997
10.2171 2200.98 147.047 -16.4676 0.1 44.997
10.2273 2202.48 146.879 -16.4508 0.1 44.997
10.2375 2203.98 146.711 -16.4341 0.1 44.997
10.2478 2205.48 146.543 -16.4174 0.1 44.997
10.258 2206.98 146.375 -16.4007 0.1 44.997
10.2683 2208.48 146.207 -16.3841 0.1 44.997
10.2785 2209.98 146.038 -16.3675 0.1 44.997
10.2888 2211.48 145.87 -16.3509 0.1 44.997
10.2991 2212.98 145.702 -16.3343 0.1 44.9969
10.3094 2214.48 145.534 -16.3177 0.1 44.9969
10.3197 2215.98 145.366 -16.3012 0.1 44.9969
10.33 2217.48 145.198 -16.2846 0.1 44.9969
10.3404 2218.98 145.029 -16.2681 0.1 44.9969
10.3504 2220.43 144.867 -16.2527 0.1 45.0018
10.3604 2221.88 144.704 -16.2363 0.1 44.9969
10.3704 2223.33 144.541 -16.2209 0.1 45.0018
10.3804 2224.78 144.378 -16.2046 0.1 44.9969
10.3905 2226.23 144.216 -16.1892 0.1 45.0018
10.4006 2227.68 144.053 -16.1729 0.1 44.9969
10.4106 2229.13 143.89 -16.1575 0.1 45.0018
10.4207 2230.58 143.727 -16.1413 0.1 44.9969
10.4308 2232.03 143.564 -16.126 0.1 45.0018
10.4409 2233.48 143.402 -16.1098 0.1 44.9969
10.451 2234.93 143.239 -16.0945 0.1 45.0018
10.4612 2236.38 143.076 -16.0784 0.1 44.9969
10.4713 2237.83 142.913 -16.0631 0.1 45.0018
10.4815 2239.28 142.75 -16.047 0.1 44.9969
10.4916 2240.73 142.587 -16.0318 0.1 45.0018
10.5018 2242.18 142.424 -16.0158 0.1 44.9969
10.512 2243.63 142.261 -16.0006 0.1 45.0018
10.5222 2245.08 142.098 -15.9846 0.1 44.9969
10.5324 2246.53 141.934 -15.9695 0.1 45.0018
10.5426 2247.98 141.771 -15.9535 0.1 44.9969
10.5528 2249.43 141.608 -15.9384 0.1 45.0018
10.5631 2250.88 141.445 -15.9225 0.1 44.9969
10.5733 2252.33 141.282 -15.9074 0.1 45.0018
10.5836 2253.78 141.118 -15.8915 0.1 44.9969
10.5939 2255.23 140.955 -15.8765 0.1 45.0018
10.6042 2256.68 140.792 -15.8607 0.1 44.9969
10.6145 2258.13 140.628 -15.8457 0.1 45.0018
10.6248 2259.58 140.465 -15.8299 0.1 44.9969
10.6351 2261.03 140.302 -15.815 0.1 45.0018
10.6455 2262.48 140.138 -15.7992 0.1 44.9969
10.6558 2263.93 139.975 -15.7843 0.1 45.0019
10.6658 2265.33 139.817 -15.7695 0.1 45.0019
10.6759 2266.73 139.659 -15.7548 0.1 45.0019
10.6859 2268.13 139.501 -15.7401 0.1 45.0019
10.6959 2269.53 139.343 -15.7253 0.1 45.0019
10.706 2270.93 139.185 -15.7106 0.1 45.0019
10.7161 2272.33 139.027 -15.696 0.1 45.0019
10.7261 2273.73 138.869 -15.6813 0.1 45.0019
10.7362 2275.13 138.711 -15.6666 0.1 45.0019
10.7463 2276.53 138.552 -15.652 0.1 45.0019
10.7564 2277.93 138.394 -15.6374 0.1 45.0019
10.7665 2279.33 138.236 -15.6228 0.1 45.0019
10.7767 2280.73 138.078 -15.6083 0.1 45.0019
10.7868 2282.13 137.92 -15.5937 0.1 45.0019
10.797 2283.53 137.761 -15.5792 0.1 45.0019
10.8071 2284.93 137.603 -15.5646 0.1 45.0019
10.8173 2286.33 137.445 -15.5501 0.1 45.0019
10.8275 2287.73 137.286 -15.5357 0.1 45.0019
10.8377 2289.13 137.128 -15.5212 0.1 45.0019
10.8479 2290.53 136.969 -15.5068 0.1 45.0019
10.8582 2291.93 136.811 -15.4923 0.1 45.0019
10.8684 2293.33 136.652 -15.4779 0.1 45.0019
10.8787 2294.73 136.494 -15.4635 0.1 45.0019
10.8889 2296.13 136.335 -15.4492 0.1 45.0019
10.8992 2297.53 136.176 -15.4348 0.1 45.0019
10.9095 2298.93 136.018 -15.4205 0.1 45.0019
10.9198 2300.33 135.859 -15.4061 0.1 45.0019
10.9301 2301.73 135.7 -15.3918 0.1 45.0019
10.9404 2303.13 135.541 -15.3776 0.1 45.0019
10.9508 2304.53 135.382 -15.3633 0.1 45.0019
10.9611 2305.93 135.224 -15.349 0.1 45.0019
10.9715 2307.33 135.065 -15.3348 0.1 45.0019
10.9815 2308.68 134.911 -15.3207 0.1 44.9968
10.9915 2310.03 134.758 -15.3074 0.1 45.0019
11.0015 2311.38 134.605 -15.2933 0.1 44.9968
11.0115 2312.73 134.451 -15.2801 0.1 45.002
11.0216 2314.08 134.298 -15.266 0.1 44.9967
11.0316 2315.43 134.144 -15.2528 0.1 45.002
11.0417 2316.78 133.991 -15.2388 0.1 44.9967
11.0518 2318.13 133.837 -15.2256 0.1 45.002
11.0619 2319.48 133.684 -15.2116 0.1 44.9967
11.072 2320.83 133.53 -15.1985 0.1 45.002
11.0821 2322.18 133.376 -15.1845 0.1 44.9967
11.0922 2323.53 133.223 -15.1714 0.1 45.002
11.1024 2324.88 133.069 -15.1575 0.1 44.9967
11.1125 2326.23 132.915 -15.1444 0.1 45.002
11.1227 2327.58 132.761 -15.1305 0.1 44.9967
11.1329 2328.93 132.607 -15.1175 0.1 45.002
11.143 2330.28 132.453 -15.1036 0.1 44.9967
11.1532 2331.63 132.299 -15.0906 0.1 45.002
11.1635 2332.98 132.145 -15.0768 0.1 44.9967
11.1737 2334.33 131.991 -15.0638 0.1 45.002
11.1839 2335.68 131.837 -15.05 0.1 44.9967
11.1942 2337.03 131.683 -15.0371 0.1 45.002
11.2044 2338.38 131.529 -15.0233 0.1 44.9967
11.2147 2339.73 131.375 -15.0104 0.1 45.002
11.225 2341.08 131.22 -14.9967 0.1 44.9967
11.2353 2342.43 131.066 -14.9838 0.1 45.002
11.2456 2343.78 130.912 -14.9701 0.1 44.9967
11.2559 2345.13 130.757 -14.9573 0.1 45.002
11.2662 2346.48 130.603 -14.9436 0.1 44.9967
11.2766 2347.83 130.448 -14.9308 0.1 45.002
11.2869 2349.18 130.294 -14.9171 0.1 44.9967
11.2973 2350.53 130.139 -14.9043 0.1 45.002
11.3077 2351.88 129.985 -14.8907 0.1 44.9967
11.3177 2353.18 129.836 -14.8781 0.1 44.9967
11.3277 2354.48 129.687 -14.8654 0.1 44.9967
11.3377 2355.78 129.538 -14.8527 0.1 44.9966
11.3478 2357.08 129.389 -14.8401 0.1 44.9966
11.3578 2358.38 129.24 -14.8275 0.1 44.9966
11.3679 2359.68 129.09 -14.8149 0.1 44.9966
11.378 2360.98 128.941 -14.8023 0.1 44.9966
11.388 2362.28 128.792 -14.7897 0.1 44.9966
11.3981 2363.58 128.643 -14.7771 0.1 44.9966
11.4083 2364.88 128.493 -14.7646 0.1 44.9966
11.4184 2366.18 128.344 -14.752 0.1 44.9966
11.4285 2367.48 128.194 -14.7395 0.1 44.9966
11.4387 2368.78 128.045 -14.727 0.1 44.9966
11.4488 2370.08 127.895 -14.7145 0.1 44.9966
11.459 2371.38 127.746 -14.702 0.1 44.9966
11.4692 2372.68 127.596 -14.6896 0.1 44.9966
11.4794 2373.98 127.446 -14.6771 0.1 44.9966
11.4896 2375.28 127.297 -14.6647 0.1 44.9966
11.4998 2376.58 127.147 -14.6523 0.1 44.9966
11.51 2377.88 126.997 -14.6398 0.1 44.9966
11.5203 2379.18 126.847 -14.6274 0.1 44.9966
11.5305 2380.48 126.697 -14.6151 0.1 44.9966
11.5408 2381.78 126.547 -14.6027 0.1 44.9966
11.5511 2383.08 126.397 -14.5904 0.1 44.9966
11.5614 2384.38 126.247 -14.578 0.1 44.9966
11.5717 2385.68 126.097 -14.5657 0.1 44.9966
11.582 2386.98 125.947 -14.5534 0.1 44.9966
11.5923 2388.28 125.796 -14.5411 0.1 44.9966
11.6026 2389.58 125.646 -14.5288 0.1 44.9966
11.613 2390.88 125.496 -14.5166 0.1 44.9966
11.6234 2392.18 125.345 -14.5043 0.1 44.9966
11.6337 2393.48 125.195 -14.4921 0.1 44.9966
11.6441 2394.78 125.044 -14.4798 0.1 44.9966
11.6541 2396.03 124.9 -14.4685 0.1 45.0022
11.6641 2397.28 124.755 -14.4564 0.1 44.9965
11.6742 2398.53 124.61 -14.4451 0.1 45.0022
11.6842 2399.78 124.465 -14.433 0.1 44.9965
11.6943 2401.03 124.32 -14.4217 0.1 45.0022
11.7043 2402.28 124.175 -14.4096 0.1 44.9965
11.7144 2403.53 124.03 -14.3983 0.1 45.0022
11.7245 2404.78 123.885 -14.3863 0.1 44.9965
11.7346 2406.03 123.74 -14.3751 0.1 45.0022
11.7447 2407.28 123.594 -14.363 0.1 44.9965
11.7548 2408.53 123.449 -14.3518 0.1 45.0022
11.7649 2409.78 123.304 -14.3398 0.1 44.9965
11.7751 2411.03 123.158 -14.3286 0.1 45.0022
11.7852 2412.28 123.013 -14.3167 0.1 44.9965
11.7954 2413.53 122.867 -14.3055 0.1 45.0022
11.8056 2414.78 122.722 -14.2936 0.1 44.9965
11.8158 2416.03 122.576 -14.2824 0.1 45.0022
11.826 2417.28 122.431 -14.2705 0.1 44.9965
11.8362 2418.53 122.285 -14.2594 0.1 45.0022
11.8464 2419.78 122.139 -14.2475 0.1 44.9965
11.8567 2421.03 121.993 -14.2364 0.1 45.0022
11.8669 2422.28 121.847 -14.2246 0.1 44.9965
11.8772 2423.53 121.701 -14.2135 0.1 45.0022
11.8875 2424.78 121.555 -14.2017 0.1 44.9965
11.8977 2426.03 121.409 -14.1906 0.1 45.0022
11.9081 2427.28 121.263 -14.1788 0.1 44.9965
11.9184 2428.53 121.117 -14.1678 0.1 45.0022
11.9287 2429.78 120.971 -14.156 0.1 44.9965
11.939 2431.03 120.824 -14.145 0.1 45.0022
11.9494 2432.28 120.678 -14.1333 0.1 44.9965
11.9597 2433.53 120.532 -14.1223 0.1 45.0023
11.9701 2434.78 120.385 -14.1106 0.1 44.9964
11.9805 2436.03 120.238 -14.0997 0.1 45.0023
11.9909 2437.28 120.092 -14.088 0.1 44.9964
12.0013 2438.53 119.945 -14.077 0.1 45.0023
12.0113 2439.73 119.804 -14.0662 0.1 45.0023
12.0214 2440.93 119.663 -14.0554 0.1 45.0023
12.0314 2442.13 119.522 -14.0445 0.1 45.0023
12.0414 2443.33 119.381 -14.0337 0.1 45.0023
12.0515 2444.53 119.24 -14.0229 0.1 45.0023
12.0616 2445.73 119.099 -14.0122 0.1 45.0023
12.0717 2446.93 118.958 -14.0014 0.1 45.0023
12.0818 2448.13 118.817 -13.9906 0.1 45.0023
12.0919 2449.33 118.675 -13.9799 0.1 45.0023
12.102 2450.53 118.534 -13.9691 0.1 45.0023
12.1121 2451.73 118.393 -13.9584 0.1 45.0023
12.1222 2452.93 118.251 -13.9477 0.1 45.0023
12.1324 2454.13 118.109 -13.937 0.1 45.0023
12.1426 2455.33 117.968 -13.9263 0.1 45.0023
12.1527 2456.53 117.826 -13.9156 0.1 45.0023
12.1629 2457.73 117.684 -13.905 0.1 45.0023
12.1731 2458.93 117.543 -13.8943 0.1 45.0023
12.1834 2460.13 117.401 -13.8837 0.1 45.0023
12.1936 2461.33 117.259 -13.873 0.1 45.0023
12.2038 2462.53 117.117 -13.8624 0.1 45.0023
12.2141 2463.73 116.975 -13.8518 0.1 45.0023
12.2243 2464.93 116.833 -13.8412 0.1 45.0023
12.2346 2466.13 116.69 -13.8306 0.1 45.0023
12.2449 2467.33 116.548 -13.82 0.1 45.0024
12.2552 2468.53 116.406 -13.8095 0.1 45.0024
12.2655 2469.73 116.263 -13.7989 0.1 45.0024
12.2759 2470.93 116.121 -13.7884 0.1 45.0024
12.2862 2472.13 115.978 -13.7778 0.1 45.0024
12.2965 2473.33 115.836 -13.7673 0.1 45.0024
12.3069 2474.53 115.693 -13.7568 0.1 45.0024
12.3173 2475.73 115.55 -13.7463 0.1 45.0024
12.3277 2476.93 115.408 -13.7358 0.1 45.0024
12.3381 2478.13 115.265 -13.7253 0.1 45.0024
12.3485 2479.33 115.122 -13.7149 0.1 45.0024
12.3589 2480.53 114.979 -13.7044 0.1 45.0024
12.3689 2481.68 114.842 -13.694 0.1 44.9963
12.379 2482.83 114.705 -13.6844 0.1 45.0024
12.389 2483.98 114.567 -13.6741 0.1 44.9963
12.399 2485.13 114.43 -13.6644 0.1 45.0024
12.4091 2486.28 114.293 -13.6541 0.1 44.9963
12.4192 2487.43 114.155 -13.6445 0.1 45.0024
12.4292 2488.58 114.018 -13.6342 0.1 44.9963
12.4393 2489.73 113.88 -13.6246 0.1 45.0024
12.4494 2490.88 113.743 -13.6144 0.1 44.9963
12.4596 2492.03 113.605 -13.6048 0.1 45.0024
12.4697 2493.18 113.467 -13.5945 0.1 44.9963
12.4798 2494.33 113.329 -13.585 0.1 45.0024
12.49 2495.48 113.191 -13.5747 0.1 44.9963
12.5002 2496.63 113.054 -13.5652 0.1 45.0024
12.5103 2497.78 112.915 -13.555 0.1 44.9963
12.5205 2498.93 112.777 -13.5455 0.1 45.0025
12.5307 2500.08 112.639 -13.5353 0.1 44.9962
12.5409 2501.23 112.501 -13.5258 0.1 45.0025
12.5512 2502.38 112.363 -13.5156 0.1 44.9962
12.5614 2503.53 112.224 -13.5062 0.1 45.0025
12.5717 2504.68 112.086 -13.496 0.1 44.9962
12.5819 2505.83 111.947 -13.4866 0.1 45.0025
12.5922 2506.98 111.809 -13.4764 0.1 44.9962
12.6025 2508.13 111.67 -13.467 0.1 45.0025
12.6128 2509.28 111.531 -13.4569 0.1 44.9962
12.6231 2510.43 111.393 -13.4475 0.1 45.0025
12.6335 2511.58 111.254 -13.4374 0.1 44.9962
12.6438 2512.73 111.115 -13.428 0.1 45.0025
12.6542 2513.88 110.976 -13.4179 0.1 44.9962
12.6645 2515.03 110.837 -13.4086 0.1 45.0025
12.6749 2516.18 110.698 -13.3985 0.1 44.9962
12.6853 2517.33 110.558 -13.3892 0.1 45.0025
12.6957 2518.48 110.419 -13.3791 0.1 44.9962
12.7061 2519.63 110.28 -13.3698 0.1 45.0025
12.7166 2520.78 110.14 -13.3598 0.1 44.9962
12.727 2521.93 110.001 -13.3505 0.1 45.0025
12.737 2523.03 109.867 -13.3412 0.1 45.0025
12.747 2524.13 109.734 -13.332 0.1 45.0025
12.7571 2525.23 109.6 -13.3228 0.1 45.0025
12.7671 2526.33 109.466 -13.3136 0.1 45.0025
12.7772 2527.43 109.332 -13.3044 0.1 45.0026
12.7872 2528.53 109.198 -13.2952 0.1 45.0026
12.7973 2529.63 109.064 -13.2861 0.1 45.0026
12.8074 2530.73 108.93 -13.2769 0.1 45.0026
12.8175 2531.83 108.796 -13.2677 0.1 45.0026
12.8276 2532.93 108.662 -13.2586 0.1 45.0026
12.8378 2534.03 108.528 -13.2495 0.1 45.0026
12.8479 2535.13 108.394 -13.2403 0.1 45.0026
12.8581 2536.23 108.259 -13.2312 0.1 45.0026
12.8682 2537.33 108.125 -13.2221 0.1 45.0026
12.8784 2538.43 107.99 -13.213 0.1 45.0026
12.8886 2539.53 107.855 -13.2039 0.1 45.0026
12.8988 2540.63 107.721 -13.1948 0.1 45.0026
12.909 2541.73 107.586 -13.1857 0.1 45.0026
12.9193 2542.83 107.451 -13.1767 0.1 45.0026
12.9295 2543.93 107.316 -13.1676 0.1 45.0026
12.9398 2545.03 107.181 -13.1586 0.1 45.0026
12.95 2546.13 107.046 -13.1495 0.1 45.0026
12.9603 2547.23 106.911 -13.1405 0.1 45.0026
12.9706 2548.33 106.776 -13.1315 0.1 45.0026
12.9809 2549.43 106.64 -13.1224 0.1 45.0026
12.9912 2550.53 106.505 -13.1134 0.1 45.0026
13.0016 2551.63 106.37 -13.1044 0.1 45.0026
13.0119 2552.73 106.234 -13.0955 0.1 45.0026
13.0223 2553.83 106.098 -13.0865 0.1 45.0026
13.0327 2554.93 105.963 -13.0775 0.1 45.0027
13.043 2556.03 105.827 -13.0685 0.1 45.0027
13.0534 2557.13 105.691 -13.0596 0.1 45.0027
13.0639 2558.23 105.555 -13.0506 0.1 45.0027
13.0743 2559.33 105.419 -13.0417 0.1 45.0027
13.0847 2560.43 105.283 -13.0328 0.1 45.0027
13.0952 2561.53 105.147 -13.0239 0.1 45.0027
13.1057 2562.63 105.01 -13.0149 0.1 45.0027
13.1157 2563.68 104.88 -13.0061 0.1 44.996
13.1257 2564.73 104.75 -12.998 0.1 45.0027
13.1357 2565.78 104.62 -12.9892 0.1 44.996
13.1457 2566.83 104.489 -12.981 0.1 45.0027
13.1558 2567.88 104.359 -12.9722 0.1 44.996
13.1659 2568.93 104.228 -12.9641 0.1 45.0027
13.176 2569.98 104.097 -12.9553 0.1 44.996
13.186 2571.03 103.967 -12.9472 0.1 45.0027
13.1962 2572.08 103.836 -12.9384 0.1 44.996
13.2063 2573.13 103.705 -12.9303 0.1 45.0027
13.2164 2574.18 103.574 -12.9216 0.1 44.996
13.2265 2575.23 103.443 -12.9135 0.1 45.0027
13.2367 2576.28 103.312 -12.9048 0.1 44.996
13.2469 2577.33 103.181 -12.8967 0.1 45.0027
13.2571 2578.38 103.049 -12.888 0.1 44.996
13.2673 2579.43 102.918 -12.8799 0.1 45.0028
13.2775 2580.48 102.787 -12.8713 0.1 44.9959
13.2877 2581.53 102.655 -12.8632 0.1 45.0028
13.2979 2582.58 102.523 -12.8545 0.1 44.9959
13.3082 2583.63 102.392 -12.8465 0.1 45.0028
13.3184 2584.68 102.26 -12.8379 0.1 44.9959
13.3287 2585.73 102.128 -12.8298 0.1 45.0028
13.339 2586.78 101.996 -12.8212 0.1 44.9959
13.3493 2587.83 101.864 -12.8132 0.1 45.0028
13.3596 2588.88 101.732 -12.8046 0.1 44.9959
13.3699 2589.93 101.6 -12.7966 0.1 45.0028
13.3803 2590.98 101.468 -12.788 0.1 44.9959
13.3906 2592.03 101.335 -12.78 0.1 45.0028
13.401 2593.08 101.203 -12.7714 0.1 44.9959
13.4114 2594.13 101.07 -12.7635 0.1 45.0028
13.4218 2595.18 100.938 -12.7549 0.1 44.9959
13.4322 2596.23 100.805 -12.7469 0.1 45.0028
13.4426 2597.28 100.672 -12.7384 0.1 44.9959
13.4531 2598.33 100.539 -12.7304 0.1 45.0028
13.4635 2599.38 100.406 -12.7219 0.1 44.9959
13.474 2600.43 100.273 -12.714 0.1 45.0028
13.4844 2601.48 100.14 -12.7055 0.1 44.9959
13.4949 2602.53 100.007 -12.6976 0.1 45.0029
13.5049 2603.53 99.8795 -12.6898 0.1 45.0029
13.515 2604.53 99.7524 -12.6819 0.1 45.0029
13.525 2605.53 99.6252 -12.6741 0.1 45.0029
13.535 2606.53 99.498 -12.6664 0.1 45.0029
13.5451 2607.53 99.3706 -12.6586 0.1 45.0029
13.5552 2608.53 99.2432 -12.6508 0.1 45.0029
13.5652 2609.53 99.1157 -12.643 0.1 45.0029
13.5753 2610.53 98.9881 -12.6353 0.1 45.0029
13.5855 2611.53 98.8604 -12.6275 0.1 45.0029
13.5956 2612.53 98.7326 -12.6198 0.1 45.0029
13.6057 2613.53 98.6048 -12.612 0.1 45.0029
13.6159 2614.53 98.4768 -12.6043 0.1 45.0029
13.626 2615.53 98.3488 -12.5966 0.1 45.0029
13.6362 2616.53 98.2206 -12.5888 0.1 45.0029
13.6464 2617.53 98.0924 -12.5811 0.1 45.0029
13.6566 2618.53 97.9641 -12.5734 0.1 45.0029
13.6668 2619.53 97.8357 -12.5657 0.1 45.0029
13.677 2620.53 97.7073 -12.558 0.1 45.0029
13.6873 2621.53 97.5787 -12.5503 0.1 45.0029
13.6975 2622.53 97.45 -12.5426 0.1 45.0029
13.7078 2623.53 97.3213 -12.535 0.1 45.0029
13.7181 2624.53 97.1924 -12.5273 0.1 45.003
13.7284 2625.53 97.0635 -12.5196 0.1 45.003
13.7387 2626.53 96.9344 -12.512 0.1 45.003
13.749 2627.53 96.8053 -12.5043 0.1 45.003
13.7593 2628.53 96.6761 -12.4967 0.1 45.003
13.7697 2629.53 96.5468 -12.4891 0.1 45.003
13.7801 2630.53 96.4174 -12.4814 0.1 45.003
13.7904 2631.53 96.2879 -12.4738 0.1 45.003
13.8008 2632.53 96.1583 -12.4662 0.1 45.003
13.8112 2633.53 96.0286 -12.4586 0.1 45.003
13.8217 2634.53 95.8988 -12.451 0.1 45.003
13.8321 2635.53 95.7689 -12.4434 0.1 45.003
13.8425 2636.53 95.639 -12.4358 0.1 45.003
13.853 2637.53 95.5089 -12.4282 0.1 45.003
13.8635 2638.53 95.3787 -12.4207 0.1 45.003
13.874 2639.53 95.2484 -12.4131 0.1 45.003
13.8845 2640.53 95.118 -12.4055 0.1 45.003
13.895 2641.53 94.9876 -12.398 0.1 45.003
13.905 2642.48 94.8635 -12.3905 0.1 44.9957
13.915 2643.43 94.7394 -12.3837 0.1 45.003
13.9251 2644.38 94.6152 -12.3762 0.1 44.9957
13.9351 2645.33 94.4909 -12.3693 0.1 45.0031
13.9452 2646.28 94.3665 -12.3619 0.1 44.9956
13.9553 2647.23 94.242 -12.3551 0.1 45.0031
13.9653 2648.18 94.1174 -12.3476 0.1 44.9956
13.9754 2649.13 93.9927 -12.3408 0.1 45.0031
13.9856 2650.08 93.8679 -12.3334 0.1 44.9956
13.9957 2651.03 93.743 -12.3266 0.1 45.0031
14.0058 2651.98 93.6181 -12.3192 0.1 44.9956
14.016 2652.93 93.493 -12.3123 0.1 45.0031
14.0261 2653.88 93.3678 -12.305 0.1 44.9956
14.0363 2654.83 93.2426 -12.2982 0.1 45.0031
14.0465 2655.78 93.1172 -12.2908 0.1 44.9956
14.0567 2656.73 92.9918 -12.284 0.1 45.0031
14.067 2657.68 92.8663 -12.2766 0.1 44.9956
14.0772 2658.63 92.7406 -12.2699 0.1 45.0031
14.0874 2659.58 92.6149 -12.2625 0.1 44.9956
14.0977 2660.53 92.489 -12.2557 0.1 45.0031
14.108 2661.48 92.3631 -12.2484 0.1 44.9956
14.1183 2662.43 92.2371 -12.2416 0.1 45.0031
14.1286 2663.38 92.1109 -12.2343 0.1 44.9956
14.1389 2664.33 91.9847 -12.2276 0.1 45.0032
14.1492 2665.28 91.8584 -12.2203 0.1 44.9955
14.1596 2666.23 91.7319 -12.2135 0.1 45.0032
14.17 2667.18 91.6054 -12.2062 0.1 44.9955
14.1803 2668.13 91.4787 -12.1995 0.1 45.0032
14.1907 2669.08 91.352 -12.1922 0.1 44.9955
14.2011 2670.03 91.2252 -12.1855 0.1 45.0032
14.2116 2670.98 91.0982 -12.1782 0.1 44.9955
14.222 2671.93 90.9712 -12.1715 0.1 45.0032
14.2324 2672.88 90.844 -12.1643 0.1 44.9955
14.2429 2673.83 90.7167 -12.1576 0.1 45.0032
14.2534 2674.78 90.5894 -12.1503 0.1 44.9955
14.2639 2675.73 90.4619 -12.1437 0.1 45.0032
14.2744 2676.68 90.3343 -12.1364 0.1 44.9955
14.2849 2677.63 90.2066 -12.1297 0.1 45.0032
14.2955 2678.58 90.0788 -12.1225 0.1 44.9955
14.306 2679.53 89.9509 -12.1159 0.1 45.0032
14.316 2680.43 89.8296 -12.1093 0.1 45.0032
14.326 2681.33 89.7083 -12.1027 0.1 45.0033
14.3361 2682.23 89.5868 -12.0962 0.1 45.0033
14.3461 2683.13 89.4652 -12.0896 0.1 45.0033
14.3562 2684.03 89.3435 -12.0831 0.1 45.0033
14.3663 2684.93 89.2218 -12.0765 0.1 45.0033
14.3764 2685.83 89.0999 -12.07 0.1 45.0033
14.3865 2686.73 88.9779 -12.0635 0.1 45.0033
14.3966 2687.63 88.8559 -12.0569 0.1 45.0033
14.4068 2688.53 88.7337 -12.0504 0.1 45.0033
14.4169 2689.43 88.6114 -12.0439 0.1 45.0033
14.4271 2690.33 88.489 -12.0374 0.1 45.0033
14.4372 2691.23 88.3665 -12.0309 0.1 45.0033
14.4474 2692.13 88.244 -12.0244 0.1 45.0033
14.4576 2693.03 88.1213 -12.0179 0.1 45.0033
14.4679 2693.93 87.9985 -12.0114 0.1 45.0033
14.4781 2694.83 87.8756 -12.0049 0.1 45.0033
14.4883 2695.73 87.7526 -11.9984 0.1 45.0033
14.4986 2696.63 87.6295 -11.992 0.1 45.0033
14.5089 2697.53 87.5062 -11.9855 0.1 45.0034
14.5192 2698.43 87.3829 -11.979 0.1 45.0034
14.5295 2699.33 87.2595 -11.9726 0.1 45.0034
14.5398 2700.23 87.1359 -11.9661 0.1 45.0034
14.5501 2701.13 87.0123 -11.9597 0.1 45.0034
14.5605 2702.03 86.8885 -11.9532 0.1 45.0034
14.5709 2702.93 86.7647 -11.9468 0.1 45.0034
14.5812 2703.83 86.6407 -11.9404 0.1 45.0034
14.5916 2704.73 86.5166 -11.9339 0.1 45.0034
14.6021 2705.63 86.3924 -11.9275 0.1 45.0034
14.6125 2706.53 86.2681 -11.9211 0.1 45.0034
14.6229 2707.43 86.1436 -11.9147 0.1 45.0034
14.6334 2708.33 86.0191 -11.9083 0.1 45.0034
14.6438 2709.23 85.8944 -11.9019 0.1 45.0034
14.6543 2710.13 85.7697 -11.8955 0.1 45.0034
14.6648 2711.03 85.6448 -11.8891 0.1 45.0034
14.6753 2711.93 85.5198 -11.8827 0.1 45.0034
14.6859 2712.83 85.3947 -11.8763 0.1 45.0034
14.6964 2713.73 85.2695 -11.8699 0.1 45.0035
14.707 2714.63 85.1441 -11.8636 0.1 45.0035
14.7176 2715.53 85.0187 -11.8572 0.1 45.0035
14.7276 2716.38 84.9001 -11.8509 0.1 44.9952
14.7376 2717.23 84.7814 -11.8452 0.1 45.0035
14.7476 2718.08 84.6625 -11.8389 0.1 44.9952
14.7577 2718.93 84.5436 -11.8332 0.1 45.0035
14.7677 2719.78 84.4246 -11.8269 0.1 44.9952
14.7778 2720.63 84.3055 -11.8212 0.1 45.0035
14.7879 2721.48 84.1862 -11.815 0.1 44.9952
14.798 2722.33 84.0669 -11.8093 0.1 45.0035
14.8081 2723.18 83.9474 -11.803 0.1 44.9952
14.8183 2724.03 83.8278 -11.7973 0.1 45.0035
14.8284 2724.88 83.7082 -11.7911 0.1 44.9952
14.8386 2725.73 83.5884 -11.7854 0.1 45.0035
14.8487 2726.58 83.4685 -11.7792 0.1 44.9952
14.8589 2727.43 83.3485 -11.7735 0.1 45.0035
14.8691 2728.28 83.2283 -11.7673 0.1 44.9951
14.8794 2729.13 83.1081 -11.7616 0.1 45.0036
14.8896 2729.98 82.9877 -11.7554 0.1 44.9951
14.8998 2730.83 82.8673 -11.7497 0.1 45.0036
14.9101 2731.68 82.7467 -11.7436 0.1 44.9951
14.9204 2732.53 82.626 -11.7379 0.1 45.0036
14.9307 2733.38 82.5052 -11.7317 0.1 44.9951
14.941 2734.23 82.3843 -11.726 0.1 45.0036
14.9513 2735.08 82.2632 -11.7199 0.1 44.9951
14.9617 2735.93 82.142 -11.7142 0.1 45.0036
14.972 2736.78 82.0208 -11.7081 0.1 44.9951
14.9824 2737.63 81.8994 -11.7024 0.1 45.0036
14.9928 2738.48 81.7779 -11.6963 0.1 44.9951
15.0032 2739.33 81.6562 -11.6907 0.1 45.0036
15.0136 2740.18 81.5345 -11.6845 0.1 44.9951
15.024 2741.03 81.4126 -11.6789 0.1 45.0036
15.0345 2741.88 81.2906 -11.6728 0.1 44.995
15.0449 2742.73 81.1685 -11.6671 0.1 45.0037
15.0554 2743.58 81.0462 -11.661 0.1 44.995
15.0659 2744.43 80.9239 -11.6554 0.1 45.0037
15.0764 2745.28 80.8014 -11.6493 0.1 44.995
15.087 2746.13 80.6788 -11.6437 0.1 45.0037
15.0975 2746.98 80.556 -11.6376 0.1 44.995
15.1081 2747.83 80.4332 -11.632 0.1 45.0037
15.1186 2748.68 80.3102 -11.6259 0.1 44.995
15.1292 2749.53 80.187 -11.6203 0.1 45.0037
15.1398 2750.38 80.0638 -11.6143 0.1 44.995
15.1505 2751.23 79.9404 -11.6087 0.1 45.0037
15.1605 2752.03 79.8242 -11.6032 0.1 45.0037
15.1705 2752.83 79.7078 -11.5977 0.1 45.0037
15.1806 2753.63 79.5914 -11.5923 0.1 45.0037
15.1906 2754.43 79.4748 -11.5868 0.1 45.0038
15.2007 2755.23 79.3581 -11.5813 0.1 45.0038
15.2108 2756.03 79.2413 -11.5759 0.1 45.0038
15.2209 2756.83 79.1244 -11.5704 0.1 45.0038
15.231 2757.63 79.0073 -11.565 0.1 45.0038
15.2411 2758.43 78.8902 -11.5595 0.1 45.0038
15.2513 2759.23 78.7729 -11.5541 0.1 45.0038
15.2614 2760.03 78.6555 -11.5486 0.1 45.0038
15.2716 2760.83 78.538 -11.5432 0.1 45.0038
15.2818 2761.63 78.4203 -11.5378 0.1 45.0038
15.292 2762.43 78.3025 -11.5323 0.1 45.0038
15.3023 2763.23 78.1847 -11.5269 0.1 45.0038
15.3125 2764.03 78.0666 -11.5215 0.1 45.0038
15.3228 2764.83 77.9485 -11.5161 0.1 45.0038
15.333 2765.63 77.8303 -11.5106 0.1 45.0038
15.3433 2766.43 77.7119 -11.5052 0.1 45.0039
15.3536 2767.23 77.5934 -11.4998 0.1 45.0039
15.3639 2768.03 77.4747 -11.4944 0.1 45.0039
15.3743 2768.83 77.356 -11.489 0.1 45.0039
15.3846 2769.63 77.2371 -11.4836 0.1 45.0039
15.395 2770.43 77.1181 -11.4782 0.1 45.0039
15.4054 2771.23 76.999 -11.4729 0.1 45.0039
15.4158 2772.03 76.8797 -11.4675 0.1 45.0039
15.4262 2772.83 76.7603 -11.4621 0.1 45.0039
15.4366 2773.63 76.6408 -11.4567 0.1 45.0039
15.4471 2774.43 76.5211 -11.4513 0.1 45.0039
15.4575 2775.23 76.4013 -11.446 0.1 45.0039
15.468 2776.03 76.2814 -11.4406 0.1 45.0039
15.4785 2776.83 76.1613 -11.4353 0.1 45.0039
15.489 2777.63 76.0412 -11.4299 0.1 45.004
15.4995 2778.43 75.9208 -11.4245 0.1 45.004
15.5101 2779.23 75.8004 -11.4192 0.1 45.004
15.5206 2780.03 75.6798 -11.4138 0.1 45.004
15.5312 2780.83 75.5591 -11.4085 0.1 45.004
15.5418 2781.63 75.4382 -11.4032 0.1 45.004
15.5524 2782.43 75.3172 -11.3978 0.1 45.004
15.5631 2783.23 75.1961 -11.3925 0.1 45.004
15.5737 2784.03 75.0748 -11.3872 0.1 45.004
15.5844 2784.83 74.9534 -11.3819 0.1 45.004
15.5944 2785.58 74.8394 -11.3766 0.1 44.9947
15.6044 2786.33 74.7254 -11.3719 0.1 45.004
15.6145 2787.08 74.6111 -11.3667 0.1 44.9947
15.6245 2787.83 74.4968 -11.3619 0.1 45.004
15.6346 2788.58 74.3824 -11.3567 0.1 44.9946
15.6447 2789.33 74.2678 -11.352 0.1 45.0041
15.6548 2790.08 74.1531 -11.3468 0.1 44.9946
15.6649 2790.83 74.0383 -11.342 0.1 45.0041
15.6751 2791.58 73.9233 -11.3369 0.1 44.9946
15.6852 2792.33 73.8082 -11.3321 0.1 45.0041
15.6954 2793.08 73.693 -11.327 0.1 44.9946
15.7056 2793.83 73.5776 -11.3222 0.1 45.0041
15.7158 2794.58 73.4622 -11.3171 0.1 44.9946
15.726 2795.33 73.3465 -11.3123 0.1 45.0041
15.7362 2796.08 73.2308 -11.3072 0.1 44.9946
15.7465 2796.83 73.1149 -11.3025 0.1 45.0041
15.7567 2797.58 72.9989 -11.2973 0.1 44.9946
15.767 2798.33 72.8828 -11.2926 0.1 45.0042
15.7773 2799.08 72.7665 -11.2874 0.1 44.9945
15.7876 2799.83 72.6501 -11.2827 0.1 45.0042
15.798 2800.58 72.5335 -11.2776 0.1 44.9945
15.8083 2801.33 72.4168 -11.2729 0.1 45.0042
15.8187 2802.08 72.3 -11.2678 0.1 44.9945
15.8291 2802.83 72.1831 -11.2631 0.1 45.0042
15.8395 2803.58 72.066 -11.2579 0.1 44.9945
15.8499 2804.33 71.9487 -11.2533 0.1 45.0042
15.8603 2805.08 71.8314 -11.2481 0.1 44.9945
15.8708 2805.83 71.7138 -11.2435 0.1 45.0042
15.8812 2806.58 71.5962 -11.2383 0.1 44.9945
15.8917 2807.33 71.4784 -11.2337 0.1 45.0042
15.9022 2808.08 71.3604 -11.2286 0.1 44.9944
15.9127 2808.83 71.2423 -11.2239 0.1 45.0043
15.9233 2809.58 71.1241 -11.2188 0.1 44.9944
15.9338 2810.33 71.0057 -11.2141 0.1 45.0043
15.9444 2811.08 70.8872 -11.209 0.1 44.9944
15.955 2811.83 70.7685 -11.2044 0.1 45.0043
15.9656 2812.58 70.6497 -11.1993 0.1 44.9944
15.9762 2813.33 70.5307 -11.1946 0.1 45.0043
15.9869 2814.08 70.4116 -11.1896 0.1 44.9944
15.9975 2814.83 70.2923 -11.1849 0.1 45.0043
16.0082 2815.58 70.1729 -11.1799 0.1 44.9944
16.0189 2816.33 70.0533 -11.1752 0.1 45.0043
16.0289 2817.03 69.9416 -11.1707 0.1 45.0044
16.0389 2817.73 69.8297 -11.1662 0.1 45.0044
16.049 2818.43 69.7177 -11.1616 0.1 45.0044
16.059 2819.13 69.6056 -11.1571 0.1 45.0044
16.0691 2819.83 69.4933 -11.1526 0.1 45.0044
16.0792 2820.53 69.3809 -11.1481 0.1 45.0044
16.0893 2821.23 69.2684 -11.1436 0.1 45.0044
16.0994 2821.93 69.1557 -11.1391 0.1 45.0044
16.1095 2822.63 69.0428 -11.1346 0.1 45.0044
16.1196 2823.33 68.9299 -11.1301 0.1 45.0044
16.1298 2824.03 68.8168 -11.1256 0.1 45.0044
16.14 2824.73 68.7035 -11.1211 0.1 45.0044
16.1502 2825.43 68.5902 -11.1166 0.1 45.0045
16.1604 2826.13 68.4766 -11.1121 0.1 45.0045
16.1706 2826.83 68.363 -11.1076 0.1 45.0045
16.1809 2827.53 68.2492 -11.1031 0.1 45.0045
16.1912 2828.23 68.1352 -11.0986 0.1 45.0045
16.2014 2828.93 68.0211 -11.0942 0.1 45.0045
16.2117 2829.63 67.9068 -11.0897 0.1 45.0045
16.2221 2830.33 67.7925 -11.0852 0.1 45.0045
16.2324 2831.03 67.6779 -11.0807 0.1 45.0045
16.2427 2831.73 67.5632 -11.0763 0.1 45.0045
16.2531 2832.43 67.4484 -11.0718 0.1 45.0045
16.2635 2833.13 67.3334 -11.0673 0.1 45.0045
16.2739 2833.83 67.2183 -11.0629 0.1 45.0046
16.2843 2834.53 67.103 -11.0584 0.1 45.0046
16.2948 2835.23 66.9875 -11.054 0.1 45.0046
16.3052 2835.93 66.872 -11.0495 0.1 45.0046
16.3157 2836.63 66.7562 -11.0451 0.1 45.0046
16.3262 2837.33 66.6403 -11.0406 0.1 45.0046
16.3367 2838.03 66.5243 -11.0362 0.1 45.0046
16.3472 2838.73 66.408 -11.0317 0.1 45.0046
16.3578 2839.43 66.2917 -11.0273 0.1 45.0046
16.3684 2840.13 66.1752 -11.0229 0.1 45.0046
16.379 2840.83 66.0585 -11.0184 0.1 45.0046
16.3896 2841.53 65.9416 -11.014 0.1 45.0047
16.4002 2842.23 65.8246 -11.0096 0.1 45.0047
16.4108 2842.93 65.7075 -11.0051 0.1 45.0047
16.4215 2843.63 65.5901 -11.0007 0.1 45.0047
16.4322 2844.33 65.4726 -10.9963 0.1 45.0047
16.4429 2845.03 65.355 -10.9919 0.1 45.0047
16.4536 2845.73 65.2372 -10.9875 0.1 45.0047
16.4643 2846.43 65.1192 -10.9831 0.1 45.0047
16.4751 2847.13 65.001 -10.9786 0.1 45.0047
16.4851 2847.78 64.8912 -10.9744 0.1 44.994
16.4951 2848.43 64.7812 -10.9705 0.1 45.0048
16.5052 2849.08 64.671 -10.9662 0.1 44.9939
16.5152 2849.73 64.5607 -10.9623 0.1 45.0048
16.5253 2850.38 64.4503 -10.958 0.1 44.9939
16.5354 2851.03 64.3397 -10.9541 0.1 45.0048
16.5455 2851.68 64.2289 -10.9499 0.1 44.9939
16.5557 2852.33 64.118 -10.946 0.1 45.0048
16.5658 2852.98 64.007 -10.9417 0.1 44.9939
16.576 2853.63 63.8958 -10.9378 0.1 45.0048
16.5861 2854.28 63.7844 -10.9336 0.1 44.9939
16.5963 2854.93 63.6729 -10.9297 0.1 45.0048
16.6066 2855.58 63.5613 -10.9255 0.1 44.9938
16.6168 2856.23 63.4495 -10.9216 0.1 45.0049
16.6271 2856.88 63.3375 -10.9173 0.1 44.9938
16.6373 2857.53 63.2254 -10.9135 0.1 45.0049
16.6476 2858.18 63.1131 -10.9092 0.1 44.9938
16.6579 2858.83 63.0006 -10.9054 0.1 45.0049
16.6683 2859.48 62.888 -10.9011 0.1 44.9938
16.6786 2860.13 62.7753 -10.8973 0.1 45.0049
16.689 2860.78 62.6624 -10.893 0.1 44.9938
16.6993 2861.43 62.5493 -10.8892 0.1 45.0049
16.7097 2862.08 62.436 -10.885 0.1 44.9937
16.7202 2862.73 62.3226 -10.8811 0.1 45.005
16.7306 2863.38 62.2091 -10.8769 0.1 44.9937
16.7411 2864.03 62.0953 -10.873 0.1 45.005
16.7515 2864.68 61.9814 -10.8688 0.1 44.9937
16.762 2865.33 61.8673 -10.865 0.1 45.005
16.7726 2865.98 61.7531 -10.8608 0.1 44.9937
16.7831 2866.63 61.6387 -10.8569 0.1 45.005
16.7937 2867.28 61.5241 -10.8527 0.1 44.9937
16.8042 2867.93 61.4094 -10.8489 0.1 45.005
16.8148 2868.58 61.2944 -10.8447 0.1 44.9936
16.8254 2869.23 61.1793 -10.8408 0.1 45.0051
16.8361 2869.88 61.0641 -10.8367 0.1 44.9936
16.8467 2870.53 60.9486 -10.8328 0.1 45.0051
16.8574 2871.18 60.833 -10.8286 0.1 44.9936
16.8681 2871.83 60.7172 -10.8248 0.1 45.0051
16.8788 2872.48 60.6012 -10.8206 0.1 44.9936
16.8896 2873.13 60.4851 -10.8168 0.1 45.0051
16.9003 2873.78 60.3687 -10.8126 0.1 44.9936
16.9111 2874.43 60.2522 -10.8088 0.1 45.0052
16.9219 2875.08 60.1355 -10.8046 0.1 44.9935
16.9327 2875.73 60.0186 -10.8008 0.1 45.0052
16.9427 2876.33 59.9105 -10.7971 0.1 45.0052
16.9527 2876.93 59.8023 -10.7935 0.1 45.0052
16.9628 2877.53 59.694 -10.7898 0.1 45.0052
16.9728 2878.13 59.5854 -10.7861 0.1 45.0052
16.9829 2878.73 59.4767 -10.7824 0.1 45.0052
16.993 2879.33 59.3679 -10.7788 0.1 45.0052
17.0031 2879.93 59.2588 -10.7751 0.1 45.0053
17.0133 2880.53 59.1497 -10.7714 0.1 45.0053
17.0234 2881.13 59.0403 -10.7677 0.1 45.0053
17.0336 2881.73 58.9308 -10.7641 0.1 45.0053
17.0438 2882.33 58.8211 -10.7604 0.1 45.0053
17.054 2882.93 58.7112 -10.7568 0.1 45.0053
17.0642 2883.53 58.6012 -10.7531 0.1 45.0053
17.0745 2884.13 58.491 -10.7494 0.1 45.0053
17.0848 2884.73 58.3807 -10.7458 0.1 45.0053
17.095 2885.33 58.2702 -10.7421 0.1 45.0054
17.1053 2885.93 58.1594 -10.7385 0.1 45.0054
17.1157 2886.53 58.0486 -10.7348 0.1 45.0054
17.126 2887.13 57.9375 -10.7312 0.1 45.0054
17.1364 2887.73 57.8263 -10.7275 0.1 45.0054
17.1468 2888.33 57.7149 -10.7239 0.1 45.0054
17.1572 2888.93 57.6033 -10.7202 0.1 45.0054
17.1676 2889.53 57.4916 -10.7166 0.1 45.0054
17.1781 2890.13 57.3796 -10.713 0.1 45.0054
17.1885 2890.73 57.2675 -10.7093 0.1 45.0055
17.199 2891.33 57.1552 -10.7057 0.1 45.0055
17.2095 2891.93 57.0427 -10.7021 0.1 45.0055
17.2201 2892.53 56.93 -10.6984 0.1 45.0055
17.2306 2893.13 56.8172 -10.6948 0.1 45.0055
17.2412 2893.73 56.7041 -10.6912 0.1 45.0055
17.2518 2894.33 56.5909 -10.6876 0.1 45.0055
17.2624 2894.93 56.4775 -10.6839 0.1 45.0055
17.273 2895.53 56.3639 -10.6803 0.1 45.0056
17.2837 2896.13 56.2501 -10.6767 0.1 45.0056
17.2944 2896.73 56.1361 -10.6731 0.1 45.0056
17.3051 2897.33 56.0219 -10.6695 0.1 45.0056
17.3158 2897.93 55.9076 -10.6658 0.1 45.0056
17.3265 2898.53 55.793 -10.6622 0.1 45.0056
17.3373 2899.13 55.6782 -10.6586 0.1 45.0056
17.3481 2899.73 55.5633 -10.655 0.1 45.0056
17.3589 2900.33 55.4481 -10.6514 0.1 45.0057
17.3697 2900.93 55.3327 -10.6478 0.1 45.0057
17.3806 2901.53 55.2172 -10.6442 0.1 45.0057
17.3914 2902.13 55.1014 -10.6406 0.1 45.0057
17.4024 2902.73 54.9854 -10.637 0.1 45.0057
17.4124 2903.28 54.8789 -10.6335 0.1 44.993
17.4224 2903.83 54.7723 -10.6304 0.1 45.0057
17.4324 2904.38 54.6654 -10.627 0.1 44.9929
17.4425 2904.93 54.5584 -10.6238 0.1 45.0058
17.4526 2905.48 54.4512 -10.6204 0.1 44.9929
17.4627 2906.03 54.3438 -10.6172 0.1 45.0058
17.4729 2906.58 54.2363 -10.6138 0.1 44.9929
17.483 2907.13 54.1285 -10.6107 0.1 45.0058
17.4932 2907.68 54.0206 -10.6072 0.1 44.9929
17.5034 2908.23 53.9125 -10.6041 0.1 45.0058
17.5136 2908.78 53.8043 -10.6007 0.1 44.9928
17.5238 2909.33 53.6958 -10.5975 0.1 45.0059
17.5341 2909.88 53.5871 -10.5941 0.1 44.9928
17.5443 2910.43 53.4783 -10.591 0.1 45.0059
17.5546 2910.98 53.3693 -10.5876 0.1 44.9928
17.565 2911.53 53.2601 -10.5844 0.1 45.0059
17.5753 2912.08 53.1507 -10.581 0.1 44.9928
17.5857 2912.63 53.0411 -10.5779 0.1 45.0059
17.596 2913.18 52.9313 -10.5745 0.1 44.9927
17.6064 2913.73 52.8213 -10.5714 0.1 45.006
17.6169 2914.28 52.7111 -10.5679 0.1 44.9927
17.6273 2914.83 52.6007 -10.5648 0.1 45.006
17.6378 2915.38 52.4902 -10.5614 0.1 44.9927
17.6483 2915.93 52.3794 -10.5583 0.1 45.006
17.6588 2916.48 52.2684 -10.5549 0.1 44.9927
17.6693 2917.03 52.1572 -10.5518 0.1 45.0061
17.6799 2917.58 52.0459 -10.5484 0.1 44.9926
17.6905 2918.13 51.9343 -10.5453 0.1 45.0061
17.7011 2918.68 51.8225 -10.5419 0.1 44.9926
17.7117 2919.23 51.7105 -10.5388 0.1 45.0061
17.7223 2919.78 51.5983 -10.5354 0.1 44.9926
17.733 2920.33 51.4859 -10.5323 0.1 45.0061
17.7437 2920.88 51.3732 -10.5289 0.1 44.9925
17.7544 2921.43 51.2604 -10.5258 0.1 45.0062
17.7652 2921.98 51.1473 -10.5224 0.1 44.9925
17.7759 2922.53 51.0341 -10.5193 0.1 45.0062
17.7867 2923.08 50.9206 -10.5159 0.1 44.9925
17.7975 2923.63 50.8069 -10.5128 0.1 45.0062
17.8084 2924.18 50.693 -10.5094 0.1 44.9924
17.8192 2924.73 50.5788 -10.5063 0.1 45.0063
17.8301 2925.28 50.4645 -10.503 0.1 44.9924
17.841 2925.83 50.3499 -10.4999 0.1 45.0063
17.852 2926.38 50.235 -10.4965 0.1 44.9924
17.8629 2926.93 50.12 -10.4934 0.1 45.0063
17.8739 2927.48 50.0047 -10.49 0.1 44.9924
17.8839 2927.98 49.8997 -10.4871 0.1 44.9923
17.894 2928.48 49.7945 -10.4842 0.1 44.9923
17.904 2928.98 49.6892 -10.4812 0.1 44.9923
17.9141 2929.48 49.5836 -10.4783 0.1 44.9923
17.9242 2929.98 49.4778 -10.4754 0.1 44.9923
17.9343 2930.48 49.3718 -10.4725 0.1 44.9923
17.9444 2930.98 49.2657 -10.4695 0.1 44.9922
17.9546 2931.48 49.1593 -10.4666 0.1 44.9922
17.9648 2931.98 49.0527 -10.4637 0.1 44.9922
17.975 2932.48 48.946 -10.4608 0.1 44.9922
17.9852 2932.98 48.839 -10.4578 0.1 44.9922
17.9955 2933.48 48.7318 -10.4549 0.1 44.9922
18.0057 2933.98 48.6244 -10.452 0.1 44.9922
18.016 2934.48 48.5168 -10.4491 0.1 44.9921
18.0264 2934.98 48.409 -10.4462 0.1 44.9921
18.0367 2935.48 48.301 -10.4432 0.1 44.9921
18.0471 2935.98 48.1928 -10.4403 0.1 44.9921
18.0575 2936.48 48.0844 -10.4374 0.1 44.9921
18.0679 2936.98 47.9757 -10.4345 0.1 44.9921
18.0783 2937.48 47.8668 -10.4316 0.1 44.992
18.0888 2937.98 47.7578 -10.4287 0.1 44.992
18.0992 2938.48 47.6485 -10.4258 0.1 44.992
18.1097 2938.98 47.5389 -10.4229 0.1 44.992
18.1203 2939.48 47.4292 -10.42 0.1 44.992
18.1308 2939.98 47.3192 -10.4171 0.1 44.992
18.1414 2940.48 47.209 -10.4142 0.1 44.9919
18.152 2940.98 47.0986 -10.4113 0.1 44.9919
18.1626 2941.48 46.9879 -10.4084 0.1 44.9919
18.1733 2941.98 46.8771 -10.4055 0.1 44.9919
18.184 2942.48 46.7659 -10.4026 0.1 44.9919
18.1947 2942.98 46.6546 -10.3997 0.1 44.9918
18.2054 2943.48 46.543 -10.3968 0.1 44.9918
18.2162 2943.98 46.4312 -10.3939 0.1 44.9918
18.227 2944.48 46.3191 -10.391 0.1 44.9918
18.2378 2944.98 46.2068 -10.3881 0.1 44.9918
18.2486 2945.48 46.0943 -10.3852 0.1 44.9918
18.2595 2945.98 45.9815 -10.3823 0.1 44.9917
18.2704 2946.48 45.8685 -10.3794 0.1 44.9917
18.2813 2946.98 45.7552 -10.3766 0.1 44.9917
18.2922 2947.48 45.6416 -10.3737 0.1 44.9917
18.3032 2947.98 45.5279 -10.3708 0.1 44.9917
18.3142 2948.48 45.4138 -10.3679 0.1 44.9916
18.3252 2948.98 45.2995 -10.365 0.1 44.9916
18.3363 2949.48 45.185 -10.3621 0.1 44.9916
18.3473 2949.98 45.0702 -10.3593 0.1 44.9916
18.3584 2950.48 44.9551 -10.3564 0.1 44.9916
18.3685 2950.93 44.8513 -10.3539 0.1 45.0072
18.3785 2951.38 44.7473 -10.3512 0.1 44.9915
18.3886 2951.83 44.6431 -10.3488 0.1 45.0072
18.3987 2952.28 44.5387 -10.346 0.1 44.9915
18.4088 2952.73 44.434 -10.3436 0.1 45.0072
18.4189 2953.18 44.3291 -10.3409 0.1 44.9915
18.4291 2953.63 44.224 -10.3384 0.1 45.0073
18.4393 2954.08 44.1187 -10.3357 0.1 44.9914
18.4495 2954.53 44.0132 -10.3333 0.1 45.0073
18.4597 2954.98 43.9074 -10.3305 0.1 44.9914
18.47 2955.43 43.8014 -10.3281 0.1 45.0073
18.4803 2955.88 43.6952 -10.3254 0.1 44.9913
18.4906 2956.33 43.5887 -10.3229 0.1 45.0074
18.5009 2956.78 43.482 -10.3202 0.1 44.9913
18.5113 2957.23 43.3751 -10.3178 0.1 45.0074
18.5217 2957.68 43.2679 -10.3151 0.1 44.9913
18.5321 2958.13 43.1605 -10.3126 0.1 45.0075
18.5425 2958.58 43.0528 -10.3099 0.1 44.9912
18.553 2959.03 42.9449 -10.3075 0.1 45.0075
18.5635 2959.48 42.8368 -10.3048 0.1 44.9912
18.574 2959.93 42.7284 -10.3024 0.1 45.0075
18.5846 2960.38 42.6197 -10.2997 0.1 44.9911
18.5951 2960.83 42.5108 -10.2972 0.1 45.0076
18.6057 2961.28 42.4017 -10.2945 0.1 44.9911
18.6164 2961.73 42.2923 -10.2921 0.1 45.0076
18.627 2962.18 42.1827 -10.2894 0.1 44.9911
18.6377 2962.63 42.0727 -10.287 0.1 45.0077
18.6484 2963.08 41.9626 -10.2843 0.1 44.991
18.6592 2963.53 41.8521 -10.2818 0.1 45.0077
18.6699 2963.98 41.7414 -10.2791 0.1 44.991
18.6807 2964.43 41.6305 -10.2767 0.1 45.0078
18.6916 2964.88 41.5192 -10.274 0.1 44.9909
18.7024 2965.33 41.4077 -10.2716 0.1 45.0078
18.7133 2965.78 41.296 -10.2689 0.1 44.9909
18.7242 2966.23 41.1839 -10.2665 0.1 45.0078
18.7352 2966.68 41.0716 -10.2638 0.1 44.9908
18.7461 2967.13 40.959 -10.2614 0.1 45.0079
18.7571 2967.58 40.8461 -10.2587 0.1 44.9908
18.7682 2968.03 40.7329 -10.2563 0.1 45.0079
18.7792 2968.48 40.6194 -10.2536 0.1 44.9907
18.7903 2968.93 40.5057 -10.2512 0.1 45.008
18.8015 2969.38 40.3916 -10.2485 0.1 44.9907
18.8126 2969.83 40.2773 -10.2461 0.1 45.008
18.8238 2970.28 40.1626 -10.2434 0.1 44.9906
18.835 2970.73 40.0477 -10.241 0.1 45.0081
18.845 2971.13 39.9453 -10.2387 0.1 45.0081
18.8551 2971.53 39.8426 -10.2364 0.1 45.0081
18.8651 2971.93 39.7397 -10.2342 0.1 45.0082
18.8752 2972.33 39.6366 -10.2319 0.1 45.0082
18.8853 2972.73 39.5332 -10.2297 0.1 45.0082
18.8954 2973.13 39.4295 -10.2274 0.1 45.0082
18.9056 2973.53 39.3256 -10.2251 0.1 45.0082
18.9158 2973.93 39.2215 -10.2229 0.1 45.0083
18.926 2974.33 39.1171 -10.2206 0.1 45.0083
18.9362 2974.73 39.0124 -10.2184 0.1 45.0083
18.9465 2975.13 38.9075 -10.2161 0.1 45.0083
18.9568 2975.53 38.8023 -10.2138 0.1 45.0084
18.9671 2975.93 38.6969 -10.2116 0.1 45.0084
18.9775 2976.33 38.5912 -10.2093 0.1 45.0084
18.9879 2976.73 38.4852 -10.2071 0.1 45.0084
18.9983 2977.13 38.379 -10.2048 0.1 45.0085
19.0087 2977.53 38.2725 -10.2026 0.1 45.0085
19.0192 2977.93 38.1657 -10.2003 0.1 45.0085
19.0297 2978.33 38.0586 -10.1981 0.1 45.0085
19.0402 2978.73 37.9513 -10.1958 0.1 45.0086
19.0507 2979.13 37.8437 -10.1936 0.1 45.0086
19.0613 2979.53 37.7358 -10.1913 0.1 45.0086
19.072 2979.93 37.6276 -10.1891 0.1 45.0087
19.0826 2980.33 37.5191 -10.1868 0.1 45.0087
19.0933 2980.73 37.4103 -10.1846 0.1 45.0087
19.104 2981.13 37.3013 -10.1823 0.1 45.0087
19.1147 2981.53 37.1919 -10.1801 0.1 45.0088
19.1255 2981.93 37.0823 -10.1779 0.1 45.0088
19.1363 2982.33 36.9723 -10.1756 0.1 45.0088
19.1471 2982.73 36.862 -10.1734 0.1 45.0088
19.158 2983.13 36.7515 -10.1711 0.1 45.0089
19.1689 2983.53 36.6406 -10.1689 0.1 45.0089
19.1799 2983.93 36.5294 -10.1666 0.1 45.0089
19.1908 2984.33 36.4179 -10.1644 0.1 45.009
19.2018 2984.73 36.3061 -10.1622 0.1 45.009
19.2129 2985.13 36.1939 -10.1599 0.1 45.009
19.2239 2985.53 36.0815 -10.1577 0.1 45.009
19.235 2985.93 35.9687 -10.1554 0.1 45.0091
19.2462 2986.33 35.8556 -10.1532 0.1 45.0091
19.2574 2986.73 35.7421 -10.151 0.1 45.0091
19.2686 2987.13 35.6283 -10.1487 0.1 45.0092
19.2798 2987.53 35.5142 -10.1465 0.1 45.0092
19.2911 2987.93 35.3997 -10.1443 0.1 45.0092
19.3024 2988.33 35.2849 -10.142 0.1 45.0093
19.3138 2988.73 35.1697 -10.1398 0.1 45.0093
19.3252 2989.13 35.0542 -10.1376 0.1 45.0093
19.3352 2989.48 34.9528 -10.1355 0.1 44.9893
19.3452 2989.83 34.8512 -10.1337 0.1 45.0094
19.3553 2990.18 34.7493 -10.1316 0.1 44.9893
19.3653 2990.53 34.647 -10.1298 0.1 45.0095
19.3755 2990.88 34.5446 -10.1277 0.1 44.9892
19.3856 2991.23 34.4418 -10.1259 0.1 45.0095
19.3958 2991.58 34.3387 -10.1238 0.1 44.9892
19.406 2991.93 34.2354 -10.122 0.1 45.0096
19.4162 2992.28 34.1317 -10.1199 0.1 44.9891
19.4265 2992.63 34.0278 -10.1181 0.1 45.0096
19.4368 2992.98 33.9235 -10.116 0.1 44.989
19.4472 2993.33 33.819 -10.1142 0.1 45.0097
19.4575 2993.68 33.7141 -10.1121 0.1 44.989
19.4679 2994.03 33.609 -10.1103 0.1 45.0098
19.4784 2994.38 33.5035 -10.1082 0.1 44.9889
19.4888 2994.73 33.3977 -10.1064 0.1 45.0098
19.4993 2995.08 33.2916 -10.1043 0.1 44.9888
19.5099 2995.43 33.1852 -10.1025 0.1 45.0099
19.5204 2995.78 33.0785 -10.1004 0.1 44.9888
19.531 2996.13 32.9714 -10.0986 0.1 45.01
19.5417 2996.48 32.8641 -10.0965 0.1 44.9887
19.5523 2996.83 32.7563 -10.0947 0.1 45.01
19.563 2997.18 32.6483 -10.0927 0.1 44.9886
19.5738 2997.53 32.5399 -10.0908 0.1 45.0101
19.5845 2997.88 32.4312 -10.0888 0.1 44.9886
19.5954 2998.23 32.3221 -10.0869 0.1 45.0102
19.6062 2998.58 32.2127 -10.0849 0.1 44.9885
19.6171 2998.93 32.1029 -10.083 0.1 45.0103
19.628 2999.28 31.9928 -10.081 0.1 44.9884
19.639 2999.63 31.8823 -10.0792 0.1 45.0103
19.65 2999.98 31.7714 -10.0771 0.1 44.9883
19.661 3000.33 31.6602 -10.0753 0.1 45.0104
19.6721 3000.68 31.5486 -10.0733 0.1 44.9883
19.6832 3001.03 31.4366 -10.0714 0.1 45.0105
19.6944 3001.38 31.3243 -10.0694 0.1 44.9882
19.7056 3001.73 31.2115 -10.0675 0.1 45.0106
19.7168 3002.08 31.0984 -10.0655 0.1 44.9881
19.7281 3002.43 30.9849 -10.0636 0.1 45.0106
19.7394 3002.78 30.871 -10.0616 0.1 44.988
19.7508 3003.13 30.7567 -10.0598 0.1 45.0107
19.7622 3003.48 30.642 -10.0577 0.1 44.9879
19.7736 3003.83 30.5269 -10.0559 0.1 45.0108
19.7851 3004.18 30.4114 -10.0539 0.1 44.9878
19.7966 3004.53 30.2954 -10.052 0.1 45.0109
19.8082 3004.88 30.179 -10.05 0.1 44.9878
19.8198 3005.23 30.0622 -10.0482 0.1 45.011
19.8315 3005.58 29.945 -10.0461 0.1 44.9877
19.8415 3005.88 29.8442 -10.0445 0.1 44.9876
19.8516 3006.18 29.743 -10.0428 0.1 44.9876
19.8617 3006.48 29.6415 -10.0412 0.1 44.9875
19.8719 3006.78 29.5397 -10.0395 0.1 44.9875
19.882 3007.08 29.4375 -10.0378 0.1 44.9875
19.8923 3007.38 29.335 -10.0362 0.1 44.9874
19.9025 3007.68 29.2322 -10.0345 0.1 44.9874
19.9128 3007.98 29.129 -10.0329 0.1 44.9873
19.9231 3008.28 29.0255 -10.0312 0.1 44.9873
19.9335 3008.58 28.9216 -10.0296 0.1 44.9873
19.9439 3008.88 28.8174 -10.0279 0.1 44.9872
19.9543 3009.18 28.7128 -10.0262 0.1 44.9872
19.9648 3009.48 28.6078 -10.0246 0.1 44.9871
19.9753 3009.78 28.5024 -10.0229 0.1 44.9871
19.9858 3010.08 28.3967 -10.0213 0.1 44.987
19.9964 3010.38 28.2906 -10.0196 0.1 44.987
20.007 3010.68 28.1842 -10.018 0.1 44.9869
20.0177 3010.98 28.0773 -10.0163 0.1 44.9869
20.0284 3011.28 27.97 -10.0147 0.1 44.9868
20.0392 3011.58 27.8624 -10.013 0.1 44.9868
20.05 3011.88 27.7544 -10.0113 0.1 44.9867
20.0608 3012.18 27.6459 -10.0097 0.1 44.9867
20.0717 3012.48 27.537 -10.008 0.1 44.9866
20.0826 3012.78 27.4278 -10.0064 0.1 44.9866
20.0935 3013.08 27.3181 -10.0047 0.1 44.9865
20.1046 3013.38 27.208 -10.0031 0.1 44.9865
20.1156 3013.68 27.0974 -10.0014 0.1 44.9864
20.1267 3013.98 26.9864 -9.99976 0.1 44.9864
20.1378 3014.28 26.875 -9.9981 0.1 44.9863
20.149 3014.58 26.7631 -9.99645 0.1 44.9863
20.1603 3014.88 26.6508 -9.99479 0.1 44.9862
20.1716 3015.18 26.538 -9.99314 0.1 44.9862
20.1829 3015.48 26.4248 -9.99148 0.1 44.9861
20.1943 3015.78 26.3111 -9.98983 0.1 44.9861
20.2057 3016.08 26.1969 -9.98817 0.1 44.986
20.2172 3016.38 26.0822 -9.98652 0.1 44.9859
20.2287 3016.68 25.9671 -9.98486 0.1 44.9859
20.2403 3016.98 25.8514 -9.98321 0.1 44.9858
20.2519 3017.28 25.7353 -9.98155 0.1 44.9858
20.2636 3017.58 25.6186 -9.97989 0.1 44.9857
20.2754 3017.88 25.5015 -9.97824 0.1 44.9856
20.2872 3018.18 25.3838 -9.97658 0.1 44.9856
20.299 3018.48 25.2656 -9.97492 0.1 44.9855
20.3109 3018.78 25.1468 -9.97327 0.1 44.9854
20.3229 3019.08 25.0275 -9.97161 0.1 44.9854
20.3329 3019.33 24.9277 -9.9703 0.1 45.0134
20.3429 3019.58 24.8275 -9.96885 0.1 44.9853
20.353 3019.83 24.7268 -9.96754 0.1 45.0135
20.3632 3020.08 24.6258 -9.96608 0.1 44.9851
20.3734 3020.33 24.5244 -9.96477 0.1 45.0136
20.3836 3020.58 24.4226 -9.96332 0.1 44.985
20.3938 3020.83 24.3203 -9.96201 0.1 45.0137
20.4041 3021.08 24.2177 -9.96055 0.1 44.9849
20.4145 3021.33 24.1146 -9.95924 0.1 45.0139
20.4249 3021.58 24.0111 -9.95779 0.1 44.9848
20.4353 3021.83 23.9072 -9.95647 0.1 45.014
20.4458 3022.08 23.8028 -9.95502 0.1 44.9847
20.4563 3022.33 23.698 -9.9537 0.1 45.0141
20.4669 3022.58 23.5927 -9.95225 0.1 44.9845
20.4775 3022.83 23.4869 -9.95093 0.1 45.0142
20.4882 3023.08 23.3807 -9.94948 0.1 44.9844
20.4989 3023.33 23.2741 -9.94816 0.1 45.0144
20.5097 3023.58 23.1669 -9.94671 0.1 44.9842
20.5205 3023.83 23.0593 -9.94539 0.1 45.0145
20.5314 3024.08 22.9512 -9.94393 0.1 44.9841
20.5423 3024.33 22.8426 -9.94261 0.1 45.0147
20.5533 3024.58 22.7334 -9.94116 0.1 44.984
20.5643 3024.83 22.6238 -9.93983 0.1 45.0148
20.5754 3025.08 22.5137 -9.93838 0.1 44.9838
20.5865 3025.33 22.403 -9.93705 0.1 45.015
20.5977 3025.58 22.2918 -9.9356 0.1 44.9837
20.609 3025.83 22.18 -9.93427 0.1 45.0151
20.6203 3026.08 22.0677 -9.93281 0.1 44.9835
20.6317 3026.33 21.9549 -9.93148 0.1 45.0153
20.6431 3026.58 21.8414 -9.93003 0.1 44.9833
20.6546 3026.83 21.7274 -9.92869 0.1 45.0155
20.6661 3027.08 21.6128 -9.92724 0.1 44.9832
20.6777 3027.33 21.4976 -9.9259 0.1 45.0156
20.6894 3027.58 21.3818 -9.92444 0.1 44.983
20.7011 3027.83 21.2654 -9.92311 0.1 45.0158
20.7129 3028.08 21.1484 -9.92165 0.1 44.9828
20.7248 3028.33 21.0307 -9.92031 0.1 45.016
20.7367 3028.58 20.9124 -9.91885 0.1 44.9826
20.7487 3028.83 20.7934 -9.9175 0.1 45.0162
20.7608 3029.08 20.6738 -9.91604 0.1 44.9824
20.7729 3029.33 20.5535 -9.9147 0.1 45.0164
20.7851 3029.58 20.4325 -9.91323 0.1 44.9822
20.7974 3029.83 20.3107 -9.91188 0.1 45.0166
20.8097 3030.08 20.1883 -9.91042 0.1 44.982
20.8222 3030.33 20.0651 -9.90906 0.1 45.0168
20.8347 3030.58 19.9412 -9.9076 0.1 44.9818
20.8447 3030.78 19.8416 -9.90647 0.1 44.9817
20.8548 3030.98 19.7414 -9.90533 0.1 44.9816
20.865 3031.18 19.6407 -9.9042 0.1 44.9815
20.8752 3031.38 19.5396 -9.90307 0.1 44.9814
20.8855 3031.58 19.4379 -9.90193 0.1 44.9814
20.8958 3031.78 19.3357 -9.9008 0.1 44.9813
20.9062 3031.98 19.2329 -9.89966 0.1 44.9812
20.9166 3032.18 19.1296 -9.89852 0.1 44.9811
20.9271 3032.38 19.0258 -9.89738 0.1 44.981
20.9377 3032.58 18.9214 -9.89624 0.1 44.9809
20.9483 3032.78 18.8164 -9.8951 0.1 44.9808
20.9589 3032.98 18.7109 -9.89396 0.1 44.9807
20.9697 3033.18 18.6048 -9.89281 0.1 44.9806
20.9804 3033.38 18.4981 -9.89166 0.1 44.9804
20.9913 3033.58 18.3907 -9.89052 0.1 44.9803
21.0022 3033.78 18.2828 -9.88936 0.1 44.9802
21.0132 3033.98 18.1742 -9.88821 0.1 44.9801
21.0242 3034.18 18.065 -9.88706 0.1 44.98
21.0354 3034.38 17.9551 -9.8859 0.1 44.9799
21.0465 3034.58 17.8446 -9.88474 0.1 44.9798
21.0578 3034.78 17.7334 -9.88358 0.1 44.9796
21.0691 3034.98 17.6215 -9.88242 0.1 44.9795
21.0805 3035.18 17.5089 -9.88126 0.1 44.9794
21.092 3035.38 17.3955 -9.88009 0.1 44.9792
21.1035 3035.58 17.2815 -9.87892 0.1 44.9791
21.1151 3035.78 17.1667 -9.87775 0.1 44.979
21.1268 3035.98 17.0511 -9.87657 0.1 44.9788
21.1386 3036.18 16.9348 -9.87539 0.1 44.9787
21.1505 3036.38 16.8177 -9.87421 0.1 44.9786
21.1624 3036.58 16.6997 -9.87303 0.1 44.9784
21.1745 3036.78 16.581 -9.87184 0.1 44.9783
21.1866 3036.98 16.4614 -9.87065 0.1 44.9781
21.1988 3037.18 16.3409 -9.86946 0.1 44.978
21.2111 3037.38 16.2195 -9.86826 0.1 44.9778
21.2235 3037.58 16.0973 -9.86706 0.1 44.9776
21.2359 3037.78 15.9741 -9.86585 0.1 44.9775
21.2485 3037.98 15.85 -9.86464 0.1 44.9773
21.2612 3038.18 15.7249 -9.86343 0.1 44.9771
21.274 3038.38 15.5989 -9.86221 0.1 44.9769
21.2869 3038.58 15.4718 -9.86098 0.1 44.9768
21.2999 3038.78 15.3436 -9.85976 0.1 44.9766
21.313 3038.98 15.2145 -9.85852 0.1 44.9764
21.3262 3039.18 15.0842 -9.85728 0.1 44.9762
21.3395 3039.38 14.9528 -9.85603 0.1 44.976
21.3496 3039.53 14.8535 -9.85514 0.1 45.0229
21.3597 3039.68 14.7535 -9.85415 0.1 44.9757
21.37 3039.83 14.6529 -9.85324 0.1 45.0232
21.3802 3039.98 14.5515 -9.85225 0.1 44.9753
21.3906 3040.13 14.4495 -9.85134 0.1 45.0235
21.401 3040.28 14.3468 -9.85034 0.1 44.975
21.4115 3040.43 14.2433 -9.84941 0.1 45.0239
21.4221 3040.58 14.139 -9.8484 0.1 44.9746
21.4328 3040.73 14.0341 -9.84747 0.1 45.0243
21.4435 3040.88 13.9283 -9.84645 0.1 44.9743
21.4543 3041.03 13.8217 -9.8455 0.1 45.0246
21.4653 3041.18 13.7143 -9.84447 0.1 44.9739
21.4762 3041.33 13.6061 -9.84351 0.1 45.025
21.4873 3041.48 13.497 -9.84247 0.1 44.9735
21.4985 3041.63 13.387 -9.8415 0.1 45.0255
21.5098 3041.78 13.2761 -9.84044 0.1 44.973
21.5211 3041.93 13.1643 -9.83945 0.1 45.0259
21.5326 3042.08 13.0516 -9.83838 0.1 44.9726
21.5442 3042.23 12.9378 -9.83738 0.1 45.0264
21.5558 3042.38 12.8231 -9.83629 0.1 44.9721
21.5676 3042.53 12.7074 -9.83527 0.1 45.0269
21.5795 3042.68 12.5906 -9.83416 0.1 44.9716
21.5915 3042.83 12.4727 -9.83312 0.1 45.0274
21.6036 3042.98 12.3537 -9.83199 0.1 44.9711
21.6158 3043.13 12.2335 -9.83092 0.1 45.0279
21.6281 3043.28 12.1122 -9.82977 0.1 44.9705
21.6406 3043.43 11.9896 -9.82868 0.1 45.0285
21.6532 3043.58 11.8658 -9.8275 0.1 44.9699
21.6659 3043.73 11.7407 -9.82638 0.1 45.0291
21.6788 3043.88 11.6143 -9.82518 0.1 44.9693
21.6918 3044.03 11.4865 -9.82402 0.1 45.0298
21.705 3044.18 11.3572 -9.82278 0.1 44.9686
21.7183 3044.33 11.2265 -9.82159 0.1 45.0305
21.7317 3044.48 11.0942 -9.82031 0.1 44.9679
21.7454 3044.63 10.9604 -9.81907 0.1 45.0312
21.7592 3044.78 10.8249 -9.81775 0.1 44.9671
21.7731 3044.93 10.6877 -9.81646 0.1 45.032
21.7873 3045.08 10.5487 -9.81509 0.1 44.9662
21.8016 3045.23 10.4079 -9.81374 0.1 45.0329
21.8162 3045.38 10.2652 -9.8123 0.1 44.9653
21.8309 3045.53 10.1205 -9.81089 0.1 45.0339
21.8459 3045.68 9.97367 -9.80938 0.1 44.9643
21.856 3045.78 9.87458 -9.80837 0.1 44.964
21.8662 3045.88 9.7745 -9.80734 0.1 44.9636
21.8765 3045.98 9.67339 -9.80629 0.1 44.9633
21.8869 3046.08 9.57121 -9.80522 0.1 44.9629
21.8975 3046.18 9.46794 -9.80412 0.1 44.9625
21.9081 3046.28 9.36353 -9.803 0.1 44.9621
21.9189 3046.38 9.25796 -9.80185 0.1 44.9617
21.9298 3046.48 9.15117 -9.80067 0.1 44.9612
21.9408 3046.58 9.04312 -9.79946 0.1 44.9608
21.952 3046.68 8.93378 -9.79822 0.1 44.9603
21.9633 3046.78 8.82308 -9.79694 0.1 44.9598
21.9747 3046.88 8.71099 -9.79562 0.1 44.9593
21.9863 3046.98 8.59744 -9.79427 0.1 44.9588
21.9981 3047.08 8.48238 -9.79286 0.1 44.9582
22.01 3047.18 8.36574 -9.79141 0.1 44.9577
22.0221 3047.28 8.24745 -9.7899 0.1 44.9571
22.0343 3047.38 8.12746 -9.78834 0.1 44.9564
22.0468 3047.48 8.00567 -9.78672 0.1 44.9558
22.0594 3047.58 7.882 -9.78502 0.1 44.9551
22.0722 3047.68 7.75637 -9.78325 0.1 44.9544
22.0853 3047.78 7.62868 -9.7814 0.1 44.9537
22.0986 3047.88 7.49882 -9.77945 0.1 44.9529
22.1121 3047.98 7.36669 -9.7774 0.1 44.9521
22.1258 3048.08 7.23214 -9.77524 0.1 44.9512
22.1399 3048.18 7.09505 -9.77296 0.1 44.9503
22.1542 3048.28 6.95527 -9.77053 0.1 44.9493
22.1688 3048.38 6.81262 -9.76794 0.1 44.9482
22.1837 3048.48 6.66694 -9.76518 0.1 44.9471
22.1989 3048.58 6.518 -9.76221 0.1 44.946
22.2146 3048.68 6.36559 -9.759 0.1 44.9447
22.2306 3048.78 6.20945 -9.75553 0.1 44.9433
22.247 3048.88 6.04929 -9.75174 0.1 44.9419
22.2639 3048.98 5.88478 -9.74759 0.1 44.9403
22.2812 3049.08 5.71555 -9.74301 0.1 44.9386
22.2991 3049.18 5.54116 -9.73792 0.1 44.9367
22.3176 3049.28 5.36111 -9.73222 0.1 44.9346
22.3368 3049.38 5.17481 -9.72577 0.1 44.9323
22.3567 3049.48 4.98156 -9.71841 0.1 44.9298
22.3669 3049.53 4.88207 -9.71432 0.1 45.0703
22.3774 3049.58 4.78051 -9.70989 0.1 44.9269
22.3881 3049.63 4.67675 -9.70512 0.1 45.0733
22.399 3049.68 4.57064 -9.69991 0.1 44.9237
22.4102 3049.73 4.46201 -9.69425 0.1 45.0768
22.4217 3049.78 4.35067 -9.68801 0.1 44.9199
22.4335 3049.83 4.23641 -9.68117 0.1 45.0808
22.4456 3049.88 4.11898 -9.67356 0.1 44.9156
22.4581 3049.93 3.99811 -9.6651 0.1 45.0856
22.4711 3049.98 3.87348 -9.65558 0.1 44.9105
22.4844 3050.03 3.7447 -9.64483 0.1 45.0912
22.4983 3050.08 3.61133 -9.63254 0.1 44.9043
22.5126 3050.13 3.47285 -9.61838 0.1 45.0981
22.5277 3050.18 3.32862 -9.60185 0.1 44.8965
22.5434 3050.23 3.17785 -9.58232 0.1 45.1068
22.56 3050.28 3.01957 -9.55882 0.1 44.8865
22.5775 3050.33 2.85253 -9.53005 0.1 45.1184
22.5962 3050.38 2.67507 -9.49393 0.1 44.873
22.6163 3050.43 2.48499 -9.44724 0.1 45.1346
22.6382 3050.48 2.27911 -9.38444 0.1 44.853
22.6626 3050.53 2.05269 -9.29539 0.1 45.1601
22.6904 3050.58 1.79798 -9.15904 0.1 44.8191
22.7237 3050.63 1.50067 -8.92353 0.1 45.2084
22.7681 3050.68 1.12751 -8.41478 0.1 44.7419
22.8608 3050.73 0.539049 -6.34416 0.1 45.3628
22.9536 3050.79 0 -0 0.1 44.0642
