Simulation created and run on: 
Fri Mar 10 13:05:02 2023


Time (s), Height (m), Velocity (m/s), Acceleration (m/s^2), Deployment Angle (degrees)
3.6 719.88 304.08 -9.80665 0.1 0
3.61004 722.93 303.765 -31.3564 0.1 0.138193
3.62008 725.98 303.45 -31.304 0.1 0.278834
3.63014 729.03 303.136 -31.252 0.1 0.419621
3.6402 732.08 302.821 -31.2004 0.1 0.560554
3.65028 735.13 302.507 -31.1491 0.1 0.701633
3.66037 738.18 302.193 -31.0983 0.1 0.842859
3.67047 741.23 301.88 -31.0478 0.1 0.984231
3.68058 744.28 301.566 -30.9977 0.1 1.12575
3.6907 747.33 301.253 -30.948 0.1 1.26742
3.70083 750.38 300.939 -30.8987 0.1 1.40923
3.71097 753.43 300.626 -30.8498 0.1 1.55119
3.72112 756.48 300.313 -30.8012 0.1 1.6933
3.73128 759.53 300.001 -30.7531 0.1 1.83556
3.74128 762.53 299.693 -30.706 0.1 1.97563
3.7513 765.53 299.386 -30.6594 0.1 2.11584
3.76132 768.53 299.079 -30.6131 0.1 2.2562
3.77136 771.53 298.772 -30.5671 0.1 2.3967
3.78141 774.53 298.465 -30.5215 0.1 2.53735
3.79146 777.53 298.158 -30.4763 0.1 2.67814
3.80153 780.53 297.852 -30.4314 0.1 2.81908
3.81161 783.53 297.545 -30.3869 0.1 2.96016
3.8217 786.53 297.239 -30.3427 0.1 3.10139
3.83179 789.53 296.933 -30.2989 0.1 3.24276
3.8419 792.53 296.627 -30.2554 0.1 3.38428
3.85202 795.53 296.321 -30.2122 0.1 3.52594
3.86215 798.53 296.015 -30.1694 0.1 3.66775
3.87229 801.53 295.709 -30.1269 0.1 3.80971
3.88244 804.53 295.404 -30.0848 0.1 3.95181
3.8926 807.53 295.098 -30.043 0.1 4.09406
3.9026 810.48 294.798 -30.0022 0.1 4.23409
3.91262 813.43 294.498 -29.9618 0.1 4.37425
3.92264 816.38 294.198 -29.9217 0.1 4.51456
3.93267 819.33 293.898 -29.8818 0.1 4.65501
3.94271 822.28 293.598 -29.8424 0.1 4.79561
3.95277 825.23 293.298 -29.8032 0.1 4.93635
3.96283 828.18 292.998 -29.7643 0.1 5.07723
3.9729 831.13 292.698 -29.7257 0.1 5.21826
3.98299 834.08 292.399 -29.6875 0.1 5.35943
3.99308 837.03 292.099 -29.6496 0.1 5.50075
4.00319 839.98 291.8 -29.6119 0.1 5.64221
4.0133 842.93 291.501 -29.5746 0.1 5.78382
4.02343 845.88 291.201 -29.5376 0.1 5.92557
4.03356 848.83 290.902 -29.5009 0.1 6.06747
4.04371 851.78 290.603 -29.4644 0.1 6.20951
4.05387 854.73 290.304 -29.4283 0.1 6.3517
4.06403 857.68 290.005 -29.3925 0.1 6.49404
4.07404 860.58 289.711 -29.3576 0.1 6.6341
4.08405 863.48 289.417 -29.3229 0.1 6.77431
4.09408 866.38 289.124 -29.2886 0.1 6.91467
4.10411 869.28 288.83 -29.2545 0.1 7.05516
4.11416 872.18 288.536 -29.2207 0.1 7.1958
4.12421 875.08 288.242 -29.1872 0.1 7.33658
4.13428 877.98 287.949 -29.1539 0.1 7.4775
4.14436 880.88 287.655 -29.1209 0.1 7.61857
4.15444 883.78 287.362 -29.0882 0.1 7.75978
4.16454 886.68 287.068 -29.0558 0.1 7.90114
4.17465 889.58 286.775 -29.0237 0.1 8.04264
4.18477 892.48 286.481 -28.9918 0.1 8.18429
4.19489 895.38 286.188 -28.9601 0.1 8.32608
4.20503 898.28 285.894 -28.9288 0.1 8.46801
4.21518 901.18 285.601 -28.8977 0.1 8.6101
4.22534 904.08 285.307 -28.8669 0.1 8.75232
4.23551 906.98 285.014 -28.8363 0.1 8.8947
4.24552 909.83 284.726 -28.8065 0.1 9.03476
4.25553 912.68 284.437 -28.7769 0.1 9.17497
4.26556 915.53 284.149 -28.7476 0.1 9.31531
4.27559 918.38 283.86 -28.7186 0.1 9.4558
4.28564 921.23 283.572 -28.6898 0.1 9.59643
4.29569 924.08 283.284 -28.6612 0.1 9.73721
4.30576 926.93 282.995 -28.6329 0.1 9.87813
4.31583 929.78 282.707 -28.6048 0.1 10.0192
4.32592 932.63 282.419 -28.577 0.1 10.1604
4.33602 935.48 282.13 -28.5494 0.1 10.3017
4.34612 938.33 281.842 -28.522 0.1 10.4432
4.35624 941.18 281.553 -28.4949 0.1 10.5849
4.36637 944.03 281.265 -28.468 0.1 10.7267
4.37651 946.88 280.977 -28.4413 0.1 10.8686
4.38665 949.73 280.688 -28.4148 0.1 11.0107
4.39681 952.58 280.4 -28.3886 0.1 11.1529
4.40698 955.43 280.111 -28.3626 0.1 11.2953
4.41698 958.23 279.827 -28.3373 0.1 11.4353
4.427 961.03 279.544 -28.3122 0.1 11.5754
4.43702 963.83 279.26 -28.2873 0.1 11.7157
4.44705 966.63 278.977 -28.2627 0.1 11.8562
4.45709 969.43 278.693 -28.2382 0.1 11.9968
4.46714 972.23 278.409 -28.214 0.1 12.1375
4.47721 975.03 278.125 -28.1899 0.1 12.2784
4.48728 977.83 277.842 -28.1661 0.1 12.4194
4.49736 980.63 277.558 -28.1425 0.1 12.5605
4.50745 983.43 277.274 -28.119 0.1 12.7018
4.51756 986.23 276.99 -28.0958 0.1 12.8433
4.52767 989.03 276.706 -28.0728 0.1 12.9849
4.5378 991.83 276.422 -28.05 0.1 13.1266
4.54793 994.63 276.138 -28.0274 0.1 13.2685
4.55808 997.43 275.853 -28.0049 0.1 13.4105
4.56823 1000.23 275.569 -27.9827 0.1 13.5527
4.5784 1003.03 275.285 -27.9607 0.1 13.695
4.58857 1005.83 275 -27.9389 0.1 13.8375
4.59858 1008.58 274.721 -27.9176 0.1 13.9776
4.60859 1011.33 274.441 -27.8965 0.1 14.1178
4.61862 1014.08 274.162 -27.8756 0.1 14.2581
4.62866 1016.83 273.882 -27.8549 0.1 14.3986
4.6387 1019.58 273.602 -27.8344 0.1 14.5393
4.64876 1022.33 273.323 -27.8141 0.1 14.6801
4.65883 1025.08 273.043 -27.7939 0.1 14.821
4.6689 1027.83 272.763 -27.7739 0.1 14.9621
4.67899 1030.58 272.483 -27.7541 0.1 15.1033
4.68909 1033.33 272.202 -27.7344 0.1 15.2446
4.6992 1036.08 271.922 -27.7149 0.1 15.3862
4.70931 1038.83 271.642 -27.6956 0.1 15.5278
4.71944 1041.58 271.361 -27.6765 0.1 15.6696
4.72958 1044.33 271.081 -27.6575 0.1 15.8116
4.73973 1047.08 270.8 -27.6387 0.1 15.9537
4.74989 1049.83 270.52 -27.6201 0.1 16.0959
4.76006 1052.58 270.239 -27.6016 0.1 16.2383
4.77024 1055.33 269.958 -27.5833 0.1 16.3808
4.78025 1058.03 269.682 -27.5655 0.1 16.5209
4.79027 1060.73 269.406 -27.5478 0.1 16.6612
4.8003 1063.43 269.13 -27.5303 0.1 16.8015
4.81033 1066.13 268.853 -27.513 0.1 16.9421
4.82038 1068.83 268.577 -27.4957 0.1 17.0827
4.83044 1071.53 268.301 -27.4787 0.1 17.2235
4.84051 1074.23 268.024 -27.4618 0.1 17.3645
4.85059 1076.93 267.747 -27.445 0.1 17.5056
4.86068 1079.63 267.471 -27.4284 0.1 17.6469
4.87078 1082.33 267.194 -27.4119 0.1 17.7883
4.88089 1085.03 266.917 -27.3956 0.1 17.9298
4.89101 1087.73 266.639 -27.3794 0.1 18.0715
4.90114 1090.43 266.362 -27.3633 0.1 18.2133
4.91128 1093.13 266.085 -27.3474 0.1 18.3553
4.92143 1095.83 265.807 -27.3316 0.1 18.4974
4.9316 1098.53 265.529 -27.316 0.1 18.6397
4.94177 1101.23 265.252 -27.3005 0.1 18.7822
4.95196 1103.93 264.974 -27.2851 0.1 18.9247
4.96196 1106.58 264.701 -27.2702 0.1 19.0648
4.97198 1109.23 264.428 -27.2553 0.1 19.205
4.98201 1111.88 264.154 -27.2406 0.1 19.3454
4.99204 1114.53 263.881 -27.2261 0.1 19.4859
5.00209 1117.18 263.608 -27.2116 0.1 19.6266
5.01215 1119.83 263.334 -27.1973 0.1 19.7674
5.02222 1122.48 263.06 -27.183 0.1 19.9084
5.0323 1125.13 262.786 -27.169 0.1 20.0495
5.04239 1127.78 262.512 -27.155 0.1 20.1907
5.05249 1130.43 262.238 -27.1411 0.1 20.3321
5.0626 1133.08 261.964 -27.1274 0.1 20.4737
5.07272 1135.73 261.689 -27.1137 0.1 20.6154
5.08285 1138.38 261.414 -27.1002 0.1 20.7572
5.09299 1141.03 261.14 -27.0868 0.1 20.8992
5.10315 1143.68 260.865 -27.0735 0.1 21.0414
5.11331 1146.33 260.59 -27.0603 0.1 21.1836
5.12348 1148.98 260.314 -27.0473 0.1 21.3261
5.13367 1151.63 260.039 -27.0343 0.1 21.4687
5.14367 1154.23 259.769 -27.0217 0.1 21.6087
5.15369 1156.83 259.498 -27.0092 0.1 21.7489
5.16371 1159.43 259.227 -26.9967 0.1 21.8893
5.17375 1162.03 258.956 -26.9844 0.1 22.0298
5.18379 1164.63 258.685 -26.9722 0.1 22.1704
5.19385 1167.23 258.414 -26.9601 0.1 22.3112
5.20392 1169.83 258.143 -26.948 0.1 22.4521
5.21399 1172.43 257.871 -26.9361 0.1 22.5932
5.22408 1175.03 257.6 -26.9243 0.1 22.7344
5.23418 1177.63 257.328 -26.9125 0.1 22.8758
5.24429 1180.23 257.056 -26.9009 0.1 23.0173
5.25441 1182.83 256.784 -26.8893 0.1 23.159
5.26454 1185.43 256.511 -26.8778 0.1 23.3008
5.27468 1188.03 256.239 -26.8664 0.1 23.4428
5.28483 1190.63 255.966 -26.8551 0.1 23.5849
5.295 1193.23 255.693 -26.8439 0.1 23.7272
5.30517 1195.83 255.42 -26.8327 0.1 23.8697
5.31536 1198.43 255.147 -26.8217 0.1 24.0122
5.32555 1201.03 254.874 -26.8107 0.1 24.155
5.33556 1203.58 254.605 -26.8 0.1 24.2951
5.34558 1206.13 254.337 -26.7894 0.1 24.4354
5.35561 1208.68 254.068 -26.7788 0.1 24.5758
5.36566 1211.23 253.799 -26.7684 0.1 24.7164
5.37571 1213.78 253.53 -26.758 0.1 24.8572
5.38577 1216.33 253.261 -26.7477 0.1 24.9981
5.39585 1218.88 252.992 -26.7374 0.1 25.1391
5.40593 1221.43 252.722 -26.7272 0.1 25.2803
5.41603 1223.98 252.452 -26.7171 0.1 25.4216
5.42613 1226.53 252.182 -26.7071 0.1 25.5631
5.43625 1229.08 251.912 -26.6971 0.1 25.7047
5.44638 1231.63 251.642 -26.6872 0.1 25.8465
5.45652 1234.18 251.371 -26.6774 0.1 25.9885
5.46667 1236.73 251.1 -26.6676 0.1 26.1306
5.47683 1239.28 250.83 -26.6579 0.1 26.2728
5.487 1241.83 250.558 -26.6482 0.1 26.4152
5.49718 1244.38 250.287 -26.6386 0.1 26.5578
5.50738 1246.93 250.016 -26.629 0.1 26.7005
5.51738 1249.43 249.749 -26.6198 0.1 26.8405
5.5274 1251.93 249.483 -26.6105 0.1 26.9808
5.53742 1254.43 249.216 -26.6013 0.1 27.1211
5.54746 1256.93 248.949 -26.5922 0.1 27.2616
5.55751 1259.43 248.682 -26.5831 0.1 27.4023
5.56757 1261.93 248.415 -26.5741 0.1 27.5431
5.57764 1264.43 248.147 -26.5651 0.1 27.6841
5.58772 1266.93 247.879 -26.5561 0.1 27.8252
5.59781 1269.43 247.611 -26.5472 0.1 27.9665
5.60791 1271.93 247.343 -26.5384 0.1 28.1079
5.61802 1274.43 247.075 -26.5296 0.1 28.2495
5.62815 1276.93 246.806 -26.5208 0.1 28.3912
5.63828 1279.43 246.538 -26.5121 0.1 28.5331
5.64843 1281.93 246.269 -26.5034 0.1 28.6752
5.65859 1284.43 245.999 -26.4948 0.1 28.8173
5.66875 1286.93 245.73 -26.4862 0.1 28.9597
5.67893 1289.43 245.461 -26.4777 0.1 29.1022
5.68912 1291.93 245.191 -26.4692 0.1 29.2449
5.69933 1294.43 244.921 -26.4607 0.1 29.3877
5.70933 1296.88 244.656 -26.4524 0.1 29.5278
5.71935 1299.33 244.391 -26.4442 0.1 29.6681
5.72938 1301.78 244.126 -26.436 0.1 29.8085
5.73943 1304.23 243.86 -26.4278 0.1 29.9491
5.74948 1306.68 243.595 -26.4196 0.1 30.0898
5.75954 1309.13 243.329 -26.4115 0.1 30.2307
5.76962 1311.58 243.063 -26.4034 0.1 30.3717
5.7797 1314.03 242.797 -26.3954 0.1 30.5129
5.7898 1316.48 242.53 -26.3874 0.1 30.6543
5.7999 1318.93 242.263 -26.3793 0.1 30.7958
5.81002 1321.38 241.997 -26.3714 0.1 30.9374
5.82015 1323.83 241.73 -26.3634 0.1 31.0793
5.83029 1326.28 241.462 -26.3555 0.1 31.2212
5.84045 1328.73 241.195 -26.3476 0.1 31.3634
5.85061 1331.18 240.927 -26.3397 0.1 31.5056
5.86078 1333.63 240.659 -26.3318 0.1 31.6481
5.87097 1336.08 240.391 -26.324 0.1 31.7907
5.88117 1338.53 240.122 -26.3161 0.1 31.9334
5.89117 1340.93 239.859 -26.3085 0.1 32.0735
5.90118 1343.33 239.596 -26.3008 0.1 32.2136
5.9112 1345.73 239.332 -26.2932 0.1 32.3539
5.92124 1348.13 239.069 -26.2856 0.1 32.4944
5.93128 1350.53 238.805 -26.278 0.1 32.635
5.94134 1352.93 238.54 -26.2704 0.1 32.7758
5.9514 1355.33 238.276 -26.2628 0.1 32.9167
5.96148 1357.73 238.011 -26.2553 0.1 33.0578
5.97157 1360.13 237.746 -26.2477 0.1 33.1991
5.98167 1362.53 237.481 -26.2402 0.1 33.3405
5.99178 1364.93 237.216 -26.2326 0.1 33.482
6.00191 1367.33 236.951 -26.2251 0.1 33.6237
6.01204 1369.73 236.685 -26.2176 0.1 33.7656
6.02219 1372.13 236.419 -26.21 0.1 33.9077
6.03234 1374.53 236.153 -26.2025 0.1 34.0499
6.04251 1376.93 235.886 -26.195 0.1 34.1922
6.05269 1379.33 235.62 -26.1875 0.1 34.3347
6.06289 1381.73 235.353 -26.18 0.1 34.4774
6.07309 1384.13 235.086 -26.1725 0.1 34.6203
6.08309 1386.48 234.824 -26.1651 0.1 34.7603
6.0931 1388.83 234.562 -26.1577 0.1 34.9005
6.10313 1391.18 234.3 -26.1504 0.1 35.0408
6.11316 1393.53 234.037 -26.143 0.1 35.1813
6.12321 1395.88 233.775 -26.1357 0.1 35.322
6.13327 1398.23 233.512 -26.1283 0.1 35.4628
6.14334 1400.58 233.249 -26.1209 0.1 35.6037
6.15342 1402.93 232.986 -26.1135 0.1 35.7449
6.16351 1405.28 232.722 -26.1061 0.1 35.8862
6.17362 1407.63 232.458 -26.0987 0.1 36.0276
6.18373 1409.98 232.194 -26.0913 0.1 36.1692
6.19386 1412.33 231.93 -26.0839 0.1 36.311
6.204 1414.68 231.666 -26.0765 0.1 36.4529
6.21415 1417.03 231.401 -26.069 0.1 36.595
6.22431 1419.38 231.136 -26.0616 0.1 36.7373
6.23448 1421.73 230.871 -26.0541 0.1 36.8797
6.24466 1424.08 230.606 -26.0466 0.1 37.0223
6.25486 1426.43 230.34 -26.0392 0.1 37.165
6.26507 1428.78 230.075 -26.0316 0.1 37.3079
6.27507 1431.08 229.814 -26.0243 0.1 37.448
6.28509 1433.38 229.554 -26.0169 0.1 37.5882
6.29511 1435.68 229.293 -26.0095 0.1 37.7285
6.30515 1437.98 229.032 -26.0021 0.1 37.869
6.3152 1440.28 228.771 -25.9947 0.1 38.0097
6.32526 1442.58 228.509 -25.9872 0.1 38.1505
6.33533 1444.88 228.248 -25.9797 0.1 38.2915
6.34541 1447.18 227.986 -25.9722 0.1 38.4327
6.3555 1449.48 227.723 -25.9647 0.1 38.574
6.36561 1451.78 227.461 -25.9572 0.1 38.7155
6.37573 1454.08 227.199 -25.9496 0.1 38.8571
6.38586 1456.38 226.936 -25.942 0.1 38.9989
6.396 1458.68 226.673 -25.9344 0.1 39.1409
6.40615 1460.98 226.409 -25.9268 0.1 39.283
6.41632 1463.28 226.146 -25.913 0.1 39.4006
6.42649 1465.58 225.882 -25.8704 0.1 39.4006
6.43668 1467.88 225.619 -25.8279 0.1 39.4006
6.44688 1470.18 225.356 -25.7855 0.1 39.4006
6.45709 1472.48 225.093 -25.7431 0.1 39.4006
6.46709 1474.73 224.836 -25.701 0.1 39.3975
6.47711 1476.98 224.578 -25.6605 0.1 39.4006
6.48713 1479.23 224.321 -25.6185 0.1 39.3974
6.49717 1481.48 224.064 -25.5782 0.1 39.4006
6.50722 1483.73 223.808 -25.5364 0.1 39.3974
6.51727 1485.98 223.551 -25.4962 0.1 39.4006
6.52735 1488.23 223.294 -25.4546 0.1 39.3974
6.53743 1490.48 223.038 -25.4146 0.1 39.4006
6.54752 1492.73 222.782 -25.3731 0.1 39.3974
6.55763 1494.98 222.525 -25.3332 0.1 39.4006
6.56774 1497.23 222.269 -25.2919 0.1 39.3974
6.57787 1499.48 222.013 -25.2522 0.1 39.4006
6.58801 1501.73 221.758 -25.2111 0.1 39.3974
6.59817 1503.98 221.502 -25.1715 0.1 39.4006
6.60833 1506.23 221.246 -25.1305 0.1 39.3974
6.61851 1508.48 220.991 -25.0911 0.1 39.4006
6.62869 1510.73 220.735 -25.0503 0.1 39.3974
6.63889 1512.98 220.48 -25.011 0.1 39.4006
6.6491 1515.23 220.225 -24.9704 0.1 39.3974
6.65933 1517.48 219.97 -24.9313 0.1 39.4006
6.66933 1519.68 219.72 -24.8924 0.1 39.4006
6.67935 1521.88 219.471 -24.8536 0.1 39.4006
6.68938 1524.08 219.222 -24.8149 0.1 39.4006
6.69942 1526.28 218.973 -24.7762 0.1 39.4006
6.70948 1528.48 218.724 -24.7376 0.1 39.4006
6.71954 1530.68 218.476 -24.6991 0.1 39.4006
6.72962 1532.88 218.227 -24.6607 0.1 39.4006
6.7397 1535.08 217.978 -24.6223 0.1 39.4006
6.7498 1537.28 217.73 -24.584 0.1 39.4006
6.75991 1539.48 217.482 -24.5458 0.1 39.4006
6.77003 1541.68 217.233 -24.5077 0.1 39.4006
6.78017 1543.88 216.985 -24.4696 0.1 39.4006
6.79031 1546.08 216.737 -24.4316 0.1 39.4006
6.80047 1548.28 216.489 -24.3937 0.1 39.4006
6.81064 1550.48 216.241 -24.3558 0.1 39.4006
6.82082 1552.68 215.994 -24.3181 0.1 39.4006
6.83101 1554.88 215.746 -24.2804 0.1 39.4006
6.84121 1557.08 215.498 -24.2427 0.1 39.4006
6.85143 1559.28 215.251 -24.2052 0.1 39.4006
6.86165 1561.48 215.004 -24.1677 0.1 39.4006
6.87166 1563.63 214.762 -24.1304 0.1 39.3974
6.88167 1565.78 214.521 -24.0946 0.1 39.4006
6.8917 1567.93 214.279 -24.0574 0.1 39.3974
6.90174 1570.08 214.038 -24.0218 0.1 39.4006
6.91179 1572.23 213.797 -23.9848 0.1 39.3974
6.92185 1574.38 213.555 -23.9493 0.1 39.4006
6.93193 1576.53 213.314 -23.9124 0.1 39.3974
6.94201 1578.68 213.073 -23.877 0.1 39.4007
6.95211 1580.83 212.832 -23.8403 0.1 39.3974
6.96222 1582.98 212.592 -23.805 0.1 39.4007
6.97234 1585.13 212.351 -23.7684 0.1 39.3974
6.98247 1587.28 212.11 -23.7333 0.1 39.4007
6.99261 1589.43 211.87 -23.6968 0.1 39.3974
7.00276 1591.58 211.629 -23.6618 0.1 39.4007
7.01293 1593.73 211.389 -23.6255 0.1 39.3974
7.0231 1595.88 211.149 -23.5906 0.1 39.4007
7.03329 1598.03 210.909 -23.5545 0.1 39.3974
7.04349 1600.18 210.669 -23.5197 0.1 39.4007
7.0537 1602.33 210.429 -23.4837 0.1 39.3973
7.06393 1604.48 210.189 -23.4491 0.1 39.4007
7.07416 1606.63 209.949 -23.4131 0.1 39.3973
7.08417 1608.73 209.715 -23.3788 0.1 39.3973
7.09419 1610.83 209.481 -23.3445 0.1 39.3973
7.10422 1612.93 209.247 -23.3103 0.1 39.3973
7.11426 1615.03 209.013 -23.2761 0.1 39.3973
7.12432 1617.13 208.779 -23.242 0.1 39.3973
7.13438 1619.23 208.545 -23.208 0.1 39.3973
7.14445 1621.33 208.312 -23.174 0.1 39.3973
7.15454 1623.43 208.078 -23.1401 0.1 39.3973
7.16464 1625.53 207.845 -23.1062 0.1 39.3973
7.17475 1627.63 207.611 -23.0724 0.1 39.3973
7.18487 1629.73 207.378 -23.0387 0.1 39.3973
7.195 1631.83 207.144 -23.005 0.1 39.3973
7.20515 1633.93 206.911 -22.9714 0.1 39.3973
7.2153 1636.03 206.678 -22.9379 0.1 39.3973
7.22547 1638.13 206.445 -22.9044 0.1 39.3973
7.23565 1640.23 206.212 -22.871 0.1 39.3973
7.24584 1642.33 205.979 -22.8376 0.1 39.3973
7.25604 1644.43 205.747 -22.8043 0.1 39.3973
7.26625 1646.53 205.514 -22.7711 0.1 39.3973
7.27647 1648.63 205.281 -22.7379 0.1 39.3973
7.28671 1650.73 205.049 -22.7048 0.1 39.3973
7.29671 1652.78 204.822 -22.6732 0.1 39.4007
7.30673 1654.83 204.595 -22.6403 0.1 39.3973
7.31675 1656.88 204.368 -22.6088 0.1 39.4007
7.32679 1658.93 204.141 -22.576 0.1 39.3973
7.33684 1660.98 203.915 -22.5446 0.1 39.4007
7.3469 1663.03 203.688 -22.512 0.1 39.3973
7.35697 1665.08 203.461 -22.4807 0.1 39.4007
7.36705 1667.13 203.235 -22.4481 0.1 39.3973
7.37714 1669.18 203.009 -22.417 0.1 39.4007
7.38724 1671.23 202.782 -22.3846 0.1 39.3973
7.39736 1673.28 202.556 -22.3535 0.1 39.4007
7.40749 1675.33 202.33 -22.3212 0.1 39.3973
7.41762 1677.38 202.104 -22.2903 0.1 39.4007
7.42777 1679.43 201.878 -22.2581 0.1 39.3973
7.43793 1681.48 201.652 -22.2272 0.1 39.4007
7.44811 1683.53 201.426 -22.1951 0.1 39.3973
7.45829 1685.58 201.2 -22.1644 0.1 39.4007
7.46848 1687.63 200.974 -22.1324 0.1 39.3973
7.47869 1689.68 200.748 -22.1018 0.1 39.4008
7.48891 1691.73 200.523 -22.07 0.1 39.3973
7.49914 1693.78 200.297 -22.0395 0.1 39.4008
7.50938 1695.83 200.071 -22.0077 0.1 39.3973
7.51938 1697.83 199.851 -21.9774 0.1 39.3973
7.52939 1699.83 199.632 -21.9472 0.1 39.3973
7.53942 1701.83 199.412 -21.917 0.1 39.3973
7.54945 1703.83 199.192 -21.8869 0.1 39.3973
7.5595 1705.83 198.972 -21.8568 0.1 39.3973
7.56955 1707.83 198.753 -21.8268 0.1 39.3972
7.57962 1709.83 198.533 -21.7968 0.1 39.3972
7.5897 1711.83 198.313 -21.7669 0.1 39.3972
7.59979 1713.83 198.094 -21.737 0.1 39.3972
7.6099 1715.83 197.874 -21.7072 0.1 39.3972
7.62001 1717.83 197.655 -21.6774 0.1 39.3972
7.63013 1719.83 197.436 -21.6477 0.1 39.3972
7.64027 1721.83 197.216 -21.618 0.1 39.3972
7.65042 1723.83 196.997 -21.5884 0.1 39.3972
7.66057 1725.83 196.778 -21.5588 0.1 39.3972
7.67074 1727.83 196.559 -21.5293 0.1 39.3972
7.68092 1729.83 196.34 -21.4999 0.1 39.3972
7.69112 1731.83 196.121 -21.4704 0.1 39.3972
7.70132 1733.83 195.902 -21.4411 0.1 39.3972
7.71154 1735.83 195.683 -21.4118 0.1 39.3972
7.72176 1737.83 195.464 -21.3825 0.1 39.3972
7.732 1739.83 195.246 -21.3533 0.1 39.3972
7.74225 1741.83 195.027 -21.3241 0.1 39.3972
7.75225 1743.78 194.814 -21.2964 0.1 39.4008
7.76227 1745.73 194.601 -21.2674 0.1 39.3972
7.77229 1747.68 194.388 -21.2398 0.1 39.4008
7.78233 1749.63 194.174 -21.2109 0.1 39.3972
7.79238 1751.58 193.961 -21.1833 0.1 39.4008
7.80244 1753.53 193.749 -21.1545 0.1 39.3972
7.81251 1755.48 193.536 -21.1271 0.1 39.4008
7.82259 1757.43 193.323 -21.0984 0.1 39.3972
7.83268 1759.38 193.11 -21.071 0.1 39.4008
7.84279 1761.33 192.897 -21.0424 0.1 39.3972
7.8529 1763.28 192.685 -21.0151 0.1 39.4008
7.86303 1765.23 192.472 -20.9866 0.1 39.3972
7.87316 1767.18 192.259 -20.9594 0.1 39.4008
7.88331 1769.13 192.047 -20.9311 0.1 39.3972
7.89347 1771.08 191.834 -20.9039 0.1 39.4008
7.90364 1773.03 191.622 -20.8756 0.1 39.3972
7.91383 1774.98 191.409 -20.8486 0.1 39.4008
7.92402 1776.93 191.197 -20.8204 0.1 39.3972
7.93422 1778.88 190.985 -20.7935 0.1 39.4008
7.94444 1780.83 190.772 -20.7654 0.1 39.3972
7.95467 1782.78 190.56 -20.7386 0.1 39.4008
7.96491 1784.73 190.348 -20.7105 0.1 39.3972
7.97516 1786.68 190.136 -20.6838 0.1 39.4009
7.98542 1788.63 189.924 -20.6559 0.1 39.3972
7.99543 1790.53 189.717 -20.6293 0.1 39.3972
8.00545 1792.43 189.511 -20.6028 0.1 39.3972
8.01548 1794.33 189.304 -20.5763 0.1 39.3972
8.02552 1796.23 189.097 -20.5499 0.1 39.3972
8.03558 1798.13 188.891 -20.5235 0.1 39.3972
8.04564 1800.03 188.685 -20.4971 0.1 39.3972
8.05571 1801.93 188.478 -20.4708 0.1 39.3972
8.0658 1803.83 188.272 -20.4445 0.1 39.3972
8.0759 1805.73 188.066 -20.4183 0.1 39.3971
8.08601 1807.63 187.859 -20.3921 0.1 39.3971
8.09613 1809.53 187.653 -20.366 0.1 39.3971
8.10626 1811.43 187.447 -20.3399 0.1 39.3971
8.1164 1813.33 187.241 -20.3139 0.1 39.3971
8.12655 1815.23 187.035 -20.2878 0.1 39.3971
8.13672 1817.13 186.829 -20.2619 0.1 39.3971
8.14689 1819.03 186.622 -20.236 0.1 39.3971
8.15708 1820.93 186.416 -20.2101 0.1 39.3971
8.16728 1822.83 186.211 -20.1842 0.1 39.3971
8.17749 1824.73 186.005 -20.1584 0.1 39.3971
8.18771 1826.63 185.799 -20.1327 0.1 39.3971
8.19794 1828.53 185.593 -20.107 0.1 39.3971
8.20818 1830.43 185.387 -20.0813 0.1 39.3971
8.21844 1832.33 185.181 -20.0557 0.1 39.3971
8.2287 1834.23 184.975 -20.0301 0.1 39.3971
8.23871 1836.08 184.775 -20.0058 0.1 39.4009
8.24873 1837.93 184.575 -19.9803 0.1 39.3971
8.25876 1839.78 184.375 -19.9561 0.1 39.4009
8.2688 1841.63 184.174 -19.9308 0.1 39.3971
8.27885 1843.48 183.974 -19.9067 0.1 39.4009
8.28891 1845.33 183.774 -19.8814 0.1 39.3971
8.29898 1847.18 183.574 -19.8573 0.1 39.4009
8.30906 1849.03 183.374 -19.8321 0.1 39.3971
8.31916 1850.88 183.174 -19.8082 0.1 39.4009
8.32926 1852.73 182.974 -19.7831 0.1 39.3971
8.33938 1854.58 182.774 -19.7592 0.1 39.4009
8.34951 1856.43 182.574 -19.7341 0.1 39.3971
8.35965 1858.28 182.374 -19.7103 0.1 39.4009
8.3698 1860.13 182.174 -19.6853 0.1 39.3971
8.37996 1861.98 181.974 -19.6616 0.1 39.4009
8.39013 1863.83 181.774 -19.6367 0.1 39.3971
8.40031 1865.68 181.574 -19.613 0.1 39.4009
8.41051 1867.53 181.374 -19.5883 0.1 39.3971
8.42071 1869.38 181.175 -19.5647 0.1 39.4009
8.43093 1871.23 180.975 -19.5399 0.1 39.3971
8.44116 1873.08 180.775 -19.5164 0.1 39.4009
8.4514 1874.93 180.575 -19.4918 0.1 39.3971
8.46165 1876.78 180.376 -19.4683 0.1 39.401
8.47191 1878.63 180.176 -19.4438 0.1 39.3971
8.48218 1880.48 179.976 -19.4204 0.1 39.401
8.49219 1882.28 179.782 -19.3971 0.1 39.401
8.50221 1884.08 179.588 -19.3739 0.1 39.401
8.51224 1885.88 179.394 -19.3507 0.1 39.401
8.52228 1887.68 179.2 -19.3275 0.1 39.401
8.53233 1889.48 179.006 -19.3044 0.1 39.401
8.54239 1891.28 178.811 -19.2813 0.1 39.401
8.55246 1893.08 178.617 -19.2583 0.1 39.401
8.56254 1894.88 178.423 -19.2352 0.1 39.401
8.57264 1896.68 178.229 -19.2123 0.1 39.401
8.58274 1898.48 178.035 -19.1893 0.1 39.401
8.59286 1900.28 177.841 -19.1664 0.1 39.401
8.60298 1902.08 177.647 -19.1435 0.1 39.401
8.61312 1903.88 177.453 -19.1207 0.1 39.401
8.62327 1905.68 177.259 -19.0979 0.1 39.401
8.63343 1907.48 177.065 -19.0751 0.1 39.401
8.6436 1909.28 176.872 -19.0524 0.1 39.401
8.65379 1911.08 176.678 -19.0297 0.1 39.401
8.66398 1912.88 176.484 -19.007 0.1 39.401
8.67418 1914.68 176.29 -18.9844 0.1 39.401
8.6844 1916.48 176.096 -18.9618 0.1 39.401
8.69463 1918.28 175.902 -18.9392 0.1 39.401
8.70487 1920.08 175.709 -18.9167 0.1 39.401
8.71512 1921.88 175.515 -18.8942 0.1 39.401
8.72538 1923.68 175.321 -18.8717 0.1 39.401
8.73565 1925.48 175.127 -18.8493 0.1 39.401
8.74594 1927.28 174.934 -18.8269 0.1 39.401
8.75594 1929.03 174.745 -18.8046 0.1 39.397
8.76596 1930.78 174.557 -18.7835 0.1 39.401
8.776 1932.53 174.369 -18.7613 0.1 39.397
8.78604 1934.28 174.18 -18.7402 0.1 39.401
8.79609 1936.03 173.992 -18.718 0.1 39.397
8.80615 1937.78 173.804 -18.697 0.1 39.401
8.81623 1939.53 173.616 -18.6749 0.1 39.397
8.82631 1941.28 173.427 -18.6539 0.1 39.401
8.83641 1943.03 173.239 -18.6319 0.1 39.397
8.84652 1944.78 173.051 -18.611 0.1 39.401
8.85664 1946.53 172.863 -18.5891 0.1 39.397
8.86676 1948.28 172.674 -18.5682 0.1 39.401
8.8769 1950.03 172.486 -18.5463 0.1 39.397
8.88706 1951.78 172.298 -18.5256 0.1 39.401
8.89722 1953.53 172.11 -18.5037 0.1 39.397
8.90739 1955.28 171.922 -18.483 0.1 39.401
8.91758 1957.03 171.734 -18.4613 0.1 39.397
8.92777 1958.78 171.546 -18.4406 0.1 39.4011
8.93798 1960.53 171.358 -18.4189 0.1 39.397
8.9482 1962.28 171.169 -18.3983 0.1 39.4011
8.95843 1964.03 170.981 -18.3767 0.1 39.397
8.96867 1965.78 170.793 -18.3562 0.1 39.4011
8.97892 1967.53 170.605 -18.3346 0.1 39.397
8.98918 1969.28 170.417 -18.3141 0.1 39.4011
8.99946 1971.03 170.229 -18.2926 0.1 39.397
9.00975 1972.78 170.041 -18.2722 0.1 39.4011
9.01975 1974.48 169.858 -18.2519 0.1 39.4011
9.02976 1976.18 169.676 -18.2316 0.1 39.4011
9.03979 1977.88 169.493 -18.2114 0.1 39.4011
9.04982 1979.58 169.31 -18.1912 0.1 39.4011
9.05987 1981.28 169.128 -18.171 0.1 39.4011
9.06993 1982.98 168.945 -18.1508 0.1 39.4011
9.07999 1984.68 168.762 -18.1307 0.1 39.4011
9.09007 1986.38 168.58 -18.1106 0.1 39.4011
9.10016 1988.08 168.397 -18.0905 0.1 39.4011
9.11026 1989.78 168.215 -18.0704 0.1 39.4011
9.12038 1991.48 168.032 -18.0504 0.1 39.4011
9.1305 1993.18 167.849 -18.0304 0.1 39.4011
9.14063 1994.88 167.667 -18.0105 0.1 39.4011
9.15078 1996.58 167.484 -17.9905 0.1 39.4011
9.16093 1998.28 167.301 -17.9706 0.1 39.4011
9.1711 1999.98 167.119 -17.9507 0.1 39.4011
9.18128 2001.68 166.936 -17.9309 0.1 39.4011
9.19147 2003.38 166.754 -17.9111 0.1 39.4011
9.20167 2005.08 166.571 -17.8913 0.1 39.4011
9.21188 2006.78 166.388 -17.8715 0.1 39.4011
9.2221 2008.48 166.206 -17.8518 0.1 39.4011
9.23234 2010.18 166.023 -17.8321 0.1 39.4011
9.24258 2011.88 165.841 -17.8124 0.1 39.4011
9.25284 2013.58 165.658 -17.7928 0.1 39.4011
9.26311 2015.28 165.476 -17.7731 0.1 39.4011
9.27339 2016.98 165.293 -17.7536 0.1 39.4011
9.28368 2018.68 165.11 -17.734 0.1 39.4011
9.29398 2020.38 164.928 -17.7145 0.1 39.4011
9.30399 2022.03 164.751 -17.695 0.1 39.3969
9.31401 2023.68 164.573 -17.6766 0.1 39.4011
9.32404 2025.33 164.396 -17.6572 0.1 39.3969
9.33408 2026.98 164.219 -17.6389 0.1 39.4011
9.34414 2028.63 164.042 -17.6196 0.1 39.3969
9.3542 2030.28 163.864 -17.6013 0.1 39.4011
9.36427 2031.93 163.687 -17.582 0.1 39.3969
9.37436 2033.58 163.51 -17.5637 0.1 39.4012
9.38446 2035.23 163.333 -17.5445 0.1 39.3969
9.39456 2036.88 163.155 -17.5263 0.1 39.4012
9.40468 2038.53 162.978 -17.5072 0.1 39.3969
9.41481 2040.18 162.801 -17.489 0.1 39.4012
9.42495 2041.83 162.624 -17.4699 0.1 39.3969
9.43511 2043.48 162.446 -17.4518 0.1 39.4012
9.44527 2045.13 162.269 -17.4327 0.1 39.3969
9.45544 2046.78 162.092 -17.4147 0.1 39.4012
9.46563 2048.43 161.915 -17.3957 0.1 39.3968
9.47582 2050.08 161.737 -17.3777 0.1 39.4012
9.48603 2051.73 161.56 -17.3587 0.1 39.3968
9.49625 2053.38 161.383 -17.3408 0.1 39.4012
9.50648 2055.03 161.206 -17.3219 0.1 39.3968
9.51672 2056.68 161.028 -17.304 0.1 39.4012
9.52697 2058.33 160.851 -17.2852 0.1 39.3968
9.53724 2059.98 160.674 -17.2673 0.1 39.4012
9.54751 2061.63 160.496 -17.2485 0.1 39.3968
9.5578 2063.28 160.319 -17.2307 0.1 39.4012
9.5681 2064.93 160.142 -17.212 0.1 39.3968
9.57841 2066.58 159.964 -17.1943 0.1 39.4012
9.58841 2068.18 159.792 -17.1766 0.1 39.4012
9.59843 2069.78 159.62 -17.159 0.1 39.4012
9.60846 2071.38 159.448 -17.1414 0.1 39.4012
9.6185 2072.98 159.276 -17.1238 0.1 39.4012
9.62855 2074.58 159.104 -17.1062 0.1 39.4012
9.63862 2076.18 158.932 -17.0887 0.1 39.4012
9.64869 2077.78 158.76 -17.0712 0.1 39.4012
9.65877 2079.38 158.588 -17.0537 0.1 39.4012
9.66887 2080.98 158.416 -17.0362 0.1 39.4012
9.67897 2082.58 158.244 -17.0188 0.1 39.4012
9.68909 2084.18 158.072 -17.0014 0.1 39.4012
9.69922 2085.78 157.9 -16.984 0.1 39.4012
9.70936 2087.38 157.728 -16.9666 0.1 39.4012
9.7195 2088.98 157.556 -16.9493 0.1 39.4012
9.72967 2090.58 157.384 -16.932 0.1 39.4012
9.73984 2092.18 157.211 -16.9147 0.1 39.4012
9.75002 2093.78 157.039 -16.8974 0.1 39.4012
9.76022 2095.38 156.867 -16.8801 0.1 39.4012
9.77042 2096.98 156.695 -16.8629 0.1 39.4012
9.78064 2098.58 156.523 -16.8457 0.1 39.4012
9.79087 2100.18 156.35 -16.8285 0.1 39.4012
9.8011 2101.78 156.178 -16.8114 0.1 39.4013
9.81136 2103.38 156.006 -16.7942 0.1 39.4013
9.82162 2104.98 155.834 -16.7771 0.1 39.4013
9.83189 2106.58 155.662 -16.76 0.1 39.4013
9.84217 2108.18 155.489 -16.743 0.1 39.4013
9.85247 2109.78 155.317 -16.7259 0.1 39.4013
9.86278 2111.38 155.145 -16.7089 0.1 39.4013
9.8731 2112.98 154.972 -16.6919 0.1 39.4013
9.8831 2114.53 154.805 -16.675 0.1 39.3967
9.89312 2116.08 154.638 -16.6591 0.1 39.4013
9.90315 2117.63 154.471 -16.6422 0.1 39.3967
9.91319 2119.18 154.304 -16.6263 0.1 39.4013
9.92324 2120.73 154.137 -16.6095 0.1 39.3967
9.9333 2122.28 153.97 -16.5936 0.1 39.4013
9.94338 2123.83 153.803 -16.5768 0.1 39.3967
9.95346 2125.38 153.636 -16.561 0.1 39.4013
9.96355 2126.93 153.469 -16.5442 0.1 39.3967
9.97366 2128.48 153.302 -16.5285 0.1 39.4013
9.98378 2130.03 153.135 -16.5118 0.1 39.3967
9.9939 2131.58 152.968 -16.496 0.1 39.4013
10.004 2133.13 152.801 -16.4794 0.1 39.3967
10.0142 2134.68 152.633 -16.4637 0.1 39.4013
10.0244 2136.23 152.466 -16.4471 0.1 39.3967
10.0345 2137.78 152.299 -16.4314 0.1 39.4013
10.0447 2139.33 152.132 -16.4149 0.1 39.3967
10.0549 2140.88 151.965 -16.3992 0.1 39.4013
10.0651 2142.43 151.797 -16.3827 0.1 39.3967
10.0753 2143.98 151.63 -16.3671 0.1 39.4013
10.0856 2145.53 151.463 -16.3507 0.1 39.3967
10.0958 2147.08 151.295 -16.3351 0.1 39.4013
10.106 2148.63 151.128 -16.3187 0.1 39.3967
10.1163 2150.18 150.961 -16.3032 0.1 39.4013
10.1266 2151.73 150.793 -16.2868 0.1 39.3967
10.1369 2153.28 150.626 -16.2714 0.1 39.4013
10.1472 2154.83 150.458 -16.255 0.1 39.3967
10.1575 2156.38 150.291 -16.2396 0.1 39.4013
10.1678 2157.93 150.123 -16.2233 0.1 39.3967
10.1781 2159.48 149.956 -16.2079 0.1 39.4013
10.1881 2160.98 149.794 -16.1926 0.1 39.4013
10.1981 2162.48 149.632 -16.1773 0.1 39.4013
10.2082 2163.98 149.469 -16.1621 0.1 39.4014
10.2182 2165.48 149.307 -16.1468 0.1 39.4014
10.2283 2166.98 149.145 -16.1316 0.1 39.4014
10.2383 2168.48 148.983 -16.1164 0.1 39.4014
10.2484 2169.98 148.82 -16.1012 0.1 39.4014
10.2585 2171.48 148.658 -16.0861 0.1 39.4014
10.2686 2172.98 148.496 -16.0709 0.1 39.4014
10.2787 2174.48 148.333 -16.0558 0.1 39.4014
10.2888 2175.98 148.171 -16.0407 0.1 39.4014
10.2989 2177.48 148.009 -16.0256 0.1 39.4014
10.3091 2178.98 147.846 -16.0105 0.1 39.4014
10.3192 2180.48 147.684 -15.9955 0.1 39.4014
10.3294 2181.98 147.521 -15.9805 0.1 39.4014
10.3396 2183.48 147.359 -15.9655 0.1 39.4014
10.3498 2184.98 147.196 -15.9505 0.1 39.4014
10.36 2186.48 147.034 -15.9355 0.1 39.4014
10.3702 2187.98 146.871 -15.9205 0.1 39.4014
10.3804 2189.48 146.709 -15.9056 0.1 39.4014
10.3906 2190.98 146.546 -15.8907 0.1 39.4014
10.4008 2192.48 146.383 -15.8758 0.1 39.4014
10.4111 2193.98 146.221 -15.8609 0.1 39.4014
10.4214 2195.48 146.058 -15.8461 0.1 39.4014
10.4316 2196.98 145.895 -15.8312 0.1 39.4014
10.4419 2198.48 145.732 -15.8164 0.1 39.4014
10.4522 2199.98 145.569 -15.8016 0.1 39.4014
10.4625 2201.48 145.407 -15.7868 0.1 39.4014
10.4729 2202.98 145.244 -15.772 0.1 39.4014
10.4832 2204.48 145.081 -15.7573 0.1 39.4014
10.4932 2205.93 144.923 -15.7426 0.1 39.3966
10.5032 2207.38 144.766 -15.7288 0.1 39.4014
10.5132 2208.83 144.608 -15.7142 0.1 39.3966
10.5233 2210.28 144.451 -15.7005 0.1 39.4014
10.5333 2211.73 144.293 -15.6859 0.1 39.3966
10.5434 2213.18 144.135 -15.6721 0.1 39.4014
10.5534 2214.63 143.978 -15.6576 0.1 39.3966
10.5635 2216.08 143.82 -15.6439 0.1 39.4014
10.5736 2217.53 143.662 -15.6294 0.1 39.3966
10.5837 2218.98 143.505 -15.6157 0.1 39.4014
10.5938 2220.43 143.347 -15.6012 0.1 39.3966
10.6039 2221.88 143.189 -15.5876 0.1 39.4015
10.614 2223.33 143.031 -15.5731 0.1 39.3966
10.6242 2224.78 142.873 -15.5596 0.1 39.4015
10.6343 2226.23 142.715 -15.5451 0.1 39.3966
10.6445 2227.68 142.557 -15.5316 0.1 39.4015
10.6547 2229.13 142.399 -15.5172 0.1 39.3966
10.6649 2230.58 142.241 -15.5037 0.1 39.4015
10.6751 2232.03 142.083 -15.4893 0.1 39.3965
10.6853 2233.48 141.925 -15.4758 0.1 39.4015
10.6955 2234.93 141.767 -15.4615 0.1 39.3965
10.7057 2236.38 141.609 -15.4481 0.1 39.4015
10.716 2237.83 141.451 -15.4338 0.1 39.3965
10.7262 2239.28 141.292 -15.4204 0.1 39.4015
10.7365 2240.73 141.134 -15.4061 0.1 39.3965
10.7468 2242.18 140.976 -15.3927 0.1 39.4015
10.7571 2243.63 140.817 -15.3785 0.1 39.3965
10.7674 2245.08 140.659 -15.3652 0.1 39.4015
10.7777 2246.53 140.501 -15.351 0.1 39.3965
10.788 2247.98 140.342 -15.3377 0.1 39.4015
10.7984 2249.43 140.184 -15.3235 0.1 39.3965
10.8087 2250.88 140.025 -15.3103 0.1 39.4015
10.8187 2252.28 139.872 -15.297 0.1 39.4015
10.8287 2253.68 139.719 -15.2838 0.1 39.4015
10.8388 2255.08 139.566 -15.2706 0.1 39.4015
10.8488 2256.48 139.413 -15.2575 0.1 39.4015
10.8588 2257.88 139.259 -15.2443 0.1 39.4015
10.8689 2259.28 139.106 -15.2312 0.1 39.4015
10.879 2260.68 138.953 -15.218 0.1 39.4015
10.8891 2262.08 138.8 -15.2049 0.1 39.4015
10.8992 2263.48 138.646 -15.1918 0.1 39.4015
10.9093 2264.88 138.493 -15.1788 0.1 39.4015
10.9194 2266.28 138.339 -15.1657 0.1 39.4015
10.9295 2267.68 138.186 -15.1527 0.1 39.4015
10.9396 2269.08 138.032 -15.1396 0.1 39.4015
10.9498 2270.48 137.879 -15.1266 0.1 39.4015
10.9599 2271.88 137.725 -15.1136 0.1 39.4016
10.9701 2273.28 137.571 -15.1006 0.1 39.4016
10.9803 2274.68 137.418 -15.0876 0.1 39.4016
10.9905 2276.08 137.264 -15.0747 0.1 39.4016
11.0007 2277.48 137.11 -15.0617 0.1 39.4016
11.0109 2278.88 136.956 -15.0488 0.1 39.4016
11.0211 2280.28 136.803 -15.0359 0.1 39.4016
11.0314 2281.68 136.649 -15.023 0.1 39.4016
11.0416 2283.08 136.495 -15.0101 0.1 39.4016
11.0519 2284.48 136.341 -14.9973 0.1 39.4016
11.0622 2285.88 136.187 -14.9844 0.1 39.4016
11.0725 2287.28 136.033 -14.9716 0.1 39.4016
11.0827 2288.68 135.879 -14.9588 0.1 39.4016
11.0931 2290.08 135.724 -14.946 0.1 39.4016
11.1034 2291.48 135.57 -14.9332 0.1 39.4016
11.1137 2292.88 135.416 -14.9204 0.1 39.4016
11.1241 2294.28 135.262 -14.9076 0.1 39.4016
11.1344 2295.68 135.107 -14.8949 0.1 39.4016
11.1448 2297.08 134.953 -14.8822 0.1 39.4016
11.1548 2298.43 134.804 -14.8695 0.1 39.3964
11.1648 2299.78 134.655 -14.8577 0.1 39.4016
11.1748 2301.13 134.506 -14.845 0.1 39.3964
11.1849 2302.48 134.357 -14.8332 0.1 39.4016
11.1949 2303.83 134.208 -14.8206 0.1 39.3964
11.205 2305.18 134.059 -14.8088 0.1 39.4016
11.2151 2306.53 133.91 -14.7962 0.1 39.3964
11.2252 2307.88 133.761 -14.7845 0.1 39.4016
11.2353 2309.23 133.611 -14.7719 0.1 39.3964
11.2454 2310.58 133.462 -14.7602 0.1 39.4016
11.2555 2311.93 133.313 -14.7477 0.1 39.3964
11.2656 2313.28 133.163 -14.736 0.1 39.4016
11.2758 2314.63 133.014 -14.7235 0.1 39.3964
11.2859 2315.98 132.865 -14.7118 0.1 39.4016
11.2961 2317.33 132.715 -14.6993 0.1 39.3964
11.3063 2318.68 132.566 -14.6877 0.1 39.4016
11.3165 2320.03 132.416 -14.6752 0.1 39.3964
11.3267 2321.38 132.266 -14.6636 0.1 39.4017
11.3369 2322.73 132.117 -14.6512 0.1 39.3964
11.3471 2324.08 131.967 -14.6396 0.1 39.4017
11.3573 2325.43 131.817 -14.6272 0.1 39.3964
11.3676 2326.78 131.667 -14.6156 0.1 39.4017
11.3778 2328.13 131.517 -14.6033 0.1 39.3963
11.3881 2329.48 131.367 -14.5917 0.1 39.4017
11.3984 2330.83 131.218 -14.5794 0.1 39.3963
11.4087 2332.18 131.067 -14.5679 0.1 39.4017
11.419 2333.53 130.917 -14.5556 0.1 39.3963
11.4293 2334.88 130.767 -14.5441 0.1 39.4017
11.4396 2336.23 130.617 -14.5318 0.1 39.3963
11.45 2337.58 130.467 -14.5204 0.1 39.4017
11.4603 2338.93 130.317 -14.5081 0.1 39.3963
11.4707 2340.28 130.166 -14.4967 0.1 39.4017
11.4811 2341.63 130.016 -14.4845 0.1 39.3963
11.4911 2342.93 129.871 -14.4731 0.1 39.3963
11.5011 2344.23 129.726 -14.4617 0.1 39.3963
11.5111 2345.53 129.581 -14.4504 0.1 39.3963
11.5212 2346.83 129.436 -14.4391 0.1 39.3963
11.5312 2348.13 129.291 -14.4277 0.1 39.3963
11.5413 2349.43 129.146 -14.4164 0.1 39.3963
11.5514 2350.73 129.001 -14.4051 0.1 39.3963
11.5614 2352.03 128.856 -14.3938 0.1 39.3963
11.5715 2353.33 128.71 -14.3826 0.1 39.3963
11.5816 2354.63 128.565 -14.3713 0.1 39.3963
11.5918 2355.93 128.42 -14.3601 0.1 39.3963
11.6019 2357.23 128.274 -14.3488 0.1 39.3963
11.612 2358.53 128.129 -14.3376 0.1 39.3963
11.6222 2359.83 127.984 -14.3264 0.1 39.3963
11.6323 2361.13 127.838 -14.3152 0.1 39.3963
11.6425 2362.43 127.692 -14.304 0.1 39.3963
11.6527 2363.73 127.547 -14.2928 0.1 39.3963
11.6629 2365.03 127.401 -14.2817 0.1 39.3963
11.6731 2366.33 127.255 -14.2705 0.1 39.3963
11.6833 2367.63 127.109 -14.2594 0.1 39.3963
11.6936 2368.93 126.964 -14.2483 0.1 39.3963
11.7038 2370.23 126.818 -14.2371 0.1 39.3962
11.7141 2371.53 126.672 -14.226 0.1 39.3962
11.7243 2372.83 126.526 -14.215 0.1 39.3962
11.7346 2374.13 126.38 -14.2039 0.1 39.3962
11.7449 2375.43 126.233 -14.1928 0.1 39.3962
11.7552 2376.73 126.087 -14.1818 0.1 39.3962
11.7655 2378.03 125.941 -14.1707 0.1 39.3962
11.7759 2379.33 125.795 -14.1597 0.1 39.3962
11.7862 2380.63 125.648 -14.1487 0.1 39.3962
11.7966 2381.93 125.502 -14.1377 0.1 39.3962
11.8069 2383.23 125.355 -14.1267 0.1 39.3962
11.8173 2384.53 125.209 -14.1157 0.1 39.3962
11.8277 2385.83 125.062 -14.1047 0.1 39.3962
11.8377 2387.08 124.921 -14.0946 0.1 39.4018
11.8477 2388.33 124.78 -14.0837 0.1 39.3962
11.8577 2389.58 124.639 -14.0735 0.1 39.4018
11.8678 2390.83 124.498 -14.0627 0.1 39.3962
11.8778 2392.08 124.357 -14.0525 0.1 39.4018
11.8879 2393.33 124.215 -14.0417 0.1 39.3962
11.8979 2394.58 124.074 -14.0316 0.1 39.4018
11.908 2395.83 123.933 -14.0208 0.1 39.3962
11.9181 2397.08 123.791 -14.0107 0.1 39.4018
11.9282 2398.33 123.65 -13.9999 0.1 39.3962
11.9383 2399.58 123.508 -13.9898 0.1 39.4018
11.9484 2400.83 123.367 -13.979 0.1 39.3962
11.9586 2402.08 123.225 -13.969 0.1 39.4019
11.9687 2403.33 123.083 -13.9582 0.1 39.3962
11.9789 2404.58 122.941 -13.9482 0.1 39.4019
11.9891 2405.83 122.8 -13.9375 0.1 39.3962
11.9993 2407.08 122.658 -13.9275 0.1 39.4019
12.0095 2408.33 122.516 -13.9168 0.1 39.3962
12.0197 2409.58 122.374 -13.9068 0.1 39.4019
12.0299 2410.83 122.232 -13.8961 0.1 39.3961
12.0401 2412.08 122.089 -13.8862 0.1 39.4019
12.0504 2413.33 121.947 -13.8755 0.1 39.3961
12.0606 2414.58 121.805 -13.8656 0.1 39.4019
12.0709 2415.83 121.663 -13.8549 0.1 39.3961
12.0812 2417.08 121.52 -13.845 0.1 39.4019
12.0915 2418.33 121.378 -13.8344 0.1 39.3961
12.1018 2419.58 121.235 -13.8245 0.1 39.4019
12.1121 2420.83 121.093 -13.8139 0.1 39.3961
12.1224 2422.08 120.95 -13.804 0.1 39.4019
12.1327 2423.33 120.807 -13.7934 0.1 39.3961
12.1431 2424.58 120.665 -13.7836 0.1 39.4019
12.1535 2425.83 120.522 -13.773 0.1 39.3961
12.1638 2427.08 120.379 -13.7632 0.1 39.4019
12.1742 2428.33 120.236 -13.7527 0.1 39.3961
12.1846 2429.58 120.093 -13.7428 0.1 39.4019
12.1951 2430.83 119.95 -13.7323 0.1 39.3961
12.2051 2432.03 119.813 -13.7226 0.1 39.3961
12.2151 2433.23 119.675 -13.7129 0.1 39.3961
12.2251 2434.43 119.538 -13.7032 0.1 39.3961
12.2352 2435.63 119.4 -13.6934 0.1 39.3961
12.2452 2436.83 119.262 -13.6837 0.1 39.3961
12.2553 2438.03 119.125 -13.6741 0.1 39.3961
12.2654 2439.23 118.987 -13.6644 0.1 39.3961
12.2755 2440.43 118.849 -13.6547 0.1 39.3961
12.2856 2441.63 118.711 -13.645 0.1 39.3961
12.2957 2442.83 118.573 -13.6354 0.1 39.3961
12.3058 2444.03 118.435 -13.6258 0.1 39.3961
12.3159 2445.23 118.297 -13.6161 0.1 39.3961
12.3261 2446.43 118.159 -13.6065 0.1 39.396
12.3363 2447.63 118.021 -13.5969 0.1 39.396
12.3464 2448.83 117.882 -13.5873 0.1 39.396
12.3566 2450.03 117.744 -13.5777 0.1 39.396
12.3668 2451.23 117.606 -13.5681 0.1 39.396
12.377 2452.43 117.467 -13.5585 0.1 39.396
12.3872 2453.63 117.328 -13.549 0.1 39.396
12.3975 2454.83 117.19 -13.5394 0.1 39.396
12.4077 2456.03 117.051 -13.5299 0.1 39.396
12.418 2457.23 116.912 -13.5203 0.1 39.396
12.4283 2458.43 116.774 -13.5108 0.1 39.396
12.4385 2459.63 116.635 -13.5013 0.1 39.396
12.4488 2460.83 116.496 -13.4918 0.1 39.396
12.4591 2462.03 116.357 -13.4823 0.1 39.396
12.4695 2463.23 116.218 -13.4728 0.1 39.396
12.4798 2464.43 116.079 -13.4633 0.1 39.396
12.4901 2465.63 115.939 -13.4539 0.1 39.396
12.5005 2466.83 115.8 -13.4444 0.1 39.396
12.5109 2468.03 115.661 -13.435 0.1 39.396
12.5212 2469.23 115.521 -13.4255 0.1 39.396
12.5316 2470.43 115.382 -13.4161 0.1 39.396
12.542 2471.63 115.242 -13.4067 0.1 39.396
12.5525 2472.83 115.103 -13.3973 0.1 39.396
12.5629 2474.03 114.963 -13.3879 0.1 39.396
12.5729 2475.18 114.829 -13.3792 0.1 39.4021
12.5829 2476.33 114.695 -13.3699 0.1 39.396
12.593 2477.48 114.561 -13.3612 0.1 39.4021
12.603 2478.63 114.427 -13.3519 0.1 39.396
12.6131 2479.78 114.292 -13.3433 0.1 39.4021
12.6231 2480.93 114.158 -13.334 0.1 39.3959
12.6332 2482.08 114.024 -13.3254 0.1 39.4021
12.6433 2483.23 113.889 -13.3161 0.1 39.3959
12.6534 2484.38 113.755 -13.3075 0.1 39.4021
12.6635 2485.53 113.62 -13.2982 0.1 39.3959
12.6736 2486.68 113.486 -13.2896 0.1 39.4021
12.6838 2487.83 113.351 -13.2804 0.1 39.3959
12.6939 2488.98 113.216 -13.2718 0.1 39.4021
12.7041 2490.13 113.081 -13.2626 0.1 39.3959
12.7143 2491.28 112.946 -13.2541 0.1 39.4021
12.7245 2492.43 112.811 -13.2449 0.1 39.3959
12.7347 2493.58 112.676 -13.2363 0.1 39.4021
12.7449 2494.73 112.541 -13.2272 0.1 39.3959
12.7551 2495.88 112.406 -13.2186 0.1 39.4021
12.7653 2497.03 112.271 -13.2095 0.1 39.3959
12.7756 2498.18 112.135 -13.201 0.1 39.4021
12.7858 2499.33 112 -13.1918 0.1 39.3959
12.7961 2500.48 111.864 -13.1833 0.1 39.4021
12.8064 2501.63 111.729 -13.1742 0.1 39.3959
12.8167 2502.78 111.593 -13.1657 0.1 39.4021
12.827 2503.93 111.458 -13.1566 0.1 39.3959
12.8373 2505.08 111.322 -13.1482 0.1 39.4022
12.8477 2506.23 111.186 -13.1391 0.1 39.3959
12.858 2507.38 111.05 -13.1306 0.1 39.4022
12.8684 2508.53 110.914 -13.1216 0.1 39.3959
12.8788 2509.68 110.778 -13.1131 0.1 39.4022
12.8892 2510.83 110.642 -13.1041 0.1 39.3958
12.8996 2511.98 110.505 -13.0957 0.1 39.4022
12.91 2513.13 110.369 -13.0866 0.1 39.3958
12.9204 2514.28 110.233 -13.0782 0.1 39.4022
12.9308 2515.43 110.096 -13.0692 0.1 39.3958
12.9413 2516.58 109.96 -13.0608 0.1 39.4022
12.9513 2517.68 109.829 -13.0525 0.1 39.4022
12.9613 2518.78 109.698 -13.0442 0.1 39.4022
12.9714 2519.88 109.567 -13.0359 0.1 39.4022
12.9814 2520.98 109.436 -13.0277 0.1 39.4022
12.9915 2522.08 109.306 -13.0194 0.1 39.4022
13.0015 2523.18 109.174 -13.0111 0.1 39.4022
13.0116 2524.28 109.043 -13.0029 0.1 39.4022
13.0217 2525.38 108.912 -12.9946 0.1 39.4022
13.0318 2526.48 108.781 -12.9863 0.1 39.4022
13.0419 2527.58 108.649 -12.9781 0.1 39.4022
13.0521 2528.68 108.518 -12.9699 0.1 39.4022
13.0622 2529.78 108.387 -12.9617 0.1 39.4022
13.0724 2530.88 108.255 -12.9534 0.1 39.4022
13.0825 2531.98 108.123 -12.9452 0.1 39.4022
13.0927 2533.08 107.992 -12.937 0.1 39.4023
13.1029 2534.18 107.86 -12.9288 0.1 39.4023
13.1131 2535.28 107.728 -12.9206 0.1 39.4023
13.1233 2536.38 107.596 -12.9125 0.1 39.4023
13.1335 2537.48 107.464 -12.9043 0.1 39.4023
13.1438 2538.58 107.332 -12.8961 0.1 39.4023
13.154 2539.68 107.199 -12.888 0.1 39.4023
13.1643 2540.78 107.067 -12.8798 0.1 39.4023
13.1746 2541.88 106.935 -12.8717 0.1 39.4023
13.1849 2542.98 106.802 -12.8635 0.1 39.4023
13.1952 2544.08 106.67 -12.8554 0.1 39.4023
13.2055 2545.18 106.537 -12.8473 0.1 39.4023
13.2158 2546.28 106.405 -12.8392 0.1 39.4023
13.2262 2547.38 106.272 -12.8311 0.1 39.4023
13.2365 2548.48 106.139 -12.823 0.1 39.4023
13.2469 2549.58 106.006 -12.8149 0.1 39.4023
13.2573 2550.68 105.873 -12.8068 0.1 39.4023
13.2677 2551.78 105.74 -12.7987 0.1 39.4023
13.2781 2552.88 105.607 -12.7907 0.1 39.4023
13.2885 2553.98 105.473 -12.7826 0.1 39.4023
13.299 2555.08 105.34 -12.7746 0.1 39.4023
13.3094 2556.18 105.207 -12.7665 0.1 39.4023
13.3199 2557.28 105.073 -12.7585 0.1 39.4023
13.3304 2558.38 104.939 -12.7505 0.1 39.4023
13.3404 2559.43 104.812 -12.7425 0.1 39.3957
13.3504 2560.48 104.684 -12.7351 0.1 39.4024
13.3604 2561.53 104.556 -12.7272 0.1 39.3957
13.3705 2562.58 104.429 -12.7199 0.1 39.4024
13.3805 2563.63 104.301 -12.7119 0.1 39.3957
13.3906 2564.68 104.173 -12.7046 0.1 39.4024
13.4007 2565.73 104.045 -12.6967 0.1 39.3956
13.4108 2566.78 103.916 -12.6894 0.1 39.4024
13.4209 2567.83 103.788 -12.6815 0.1 39.3956
13.431 2568.88 103.66 -12.6742 0.1 39.4024
13.4412 2569.93 103.531 -12.6663 0.1 39.3956
13.4513 2570.98 103.403 -12.659 0.1 39.4024
13.4615 2572.03 103.274 -12.6511 0.1 39.3956
13.4716 2573.08 103.146 -12.6439 0.1 39.4024
13.4818 2574.13 103.017 -12.636 0.1 39.3956
13.492 2575.18 102.888 -12.6287 0.1 39.4024
13.5022 2576.23 102.759 -12.6209 0.1 39.3956
13.5125 2577.28 102.63 -12.6136 0.1 39.4024
13.5227 2578.33 102.501 -12.6058 0.1 39.3956
13.533 2579.38 102.372 -12.5986 0.1 39.4024
13.5432 2580.43 102.242 -12.5908 0.1 39.3956
13.5535 2581.48 102.113 -12.5835 0.1 39.4024
13.5638 2582.53 101.984 -12.5757 0.1 39.3956
13.5741 2583.58 101.854 -12.5685 0.1 39.4024
13.5844 2584.63 101.725 -12.5607 0.1 39.3956
13.5947 2585.68 101.595 -12.5535 0.1 39.4025
13.6051 2586.73 101.465 -12.5458 0.1 39.3956
13.6154 2587.78 101.335 -12.5386 0.1 39.4025
13.6258 2588.83 101.205 -12.5308 0.1 39.3956
13.6362 2589.88 101.075 -12.5236 0.1 39.4025
13.6466 2590.93 100.945 -12.5159 0.1 39.3955
13.657 2591.98 100.815 -12.5087 0.1 39.4025
13.6674 2593.03 100.684 -12.501 0.1 39.3955
13.6778 2594.08 100.554 -12.4938 0.1 39.4025
13.6883 2595.13 100.424 -12.4861 0.1 39.3955
13.6988 2596.18 100.293 -12.479 0.1 39.4025
13.7092 2597.23 100.162 -12.4713 0.1 39.3955
13.7197 2598.28 100.031 -12.4641 0.1 39.4025
13.7297 2599.28 99.9068 -12.4571 0.1 39.4025
13.7397 2600.28 99.7821 -12.45 0.1 39.4025
13.7498 2601.28 99.6573 -12.443 0.1 39.4025
13.7598 2602.28 99.5324 -12.436 0.1 39.4025
13.7699 2603.28 99.4074 -12.4289 0.1 39.4025
13.7799 2604.28 99.2823 -12.4219 0.1 39.4025
13.79 2605.28 99.1571 -12.4149 0.1 39.4025
13.8001 2606.28 99.0319 -12.4079 0.1 39.4025
13.8102 2607.28 98.9066 -12.4009 0.1 39.4025
13.8203 2608.28 98.7811 -12.3939 0.1 39.4026
13.8305 2609.28 98.6556 -12.3869 0.1 39.4026
13.8406 2610.28 98.53 -12.3799 0.1 39.4026
13.8508 2611.28 98.4043 -12.3729 0.1 39.4026
13.8609 2612.28 98.2785 -12.3659 0.1 39.4026
13.8711 2613.28 98.1527 -12.359 0.1 39.4026
13.8813 2614.28 98.0267 -12.352 0.1 39.4026
13.8915 2615.28 97.9007 -12.345 0.1 39.4026
13.9017 2616.28 97.7745 -12.3381 0.1 39.4026
13.912 2617.28 97.6483 -12.3311 0.1 39.4026
13.9222 2618.28 97.522 -12.3242 0.1 39.4026
13.9325 2619.28 97.3955 -12.3173 0.1 39.4026
13.9427 2620.28 97.269 -12.3103 0.1 39.4026
13.953 2621.28 97.1424 -12.3034 0.1 39.4026
13.9633 2622.28 97.0157 -12.2965 0.1 39.4026
13.9737 2623.28 96.8889 -12.2896 0.1 39.4026
13.984 2624.28 96.762 -12.2827 0.1 39.4026
13.9943 2625.28 96.635 -12.2758 0.1 39.4026
14.0047 2626.28 96.508 -12.2689 0.1 39.4026
14.015 2627.28 96.3808 -12.262 0.1 39.4026
14.0254 2628.28 96.2535 -12.2551 0.1 39.4026
14.0358 2629.28 96.1261 -12.2482 0.1 39.4027
14.0462 2630.28 95.9987 -12.2413 0.1 39.4027
14.0567 2631.28 95.8711 -12.2345 0.1 39.4027
14.0671 2632.28 95.7434 -12.2276 0.1 39.4027
14.0776 2633.28 95.6157 -12.2208 0.1 39.4027
14.088 2634.28 95.4878 -12.2139 0.1 39.4027
14.0985 2635.28 95.3599 -12.2071 0.1 39.4027
14.109 2636.28 95.2318 -12.2002 0.1 39.4027
14.1195 2637.28 95.1036 -12.1934 0.1 39.4027
14.13 2638.28 94.9754 -12.1866 0.1 39.4027
14.14 2639.23 94.8534 -12.1798 0.1 39.3953
14.1501 2640.18 94.7314 -12.1736 0.1 39.4027
14.1601 2641.13 94.6093 -12.1669 0.1 39.3953
14.1701 2642.08 94.487 -12.1607 0.1 39.4027
14.1802 2643.03 94.3647 -12.154 0.1 39.3953
14.1903 2643.98 94.2423 -12.1478 0.1 39.4027
14.2004 2644.93 94.1198 -12.1411 0.1 39.3953
14.2105 2645.88 93.9972 -12.1349 0.1 39.4027
14.2206 2646.83 93.8745 -12.1282 0.1 39.3953
14.2307 2647.78 93.7517 -12.122 0.1 39.4027
14.2408 2648.73 93.6288 -12.1153 0.1 39.3953
14.251 2649.68 93.5059 -12.1092 0.1 39.4028
14.2612 2650.63 93.3828 -12.1025 0.1 39.3953
14.2713 2651.58 93.2596 -12.0963 0.1 39.4028
14.2815 2652.53 93.1363 -12.0897 0.1 39.3953
14.2917 2653.48 93.013 -12.0835 0.1 39.4028
14.302 2654.43 92.8895 -12.0769 0.1 39.3952
14.3122 2655.38 92.7659 -12.0707 0.1 39.4028
14.3224 2656.33 92.6423 -12.0641 0.1 39.3952
14.3327 2657.28 92.5185 -12.0579 0.1 39.4028
14.343 2658.23 92.3947 -12.0513 0.1 39.3952
14.3533 2659.18 92.2707 -12.0452 0.1 39.4028
14.3636 2660.13 92.1466 -12.0386 0.1 39.3952
14.3739 2661.08 92.0225 -12.0325 0.1 39.4028
14.3842 2662.03 91.8982 -12.0259 0.1 39.3952
14.3946 2662.98 91.7738 -12.0198 0.1 39.4028
14.4049 2663.93 91.6493 -12.0132 0.1 39.3952
14.4153 2664.88 91.5248 -12.0071 0.1 39.4028
14.4257 2665.83 91.4001 -12.0005 0.1 39.3952
14.4361 2666.78 91.2753 -11.9944 0.1 39.4028
14.4465 2667.73 91.1504 -11.9878 0.1 39.3952
14.4569 2668.68 91.0254 -11.9817 0.1 39.4029
14.4674 2669.63 90.9003 -11.9752 0.1 39.3952
14.4778 2670.58 90.7751 -11.9691 0.1 39.4029
14.4883 2671.53 90.6498 -11.9626 0.1 39.3951
14.4988 2672.48 90.5243 -11.9565 0.1 39.4029
14.5093 2673.43 90.3988 -11.95 0.1 39.3951
14.5198 2674.38 90.2732 -11.9439 0.1 39.4029
14.5303 2675.33 90.1474 -11.9374 0.1 39.3951
14.5409 2676.28 90.0216 -11.9314 0.1 39.4029
14.5509 2677.18 89.9022 -11.9254 0.1 39.4029
14.5609 2678.08 89.7828 -11.9195 0.1 39.4029
14.5709 2678.98 89.6633 -11.9135 0.1 39.4029
14.581 2679.88 89.5436 -11.9076 0.1 39.4029
14.591 2680.78 89.4239 -11.9017 0.1 39.4029
14.6011 2681.68 89.304 -11.8957 0.1 39.4029
14.6112 2682.58 89.1841 -11.8898 0.1 39.4029
14.6213 2683.48 89.0641 -11.8839 0.1 39.4029
14.6314 2684.38 88.9439 -11.878 0.1 39.4029
14.6415 2685.28 88.8237 -11.8721 0.1 39.403
14.6517 2686.18 88.7033 -11.8662 0.1 39.403
14.6618 2687.08 88.5829 -11.8603 0.1 39.403
14.672 2687.98 88.4623 -11.8544 0.1 39.403
14.6822 2688.88 88.3417 -11.8485 0.1 39.403
14.6924 2689.78 88.2209 -11.8426 0.1 39.403
14.7026 2690.68 88.1 -11.8367 0.1 39.403
14.7128 2691.58 87.9791 -11.8309 0.1 39.403
14.723 2692.48 87.858 -11.825 0.1 39.403
14.7333 2693.38 87.7368 -11.8191 0.1 39.403
14.7436 2694.28 87.6155 -11.8133 0.1 39.403
14.7538 2695.18 87.4941 -11.8074 0.1 39.403
14.7641 2696.08 87.3726 -11.8016 0.1 39.403
14.7744 2696.98 87.251 -11.7957 0.1 39.403
14.7848 2697.88 87.1292 -11.7899 0.1 39.403
14.7951 2698.78 87.0074 -11.784 0.1 39.403
14.8055 2699.68 86.8855 -11.7782 0.1 39.403
14.8158 2700.58 86.7634 -11.7724 0.1 39.403
14.8262 2701.48 86.6412 -11.7665 0.1 39.403
14.8366 2702.38 86.5189 -11.7607 0.1 39.4031
14.847 2703.28 86.3965 -11.7549 0.1 39.4031
14.8574 2704.18 86.274 -11.7491 0.1 39.4031
14.8679 2705.08 86.1514 -11.7433 0.1 39.4031
14.8783 2705.98 86.0287 -11.7375 0.1 39.4031
14.8888 2706.88 85.9058 -11.7317 0.1 39.4031
14.8993 2707.78 85.7828 -11.7259 0.1 39.4031
14.9098 2708.68 85.6598 -11.7201 0.1 39.4031
14.9203 2709.58 85.5366 -11.7143 0.1 39.4031
14.9308 2710.48 85.4132 -11.7085 0.1 39.4031
14.9414 2711.38 85.2898 -11.7027 0.1 39.4031
14.9519 2712.28 85.1663 -11.6969 0.1 39.4031
14.9625 2713.18 85.0426 -11.6912 0.1 39.4031
14.9725 2714.03 84.9257 -11.6855 0.1 39.3949
14.9825 2714.88 84.8087 -11.6803 0.1 39.4031
14.9926 2715.73 84.6915 -11.6746 0.1 39.3949
15.0026 2716.58 84.5743 -11.6694 0.1 39.4031
15.0127 2717.43 84.457 -11.6637 0.1 39.3949
15.0227 2718.28 84.3395 -11.6586 0.1 39.4032
15.0328 2719.13 84.222 -11.6529 0.1 39.3949
15.0429 2719.98 84.1043 -11.6477 0.1 39.4032
15.053 2720.83 83.9865 -11.6421 0.1 39.3948
15.0632 2721.68 83.8687 -11.6369 0.1 39.4032
15.0733 2722.53 83.7507 -11.6313 0.1 39.3948
15.0835 2723.38 83.6325 -11.6261 0.1 39.4032
15.0936 2724.23 83.5143 -11.6204 0.1 39.3948
15.1038 2725.08 83.396 -11.6153 0.1 39.4032
15.114 2725.93 83.2776 -11.6097 0.1 39.3948
15.1242 2726.78 83.159 -11.6045 0.1 39.4032
15.1345 2727.63 83.0403 -11.5989 0.1 39.3948
15.1447 2728.48 82.9215 -11.5937 0.1 39.4032
15.155 2729.33 82.8026 -11.5881 0.1 39.3948
15.1652 2730.18 82.6836 -11.583 0.1 39.4032
15.1755 2731.03 82.5645 -11.5774 0.1 39.3948
15.1858 2731.88 82.4452 -11.5723 0.1 39.4033
15.1961 2732.73 82.3259 -11.5667 0.1 39.3948
15.2065 2733.58 82.2064 -11.5615 0.1 39.4033
15.2168 2734.43 82.0868 -11.556 0.1 39.3947
15.2272 2735.28 81.967 -11.5508 0.1 39.4033
15.2376 2736.13 81.8472 -11.5453 0.1 39.3947
15.248 2736.98 81.7272 -11.5401 0.1 39.4033
15.2584 2737.83 81.6071 -11.5346 0.1 39.3947
15.2688 2738.68 81.4869 -11.5295 0.1 39.4033
15.2792 2739.53 81.3666 -11.5239 0.1 39.3947
15.2897 2740.38 81.2461 -11.5188 0.1 39.4033
15.3002 2741.23 81.1256 -11.5133 0.1 39.3947
15.3106 2742.08 81.0049 -11.5082 0.1 39.4033
15.3211 2742.93 80.8841 -11.5026 0.1 39.3947
15.3317 2743.78 80.7631 -11.4976 0.1 39.4033
15.3422 2744.63 80.642 -11.492 0.1 39.3947
15.3527 2745.48 80.5208 -11.4869 0.1 39.4034
15.3633 2746.33 80.3995 -11.4814 0.1 39.3947
15.3739 2747.18 80.2781 -11.4763 0.1 39.4034
15.3845 2748.03 80.1565 -11.4708 0.1 39.3946
15.3951 2748.88 80.0348 -11.4658 0.1 39.4034
15.4051 2749.68 79.9201 -11.4608 0.1 39.4034
15.4151 2750.48 79.8053 -11.4558 0.1 39.4034
15.4251 2751.28 79.6904 -11.4508 0.1 39.4034
15.4352 2752.08 79.5754 -11.4459 0.1 39.4034
15.4453 2752.88 79.4603 -11.4409 0.1 39.4034
15.4553 2753.68 79.345 -11.436 0.1 39.4034
15.4654 2754.48 79.2297 -11.431 0.1 39.4034
15.4755 2755.28 79.1142 -11.4261 0.1 39.4034
15.4856 2756.08 78.9986 -11.4211 0.1 39.4034
15.4958 2756.88 78.8829 -11.4162 0.1 39.4034
15.5059 2757.68 78.767 -11.4112 0.1 39.4035
15.5161 2758.48 78.6511 -11.4063 0.1 39.4035
15.5263 2759.28 78.535 -11.4014 0.1 39.4035
15.5365 2760.08 78.4188 -11.3964 0.1 39.4035
15.5467 2760.88 78.3024 -11.3915 0.1 39.4035
15.5569 2761.68 78.186 -11.3866 0.1 39.4035
15.5671 2762.48 78.0694 -11.3816 0.1 39.4035
15.5774 2763.28 77.9527 -11.3767 0.1 39.4035
15.5877 2764.08 77.8359 -11.3718 0.1 39.4035
15.598 2764.88 77.719 -11.3669 0.1 39.4035
15.6083 2765.68 77.6019 -11.362 0.1 39.4035
15.6186 2766.48 77.4847 -11.3571 0.1 39.4035
15.6289 2767.28 77.3674 -11.3522 0.1 39.4035
15.6393 2768.08 77.2499 -11.3473 0.1 39.4035
15.6496 2768.88 77.1323 -11.3424 0.1 39.4035
15.66 2769.68 77.0146 -11.3375 0.1 39.4036
15.6704 2770.48 76.8968 -11.3326 0.1 39.4036
15.6808 2771.28 76.7788 -11.3277 0.1 39.4036
15.6912 2772.08 76.6607 -11.3228 0.1 39.4036
15.7017 2772.88 76.5425 -11.318 0.1 39.4036
15.7121 2773.68 76.4241 -11.3131 0.1 39.4036
15.7226 2774.48 76.3056 -11.3082 0.1 39.4036
15.7331 2775.28 76.187 -11.3033 0.1 39.4036
15.7436 2776.08 76.0683 -11.2985 0.1 39.4036
15.7541 2776.88 75.9494 -11.2936 0.1 39.4036
15.7647 2777.68 75.8303 -11.2888 0.1 39.4036
15.7752 2778.48 75.7112 -11.2839 0.1 39.4036
15.7858 2779.28 75.5919 -11.2791 0.1 39.4036
15.7964 2780.08 75.4724 -11.2742 0.1 39.4036
15.807 2780.88 75.3528 -11.2694 0.1 39.4037
15.8176 2781.68 75.2331 -11.2645 0.1 39.4037
15.8283 2782.48 75.1133 -11.2597 0.1 39.4037
15.8389 2783.28 74.9933 -11.2548 0.1 39.4037
15.849 2784.03 74.8807 -11.2501 0.1 39.3943
15.859 2784.78 74.7679 -11.2458 0.1 39.4037
15.869 2785.53 74.655 -11.241 0.1 39.3943
15.8791 2786.28 74.542 -11.2367 0.1 39.4037
15.8891 2787.03 74.4289 -11.232 0.1 39.3943
15.8992 2787.78 74.3157 -11.2277 0.1 39.4037
15.9093 2788.53 74.2023 -11.223 0.1 39.3943
15.9194 2789.28 74.0888 -11.2187 0.1 39.4037
15.9296 2790.03 73.9751 -11.214 0.1 39.3943
15.9397 2790.78 73.8614 -11.2096 0.1 39.4037
15.9499 2791.53 73.7475 -11.2049 0.1 39.3943
15.9601 2792.28 73.6335 -11.2006 0.1 39.4038
15.9703 2793.03 73.5193 -11.1959 0.1 39.3942
15.9805 2793.78 73.405 -11.1917 0.1 39.4038
15.9907 2794.53 73.2906 -11.187 0.1 39.3942
16.0009 2795.28 73.1761 -11.1827 0.1 39.4038
16.0112 2796.03 73.0614 -11.178 0.1 39.3942
16.0215 2796.78 72.9466 -11.1737 0.1 39.4038
16.0318 2797.53 72.8316 -11.169 0.1 39.3942
16.0421 2798.28 72.7165 -11.1647 0.1 39.4038
16.0524 2799.03 72.6013 -11.1601 0.1 39.3942
16.0627 2799.78 72.4859 -11.1558 0.1 39.4038
16.0731 2800.53 72.3704 -11.1511 0.1 39.3942
16.0835 2801.28 72.2548 -11.1469 0.1 39.4039
16.0938 2802.03 72.139 -11.1422 0.1 39.3942
16.1042 2802.78 72.0231 -11.1379 0.1 39.4039
16.1147 2803.53 71.907 -11.1333 0.1 39.3941
16.1251 2804.28 71.7908 -11.129 0.1 39.4039
16.1356 2805.03 71.6745 -11.1244 0.1 39.3941
16.146 2805.78 71.558 -11.1201 0.1 39.4039
16.1565 2806.53 71.4414 -11.1155 0.1 39.3941
16.167 2807.28 71.3246 -11.1112 0.1 39.4039
16.1776 2808.03 71.2077 -11.1066 0.1 39.3941
16.1881 2808.78 71.0906 -11.1024 0.1 39.4039
16.1987 2809.53 70.9734 -11.0977 0.1 39.3941
16.2092 2810.28 70.8561 -11.0935 0.1 39.4039
16.2198 2811.03 70.7386 -11.0889 0.1 39.3941
16.2304 2811.78 70.6209 -11.0846 0.1 39.404
16.2411 2812.53 70.5031 -11.08 0.1 39.394
16.2517 2813.28 70.3852 -11.0758 0.1 39.404
16.2624 2814.03 70.2671 -11.0712 0.1 39.394
16.2731 2814.78 70.1488 -11.0669 0.1 39.404
16.2838 2815.53 70.0304 -11.0623 0.1 39.394
16.2938 2816.23 69.9198 -11.0582 0.1 39.394
16.3038 2816.93 69.809 -11.0541 0.1 39.394
16.3138 2817.63 69.6981 -11.05 0.1 39.394
16.3239 2818.33 69.587 -11.0459 0.1 39.394
16.334 2819.03 69.4759 -11.0418 0.1 39.394
16.344 2819.73 69.3645 -11.0377 0.1 39.394
16.3541 2820.43 69.2531 -11.0336 0.1 39.394
16.3643 2821.13 69.1415 -11.0295 0.1 39.3939
16.3744 2821.83 69.0297 -11.0254 0.1 39.3939
16.3845 2822.53 68.9178 -11.0213 0.1 39.3939
16.3947 2823.23 68.8058 -11.0172 0.1 39.3939
16.4049 2823.93 68.6937 -11.0131 0.1 39.3939
16.4151 2824.63 68.5814 -11.009 0.1 39.3939
16.4253 2825.33 68.4689 -11.0049 0.1 39.3939
16.4355 2826.03 68.3563 -11.0008 0.1 39.3939
16.4458 2826.73 68.2436 -10.9968 0.1 39.3939
16.456 2827.43 68.1307 -10.9927 0.1 39.3939
16.4663 2828.13 68.0177 -10.9886 0.1 39.3939
16.4766 2828.83 67.9045 -10.9845 0.1 39.3939
16.4869 2829.53 67.7912 -10.9805 0.1 39.3938
16.4973 2830.23 67.6778 -10.9764 0.1 39.3938
16.5076 2830.93 67.5641 -10.9723 0.1 39.3938
16.518 2831.63 67.4504 -10.9683 0.1 39.3938
16.5284 2832.33 67.3365 -10.9642 0.1 39.3938
16.5388 2833.03 67.2224 -10.9601 0.1 39.3938
16.5492 2833.73 67.1082 -10.9561 0.1 39.3938
16.5597 2834.43 66.9938 -10.952 0.1 39.3938
16.5701 2835.13 66.8793 -10.948 0.1 39.3938
16.5806 2835.83 66.7646 -10.9439 0.1 39.3938
16.5911 2836.53 66.6498 -10.9399 0.1 39.3938
16.6016 2837.23 66.5348 -10.9358 0.1 39.3937
16.6121 2837.93 66.4197 -10.9318 0.1 39.3937
16.6227 2838.63 66.3044 -10.9278 0.1 39.3937
16.6332 2839.33 66.1889 -10.9237 0.1 39.3937
16.6438 2840.03 66.0733 -10.9197 0.1 39.3937
16.6544 2840.73 65.9576 -10.9157 0.1 39.3937
16.6651 2841.43 65.8416 -10.9116 0.1 39.3937
16.6757 2842.13 65.7255 -10.9076 0.1 39.3937
16.6864 2842.83 65.6093 -10.9036 0.1 39.3937
16.697 2843.53 65.4928 -10.8995 0.1 39.3937
16.7077 2844.23 65.3763 -10.8955 0.1 39.3937
16.7185 2844.93 65.2595 -10.8915 0.1 39.3936
16.7292 2845.63 65.1426 -10.8875 0.1 39.3936
16.74 2846.33 65.0255 -10.8835 0.1 39.3936
16.75 2846.98 64.9166 -10.8799 0.1 39.4044
16.76 2847.63 64.8076 -10.876 0.1 39.3936
16.77 2848.28 64.6985 -10.8725 0.1 39.4044
16.7801 2848.93 64.5892 -10.8686 0.1 39.3936
16.7901 2849.58 64.4797 -10.865 0.1 39.4044
16.8002 2850.23 64.3701 -10.8612 0.1 39.3936
16.8103 2850.88 64.2603 -10.8576 0.1 39.4045
16.8205 2851.53 64.1504 -10.8537 0.1 39.3936
16.8306 2852.18 64.0404 -10.8502 0.1 39.4045
16.8408 2852.83 63.9302 -10.8463 0.1 39.3935
16.8509 2853.48 63.8198 -10.8428 0.1 39.4045
16.8611 2854.13 63.7093 -10.8389 0.1 39.3935
16.8714 2854.78 63.5986 -10.8354 0.1 39.4045
16.8816 2855.43 63.4878 -10.8315 0.1 39.3935
16.8918 2856.08 63.3768 -10.828 0.1 39.4045
16.9021 2856.73 63.2657 -10.8241 0.1 39.3935
16.9124 2857.38 63.1544 -10.8206 0.1 39.4046
16.9227 2858.03 63.0429 -10.8167 0.1 39.3935
16.933 2858.68 62.9313 -10.8132 0.1 39.4046
16.9433 2859.33 62.8195 -10.8093 0.1 39.3934
16.9537 2859.98 62.7076 -10.8058 0.1 39.4046
16.9641 2860.63 62.5955 -10.802 0.1 39.3934
16.9745 2861.28 62.4833 -10.7985 0.1 39.4046
16.9849 2861.93 62.3708 -10.7946 0.1 39.3934
16.9953 2862.58 62.2583 -10.7911 0.1 39.4046
17.0058 2863.23 62.1455 -10.7873 0.1 39.3934
17.0162 2863.88 62.0326 -10.7838 0.1 39.4047
17.0267 2864.53 61.9195 -10.7799 0.1 39.3934
17.0372 2865.18 61.8062 -10.7764 0.1 39.4047
17.0478 2865.83 61.6928 -10.7726 0.1 39.3933
17.0583 2866.48 61.5792 -10.7691 0.1 39.4047
17.0689 2867.13 61.4655 -10.7653 0.1 39.3933
17.0795 2867.78 61.3515 -10.7618 0.1 39.4047
17.0901 2868.43 61.2374 -10.7579 0.1 39.3933
17.1007 2869.08 61.1231 -10.7544 0.1 39.4047
17.1113 2869.73 61.0087 -10.7506 0.1 39.3933
17.122 2870.38 60.894 -10.7471 0.1 39.4048
17.1327 2871.03 60.7792 -10.7433 0.1 39.3933
17.1434 2871.68 60.6642 -10.7398 0.1 39.4048
17.1541 2872.33 60.5491 -10.736 0.1 39.3932
17.1649 2872.98 60.4337 -10.7325 0.1 39.4048
17.1756 2873.63 60.3182 -10.7287 0.1 39.3932
17.1864 2874.28 60.2025 -10.7253 0.1 39.4048
17.1972 2874.93 60.0866 -10.7215 0.1 39.3932
17.208 2875.58 59.9705 -10.718 0.1 39.4048
17.2181 2876.18 59.8632 -10.7146 0.1 39.4049
17.2281 2876.78 59.7557 -10.7113 0.1 39.4049
17.2381 2877.38 59.6481 -10.7079 0.1 39.4049
17.2482 2877.98 59.5403 -10.7046 0.1 39.4049
17.2583 2878.58 59.4323 -10.7012 0.1 39.4049
17.2684 2879.18 59.3242 -10.6979 0.1 39.4049
17.2785 2879.78 59.2159 -10.6945 0.1 39.4049
17.2887 2880.38 59.1074 -10.6912 0.1 39.4049
17.2988 2880.98 58.9988 -10.6878 0.1 39.4049
17.309 2881.58 58.89 -10.6845 0.1 39.405
17.3192 2882.18 58.7811 -10.6811 0.1 39.405
17.3294 2882.78 58.672 -10.6778 0.1 39.405
17.3397 2883.38 58.5627 -10.6745 0.1 39.405
17.3499 2883.98 58.4532 -10.6711 0.1 39.405
17.3602 2884.58 58.3436 -10.6678 0.1 39.405
17.3705 2885.18 58.2338 -10.6645 0.1 39.405
17.3808 2885.78 58.1238 -10.6611 0.1 39.405
17.3911 2886.38 58.0137 -10.6578 0.1 39.405
17.4015 2886.98 57.9034 -10.6545 0.1 39.4051
17.4119 2887.58 57.7929 -10.6512 0.1 39.4051
17.4223 2888.18 57.6822 -10.6478 0.1 39.4051
17.4327 2888.78 57.5713 -10.6445 0.1 39.4051
17.4431 2889.38 57.4603 -10.6412 0.1 39.4051
17.4536 2889.98 57.3491 -10.6379 0.1 39.4051
17.464 2890.58 57.2377 -10.6346 0.1 39.4051
17.4745 2891.18 57.1261 -10.6312 0.1 39.4051
17.485 2891.78 57.0144 -10.6279 0.1 39.4051
17.4956 2892.38 56.9024 -10.6246 0.1 39.4052
17.5061 2892.98 56.7903 -10.6213 0.1 39.4052
17.5167 2893.58 56.678 -10.618 0.1 39.4052
17.5273 2894.18 56.5655 -10.6147 0.1 39.4052
17.5379 2894.78 56.4528 -10.6114 0.1 39.4052
17.5486 2895.38 56.3399 -10.6081 0.1 39.4052
17.5592 2895.98 56.2268 -10.6048 0.1 39.4052
17.5699 2896.58 56.1136 -10.6015 0.1 39.4052
17.5806 2897.18 56.0001 -10.5982 0.1 39.4053
17.5913 2897.78 55.8864 -10.5949 0.1 39.4053
17.6021 2898.38 55.7726 -10.5916 0.1 39.4053
17.6129 2898.98 55.6585 -10.5883 0.1 39.4053
17.6236 2899.58 55.5443 -10.585 0.1 39.4053
17.6345 2900.18 55.4298 -10.5817 0.1 39.4053
17.6453 2900.78 55.3152 -10.5784 0.1 39.4053
17.6562 2901.38 55.2003 -10.5751 0.1 39.4053
17.667 2901.98 55.0853 -10.5719 0.1 39.4054
17.6779 2902.58 54.97 -10.5686 0.1 39.4054
17.688 2903.13 54.8642 -10.5654 0.1 39.3926
17.698 2903.68 54.7582 -10.5626 0.1 39.4054
17.708 2904.23 54.652 -10.5594 0.1 39.3926
17.7181 2904.78 54.5456 -10.5566 0.1 39.4054
17.7282 2905.33 54.4391 -10.5534 0.1 39.3926
17.7383 2905.88 54.3324 -10.5505 0.1 39.4055
17.7485 2906.43 54.2255 -10.5474 0.1 39.3926
17.7586 2906.98 54.1184 -10.5445 0.1 39.4055
17.7688 2907.53 54.0111 -10.5414 0.1 39.3925
17.779 2908.08 53.9037 -10.5386 0.1 39.4055
17.7892 2908.63 53.796 -10.5354 0.1 39.3925
17.7994 2909.18 53.6882 -10.5326 0.1 39.4055
17.8097 2909.73 53.5802 -10.5294 0.1 39.3925
17.82 2910.28 53.472 -10.5266 0.1 39.4056
17.8303 2910.83 53.3637 -10.5234 0.1 39.3925
17.8406 2911.38 53.2551 -10.5206 0.1 39.4056
17.8509 2911.93 53.1463 -10.5175 0.1 39.3924
17.8613 2912.48 53.0374 -10.5146 0.1 39.4056
17.8717 2913.03 52.9282 -10.5115 0.1 39.3924
17.8821 2913.58 52.8189 -10.5087 0.1 39.4056
17.8925 2914.13 52.7094 -10.5055 0.1 39.3924
17.9029 2914.68 52.5996 -10.5027 0.1 39.4057
17.9134 2915.23 52.4897 -10.4996 0.1 39.3923
17.9239 2915.78 52.3796 -10.4967 0.1 39.4057
17.9344 2916.33 52.2693 -10.4936 0.1 39.3923
17.9449 2916.88 52.1587 -10.4908 0.1 39.4057
17.9555 2917.43 52.048 -10.4877 0.1 39.3923
17.9661 2917.98 51.9371 -10.4848 0.1 39.4057
17.9767 2918.53 51.8259 -10.4817 0.1 39.3923
17.9873 2919.08 51.7146 -10.4789 0.1 39.4058
17.998 2919.63 51.603 -10.4758 0.1 39.3922
18.0086 2920.18 51.4912 -10.473 0.1 39.4058
18.0193 2920.73 51.3793 -10.4699 0.1 39.3922
18.03 2921.28 51.2671 -10.467 0.1 39.4058
18.0408 2921.83 51.1547 -10.4639 0.1 39.3922
18.0515 2922.38 51.042 -10.4611 0.1 39.4059
18.0623 2922.93 50.9292 -10.458 0.1 39.3921
18.0731 2923.48 50.8161 -10.4552 0.1 39.4059
18.084 2924.03 50.7029 -10.4521 0.1 39.3921
18.0948 2924.58 50.5894 -10.4493 0.1 39.4059
18.1057 2925.13 50.4756 -10.4462 0.1 39.3921
18.1166 2925.68 50.3617 -10.4434 0.1 39.406
18.1276 2926.23 50.2475 -10.4403 0.1 39.392
18.1385 2926.78 50.1331 -10.4375 0.1 39.406
18.1495 2927.33 50.0185 -10.4344 0.1 39.392
18.1595 2927.83 49.9141 -10.4317 0.1 39.392
18.1696 2928.33 49.8095 -10.429 0.1 39.392
18.1796 2928.83 49.7047 -10.4264 0.1 39.392
18.1897 2929.33 49.5997 -10.4237 0.1 39.392
18.1998 2929.83 49.4945 -10.421 0.1 39.3919
18.2099 2930.33 49.3891 -10.4183 0.1 39.3919
18.22 2930.83 49.2835 -10.4157 0.1 39.3919
18.2302 2931.33 49.1777 -10.413 0.1 39.3919
18.2404 2931.83 49.0718 -10.4103 0.1 39.3919
18.2506 2932.33 48.9656 -10.4076 0.1 39.3919
18.2608 2932.83 48.8592 -10.405 0.1 39.3918
18.271 2933.33 48.7526 -10.4023 0.1 39.3918
18.2813 2933.83 48.6458 -10.3996 0.1 39.3918
18.2916 2934.33 48.5388 -10.397 0.1 39.3918
18.3019 2934.83 48.4316 -10.3943 0.1 39.3918
18.3122 2935.33 48.3241 -10.3916 0.1 39.3918
18.3226 2935.83 48.2165 -10.389 0.1 39.3918
18.333 2936.33 48.1087 -10.3863 0.1 39.3917
18.3434 2936.83 48.0006 -10.3837 0.1 39.3917
18.3538 2937.33 47.8923 -10.381 0.1 39.3917
18.3643 2937.83 47.7838 -10.3783 0.1 39.3917
18.3747 2938.33 47.6751 -10.3757 0.1 39.3917
18.3852 2938.83 47.5661 -10.373 0.1 39.3917
18.3958 2939.33 47.457 -10.3704 0.1 39.3916
18.4063 2939.83 47.3476 -10.3677 0.1 39.3916
18.4169 2940.33 47.238 -10.3651 0.1 39.3916
18.4275 2940.83 47.1282 -10.3624 0.1 39.3916
18.4381 2941.33 47.0181 -10.3598 0.1 39.3916
18.4488 2941.83 46.9078 -10.3571 0.1 39.3915
18.4594 2942.33 46.7973 -10.3545 0.1 39.3915
18.4701 2942.83 46.6865 -10.3518 0.1 39.3915
18.4809 2943.33 46.5755 -10.3492 0.1 39.3915
18.4916 2943.83 46.4643 -10.3465 0.1 39.3915
18.5024 2944.33 46.3528 -10.3439 0.1 39.3915
18.5132 2944.83 46.2411 -10.3412 0.1 39.3914
18.524 2945.33 46.1291 -10.3386 0.1 39.3914
18.5349 2945.83 46.0169 -10.336 0.1 39.3914
18.5457 2946.33 45.9045 -10.3333 0.1 39.3914
18.5566 2946.83 45.7918 -10.3307 0.1 39.3914
18.5676 2947.33 45.6789 -10.328 0.1 39.3913
18.5785 2947.83 45.5657 -10.3254 0.1 39.3913
18.5895 2948.33 45.4522 -10.3228 0.1 39.3913
18.6005 2948.83 45.3386 -10.3201 0.1 39.3913
18.6116 2949.33 45.2246 -10.3175 0.1 39.3913
18.6227 2949.83 45.1104 -10.3149 0.1 39.3913
18.6338 2950.33 44.9959 -10.3122 0.1 39.3912
18.6438 2950.78 44.8927 -10.31 0.1 39.4068
18.6538 2951.23 44.7892 -10.3075 0.1 39.3912
18.6639 2951.68 44.6855 -10.3053 0.1 39.4068
18.674 2952.13 44.5816 -10.3028 0.1 39.3912
18.6841 2952.58 44.4775 -10.3005 0.1 39.4069
18.6942 2953.03 44.3732 -10.298 0.1 39.3911
18.7043 2953.48 44.2686 -10.2958 0.1 39.4069
18.7145 2953.93 44.1638 -10.2933 0.1 39.3911
18.7247 2954.38 44.0588 -10.2911 0.1 39.407
18.735 2954.83 43.9536 -10.2886 0.1 39.391
18.7452 2955.28 43.8481 -10.2864 0.1 39.407
18.7555 2955.73 43.7424 -10.2839 0.1 39.391
18.7658 2956.18 43.6365 -10.2816 0.1 39.407
18.7761 2956.63 43.5303 -10.2792 0.1 39.391
18.7865 2957.08 43.4239 -10.2769 0.1 39.4071
18.7968 2957.53 43.3173 -10.2745 0.1 39.3909
18.8072 2957.98 43.2104 -10.2722 0.1 39.4071
18.8177 2958.43 43.1033 -10.2698 0.1 39.3909
18.8281 2958.88 42.996 -10.2675 0.1 39.4071
18.8386 2959.33 42.8884 -10.265 0.1 39.3909
18.8491 2959.78 42.7805 -10.2628 0.1 39.4072
18.8596 2960.23 42.6725 -10.2603 0.1 39.3908
18.8702 2960.68 42.5641 -10.2581 0.1 39.4072
18.8808 2961.13 42.4555 -10.2556 0.1 39.3908
18.8914 2961.58 42.3467 -10.2534 0.1 39.4073
18.902 2962.03 42.2376 -10.251 0.1 39.3907
18.9127 2962.48 42.1282 -10.2487 0.1 39.4073
18.9234 2962.93 42.0186 -10.2463 0.1 39.3907
18.9341 2963.38 41.9087 -10.244 0.1 39.4074
18.9449 2963.83 41.7986 -10.2416 0.1 39.3906
18.9557 2964.28 41.6882 -10.2393 0.1 39.4074
18.9665 2964.73 41.5775 -10.2369 0.1 39.3906
18.9773 2965.18 41.4665 -10.2347 0.1 39.4074
18.9882 2965.63 41.3553 -10.2322 0.1 39.3905
18.9991 2966.08 41.2438 -10.23 0.1 39.4075
19.01 2966.53 41.1321 -10.2275 0.1 39.3905
19.021 2966.98 41.02 -10.2253 0.1 39.4075
19.032 2967.43 40.9077 -10.2229 0.1 39.3905
19.043 2967.88 40.7951 -10.2206 0.1 39.4076
19.054 2968.33 40.6822 -10.2182 0.1 39.3904
19.0651 2968.78 40.569 -10.216 0.1 39.4076
19.0762 2969.23 40.4555 -10.2135 0.1 39.3904
19.0874 2969.68 40.3417 -10.2113 0.1 39.4077
19.0985 2970.13 40.2277 -10.2088 0.1 39.3903
19.1097 2970.58 40.1133 -10.2066 0.1 39.4077
19.121 2971.03 39.9986 -10.2042 0.1 39.3903
19.131 2971.43 39.8965 -10.2021 0.1 39.3902
19.141 2971.83 39.794 -10.2 0.1 39.3902
19.1511 2972.23 39.6914 -10.198 0.1 39.3902
19.1612 2972.63 39.5884 -10.1959 0.1 39.3902
19.1713 2973.03 39.4853 -10.1938 0.1 39.3901
19.1814 2973.43 39.3819 -10.1918 0.1 39.3901
19.1916 2973.83 39.2782 -10.1897 0.1 39.3901
19.2018 2974.23 39.1743 -10.1876 0.1 39.3901
19.212 2974.63 39.0701 -10.1856 0.1 39.3901
19.2223 2975.03 38.9657 -10.1835 0.1 39.39
19.2326 2975.43 38.861 -10.1814 0.1 39.39
19.2429 2975.83 38.7561 -10.1794 0.1 39.39
19.2532 2976.23 38.6509 -10.1773 0.1 39.39
19.2636 2976.63 38.5454 -10.1752 0.1 39.3899
19.274 2977.03 38.4397 -10.1732 0.1 39.3899
19.2844 2977.43 38.3336 -10.1711 0.1 39.3899
19.2949 2977.83 38.2274 -10.1691 0.1 39.3899
19.3053 2978.23 38.1208 -10.167 0.1 39.3898
19.3158 2978.63 38.014 -10.1649 0.1 39.3898
19.3264 2979.03 37.9068 -10.1629 0.1 39.3898
19.337 2979.43 37.7994 -10.1608 0.1 39.3898
19.3476 2979.83 37.6918 -10.1588 0.1 39.3897
19.3582 2980.23 37.5838 -10.1567 0.1 39.3897
19.3688 2980.63 37.4755 -10.1546 0.1 39.3897
19.3795 2981.03 37.367 -10.1526 0.1 39.3896
19.3903 2981.43 37.2581 -10.1505 0.1 39.3896
19.401 2981.83 37.149 -10.1485 0.1 39.3896
19.4118 2982.23 37.0395 -10.1464 0.1 39.3896
19.4226 2982.63 36.9298 -10.1444 0.1 39.3895
19.4335 2983.03 36.8197 -10.1423 0.1 39.3895
19.4443 2983.43 36.7094 -10.1403 0.1 39.3895
19.4553 2983.83 36.5987 -10.1382 0.1 39.3894
19.4662 2984.23 36.4877 -10.1362 0.1 39.3894
19.4772 2984.63 36.3764 -10.1341 0.1 39.3894
19.4882 2985.03 36.2648 -10.1321 0.1 39.3894
19.4993 2985.43 36.1529 -10.13 0.1 39.3893
19.5103 2985.83 36.0406 -10.128 0.1 39.3893
19.5215 2986.23 35.928 -10.1259 0.1 39.3893
19.5326 2986.63 35.8151 -10.1239 0.1 39.3892
19.5438 2987.03 35.7018 -10.1218 0.1 39.3892
19.555 2987.43 35.5883 -10.1198 0.1 39.3892
19.5663 2987.83 35.4743 -10.1177 0.1 39.3891
19.5776 2988.23 35.36 -10.1157 0.1 39.3891
19.5889 2988.63 35.2454 -10.1136 0.1 39.3891
19.6003 2989.03 35.1304 -10.1116 0.1 39.389
19.6117 2989.43 35.0151 -10.1095 0.1 39.389
19.6217 2989.78 34.9139 -10.1078 0.1 39.409
19.6317 2990.13 34.8124 -10.106 0.1 39.389
19.6418 2990.48 34.7106 -10.1043 0.1 39.4091
19.6519 2990.83 34.6086 -10.1024 0.1 39.3889
19.662 2991.18 34.5063 -10.1007 0.1 39.4092
19.6722 2991.53 34.4036 -10.0988 0.1 39.3888
19.6824 2991.88 34.3007 -10.0971 0.1 39.4092
19.6926 2992.23 34.1975 -10.0952 0.1 39.3888
19.7029 2992.58 34.0941 -10.0935 0.1 39.4093
19.7131 2992.93 33.9903 -10.0917 0.1 39.3887
19.7235 2993.28 33.8862 -10.09 0.1 39.4093
19.7338 2993.63 33.7818 -10.0881 0.1 39.3887
19.7442 2993.98 33.6771 -10.0864 0.1 39.4094
19.7546 2994.33 33.5721 -10.0845 0.1 39.3886
19.765 2994.68 33.4668 -10.0828 0.1 39.4095
19.7755 2995.03 33.3612 -10.081 0.1 39.3885
19.786 2995.38 33.2552 -10.0793 0.1 39.4095
19.7966 2995.73 33.149 -10.0774 0.1 39.3885
19.8072 2996.08 33.0424 -10.0757 0.1 39.4096
19.8178 2996.43 32.9355 -10.0738 0.1 39.3884
19.8284 2996.78 32.8282 -10.0721 0.1 39.4097
19.8391 2997.13 32.7206 -10.0703 0.1 39.3883
19.8498 2997.48 32.6127 -10.0686 0.1 39.4097
19.8606 2997.83 32.5045 -10.0667 0.1 39.3882
19.8714 2998.18 32.3959 -10.065 0.1 39.4098
19.8822 2998.53 32.2869 -10.0631 0.1 39.3882
19.893 2998.88 32.1777 -10.0614 0.1 39.4099
19.9039 2999.23 32.068 -10.0596 0.1 39.3881
19.9149 2999.58 31.958 -10.0579 0.1 39.41
19.9258 2999.93 31.8477 -10.056 0.1 39.388
19.9369 3000.28 31.7369 -10.0543 0.1 39.41
19.9479 3000.63 31.6258 -10.0525 0.1 39.3879
19.959 3000.98 31.5144 -10.0508 0.1 39.4101
19.9701 3001.33 31.4025 -10.0489 0.1 39.3879
19.9813 3001.68 31.2903 -10.0472 0.1 39.4102
19.9925 3002.03 31.1777 -10.0454 0.1 39.3878
20.0038 3002.38 31.0647 -10.0437 0.1 39.4103
20.015 3002.73 30.9513 -10.0418 0.1 39.3877
20.0264 3003.08 30.8376 -10.0401 0.1 39.4104
20.0377 3003.43 30.7234 -10.0382 0.1 39.3876
20.0492 3003.78 30.6088 -10.0366 0.1 39.4104
20.0606 3004.13 30.4938 -10.0347 0.1 39.3875
20.0721 3004.48 30.3784 -10.033 0.1 39.4105
20.0837 3004.83 30.2625 -10.0311 0.1 39.3874
20.0953 3005.18 30.1463 -10.0294 0.1 39.4106
20.1069 3005.53 30.0296 -10.0276 0.1 39.3874
20.1169 3005.83 29.9292 -10.0261 0.1 39.3873
20.127 3006.13 29.8285 -10.0246 0.1 39.3873
20.137 3006.43 29.7275 -10.023 0.1 39.3872
20.1471 3006.73 29.6262 -10.0215 0.1 39.3872
20.1573 3007.03 29.5245 -10.02 0.1 39.3872
20.1675 3007.33 29.4225 -10.0185 0.1 39.3871
20.1777 3007.63 29.3202 -10.0169 0.1 39.3871
20.1879 3007.93 29.2175 -10.0154 0.1 39.387
20.1982 3008.23 29.1144 -10.0139 0.1 39.387
20.2086 3008.53 29.011 -10.0124 0.1 39.3869
20.2189 3008.83 28.9073 -10.0109 0.1 39.3869
20.2293 3009.13 28.8032 -10.0093 0.1 39.3869
20.2398 3009.43 28.6987 -10.0078 0.1 39.3868
20.2502 3009.73 28.5939 -10.0063 0.1 39.3868
20.2607 3010.03 28.4887 -10.0048 0.1 39.3867
20.2713 3010.33 28.3831 -10.0033 0.1 39.3867
20.2819 3010.63 28.2772 -10.0018 0.1 39.3866
20.2925 3010.93 28.1708 -10.0002 0.1 39.3866
20.3032 3011.23 28.0641 -9.99871 0.1 39.3865
20.3139 3011.53 27.957 -9.99719 0.1 39.3865
20.3247 3011.83 27.8495 -9.99567 0.1 39.3864
20.3355 3012.13 27.7416 -9.99415 0.1 39.3864
20.3463 3012.43 27.6333 -9.99264 0.1 39.3863
20.3572 3012.73 27.5245 -9.99112 0.1 39.3863
20.3681 3013.03 27.4154 -9.9896 0.1 39.3862
20.3791 3013.33 27.3058 -9.98808 0.1 39.3862
20.3901 3013.63 27.1958 -9.98656 0.1 39.3861
20.4011 3013.93 27.0854 -9.98504 0.1 39.3861
20.4122 3014.23 26.9746 -9.98352 0.1 39.386
20.4234 3014.53 26.8633 -9.982 0.1 39.386
20.4346 3014.83 26.7516 -9.98048 0.1 39.3859
20.4458 3015.13 26.6394 -9.97896 0.1 39.3859
20.4571 3015.43 26.5267 -9.97744 0.1 39.3858
20.4685 3015.73 26.4136 -9.97592 0.1 39.3858
20.4798 3016.03 26.3 -9.9744 0.1 39.3857
20.4913 3016.33 26.186 -9.97288 0.1 39.3856
20.5028 3016.63 26.0714 -9.97136 0.1 39.3856
20.5143 3016.93 25.9564 -9.96984 0.1 39.3855
20.5259 3017.23 25.8409 -9.96832 0.1 39.3855
20.5375 3017.53 25.7249 -9.9668 0.1 39.3854
20.5492 3017.83 25.6083 -9.96528 0.1 39.3853
20.561 3018.13 25.4913 -9.96375 0.1 39.3853
20.5728 3018.43 25.3737 -9.96223 0.1 39.3852
20.5846 3018.73 25.2556 -9.96071 0.1 39.3852
20.5965 3019.03 25.137 -9.95919 0.1 39.3851
20.6085 3019.33 25.0178 -9.95767 0.1 39.385
20.6185 3019.58 24.9181 -9.95646 0.1 39.4131
20.6286 3019.83 24.818 -9.95513 0.1 39.3849
20.6387 3020.08 24.7174 -9.95392 0.1 39.4132
20.6488 3020.33 24.6165 -9.95259 0.1 39.3848
20.659 3020.58 24.5152 -9.95138 0.1 39.4133
20.6692 3020.83 24.4135 -9.95005 0.1 39.3847
20.6795 3021.08 24.3113 -9.94884 0.1 39.4134
20.6898 3021.33 24.2088 -9.94751 0.1 39.3846
20.7001 3021.58 24.1058 -9.9463 0.1 39.4135
20.7105 3021.83 24.0024 -9.94497 0.1 39.3844
20.721 3022.08 23.8985 -9.94376 0.1 39.4136
20.7315 3022.33 23.7943 -9.94242 0.1 39.3843
20.742 3022.58 23.6895 -9.94121 0.1 39.4138
20.7526 3022.83 23.5843 -9.93988 0.1 39.3842
20.7632 3023.08 23.4787 -9.93866 0.1 39.4139
20.7739 3023.33 23.3726 -9.93733 0.1 39.384
20.7846 3023.58 23.266 -9.93612 0.1 39.414
20.7954 3023.83 23.159 -9.93478 0.1 39.3839
20.8062 3024.08 23.0514 -9.93356 0.1 39.4142
20.8171 3024.33 22.9434 -9.93223 0.1 39.3838
20.828 3024.58 22.8349 -9.93101 0.1 39.4143
20.839 3024.83 22.7258 -9.92967 0.1 39.3836
20.85 3025.08 22.6163 -9.92846 0.1 39.4145
20.8611 3025.33 22.5062 -9.92712 0.1 39.3835
20.8723 3025.58 22.3957 -9.9259 0.1 39.4146
20.8835 3025.83 22.2845 -9.92456 0.1 39.3833
20.8947 3026.08 22.1729 -9.92334 0.1 39.4148
20.906 3026.33 22.0606 -9.922 0.1 39.3832
20.9174 3026.58 21.9479 -9.92078 0.1 39.4149
20.9288 3026.83 21.8345 -9.91944 0.1 39.383
20.9403 3027.08 21.7206 -9.91821 0.1 39.4151
20.9518 3027.33 21.6061 -9.91687 0.1 39.3828
20.9635 3027.58 21.491 -9.91564 0.1 39.4153
20.9751 3027.83 21.3753 -9.9143 0.1 39.3826
20.9869 3028.08 21.2589 -9.91307 0.1 39.4155
20.9987 3028.33 21.142 -9.91172 0.1 39.3825
21.0105 3028.58 21.0244 -9.91049 0.1 39.4156
21.0225 3028.83 20.9062 -9.90914 0.1 39.3823
21.0345 3029.08 20.7873 -9.90791 0.1 39.4158
21.0465 3029.33 20.6677 -9.90656 0.1 39.3821
21.0587 3029.58 20.5475 -9.90532 0.1 39.416
21.0709 3029.83 20.4265 -9.90397 0.1 39.3819
21.0832 3030.08 20.3049 -9.90273 0.1 39.4162
21.0955 3030.33 20.1825 -9.90138 0.1 39.3817
21.1079 3030.58 20.0595 -9.90013 0.1 39.4164
21.1179 3030.78 19.9604 -9.89909 0.1 39.4165
21.128 3030.98 19.861 -9.89805 0.1 39.4166
21.1381 3031.18 19.761 -9.89701 0.1 39.4167
21.1483 3031.38 19.6605 -9.89596 0.1 39.4168
21.1585 3031.58 19.5595 -9.89492 0.1 39.4169
21.1687 3031.78 19.458 -9.89387 0.1 39.417
21.179 3031.98 19.356 -9.89282 0.1 39.4171
21.1894 3032.18 19.2534 -9.89178 0.1 39.4172
21.1998 3032.38 19.1503 -9.89073 0.1 39.4173
21.2103 3032.58 19.0467 -9.88967 0.1 39.4174
21.2208 3032.78 18.9425 -9.88862 0.1 39.4175
21.2314 3032.98 18.8377 -9.88757 0.1 39.4176
21.2421 3033.18 18.7324 -9.88651 0.1 39.4177
21.2528 3033.38 18.6265 -9.88545 0.1 39.4178
21.2636 3033.58 18.52 -9.8844 0.1 39.4179
21.2744 3033.78 18.4128 -9.88333 0.1 39.418
21.2853 3033.98 18.3051 -9.88227 0.1 39.4181
21.2963 3034.18 18.1967 -9.88121 0.1 39.4182
21.3073 3034.38 18.0877 -9.88014 0.1 39.4183
21.3184 3034.58 17.9781 -9.87907 0.1 39.4185
21.3296 3034.78 17.8678 -9.878 0.1 39.4186
21.3408 3034.98 17.7568 -9.87693 0.1 39.4187
21.3521 3035.18 17.6451 -9.87586 0.1 39.4188
21.3635 3035.38 17.5327 -9.87478 0.1 39.419
21.375 3035.58 17.4196 -9.8737 0.1 39.4191
21.3865 3035.78 17.3058 -9.87262 0.1 39.4192
21.3981 3035.98 17.1912 -9.87154 0.1 39.4194
21.4098 3036.18 17.0759 -9.87045 0.1 39.4195
21.4215 3036.38 16.9598 -9.86936 0.1 39.4196
21.4334 3036.58 16.843 -9.86827 0.1 39.4198
21.4453 3036.78 16.7253 -9.86717 0.1 39.4199
21.4573 3036.98 16.6068 -9.86607 0.1 39.4201
21.4694 3037.18 16.4874 -9.86497 0.1 39.4202
21.4816 3037.38 16.3672 -9.86386 0.1 39.4204
21.4939 3037.58 16.2461 -9.86276 0.1 39.4205
21.5062 3037.78 16.1241 -9.86164 0.1 39.4207
21.5187 3037.98 16.0012 -9.86052 0.1 39.4209
21.5313 3038.18 15.8774 -9.8594 0.1 39.421
21.5439 3038.38 15.7526 -9.85828 0.1 39.4212
21.5567 3038.58 15.6268 -9.85714 0.1 39.4214
21.5695 3038.78 15.5 -9.85601 0.1 39.4216
21.5825 3038.98 15.3722 -9.85487 0.1 39.4218
21.5956 3039.18 15.2433 -9.85372 0.1 39.4219
21.6088 3039.38 15.1134 -9.85257 0.1 39.4221
21.6221 3039.58 14.9823 -9.85141 0.1 39.4223
21.6322 3039.73 14.8832 -9.8505 0.1 39.3755
21.6423 3039.88 14.7835 -9.84966 0.1 39.4227
21.6525 3040.03 14.6831 -9.84874 0.1 39.3752
21.6627 3040.18 14.582 -9.8479 0.1 39.423
21.6731 3040.33 14.4803 -9.84697 0.1 39.3749
21.6835 3040.48 14.3778 -9.84611 0.1 39.4233
21.694 3040.63 14.2746 -9.84518 0.1 39.3745
21.7045 3040.78 14.1706 -9.84431 0.1 39.4237
21.7152 3040.93 14.0659 -9.84337 0.1 39.3742
21.7259 3041.08 13.9604 -9.84249 0.1 39.424
21.7367 3041.23 13.8541 -9.84154 0.1 39.3738
21.7476 3041.38 13.747 -9.84065 0.1 39.4244
21.7585 3041.53 13.6391 -9.83968 0.1 39.3734
21.7696 3041.68 13.5303 -9.83878 0.1 39.4248
21.7807 3041.83 13.4207 -9.8378 0.1 39.373
21.792 3041.98 13.3101 -9.83689 0.1 39.4253
21.8033 3042.13 13.1986 -9.83589 0.1 39.3725
21.8147 3042.28 13.0862 -9.83496 0.1 39.4257
21.8263 3042.43 12.9728 -9.83395 0.1 39.3721
21.8379 3042.58 12.8585 -9.83301 0.1 39.4262
21.8496 3042.73 12.7431 -9.83198 0.1 39.3716
21.8615 3042.88 12.6266 -9.83101 0.1 39.4267
21.8734 3043.03 12.5091 -9.82997 0.1 39.3711
21.8855 3043.18 12.3905 -9.82898 0.1 39.4272
21.8977 3043.33 12.2708 -9.82791 0.1 39.3705
21.91 3043.48 12.1498 -9.8269 0.1 39.4278
21.9224 3043.63 12.0277 -9.82581 0.1 39.37
21.935 3043.78 11.9043 -9.82477 0.1 39.4284
21.9477 3043.93 11.7797 -9.82365 0.1 39.3694
21.9605 3044.08 11.6537 -9.82258 0.1 39.429
21.9734 3044.23 11.5263 -9.82143 0.1 39.3687
21.9866 3044.38 11.3976 -9.82033 0.1 39.4297
21.9998 3044.53 11.2674 -9.81914 0.1 39.368
22.0132 3044.68 11.1356 -9.818 0.1 39.4304
22.0268 3044.83 11.0023 -9.81677 0.1 39.3673
22.0406 3044.98 10.8674 -9.81558 0.1 39.4311
22.0545 3045.13 10.7308 -9.81431 0.1 39.3665
22.0686 3045.28 10.5924 -9.81307 0.1 39.432
22.0829 3045.43 10.4522 -9.81174 0.1 39.3656
22.0973 3045.58 10.3101 -9.81043 0.1 39.4329
22.112 3045.73 10.1661 -9.80904 0.1 39.3647
22.1269 3045.88 10.02 -9.80766 0.1 39.4339
22.137 3045.98 9.92135 -9.80671 0.1 39.4342
22.1471 3046.08 9.82177 -9.80573 0.1 39.4346
22.1574 3046.18 9.72117 -9.80473 0.1 39.4349
22.1678 3046.28 9.61952 -9.80371 0.1 39.4353
22.1782 3046.38 9.51679 -9.80267 0.1 39.4357
22.1888 3046.48 9.41294 -9.8016 0.1 39.4361
22.1996 3046.58 9.30794 -9.80051 0.1 39.4365
22.2104 3046.68 9.20175 -9.79939 0.1 39.4369
22.2214 3046.78 9.09433 -9.79824 0.1 39.4374
22.2325 3046.88 8.98562 -9.79705 0.1 39.4378
22.2437 3046.98 8.87559 -9.79583 0.1 39.4383
22.2551 3047.08 8.76418 -9.79458 0.1 39.4388
22.2666 3047.18 8.65135 -9.79328 0.1 39.4393
22.2783 3047.28 8.53703 -9.79195 0.1 39.4399
22.2901 3047.38 8.42116 -9.79056 0.1 39.4404
22.3021 3047.48 8.30368 -9.78912 0.1 39.441
22.3143 3047.58 8.18453 -9.78763 0.1 39.4416
22.3266 3047.68 8.06361 -9.78608 0.1 39.4423
22.3392 3047.78 7.94087 -9.78446 0.1 39.4429
22.3519 3047.88 7.8162 -9.78277 0.1 39.4436
22.3649 3047.98 7.68952 -9.781 0.1 39.4443
22.378 3048.08 7.56072 -9.77914 0.1 39.4451
22.3914 3048.18 7.42969 -9.77719 0.1 39.4459
22.4051 3048.28 7.29632 -9.77513 0.1 39.4468
22.419 3048.38 7.16047 -9.77294 0.1 39.4477
22.4331 3048.48 7.022 -9.77063 0.1 39.4486
22.4476 3048.58 6.88076 -9.76816 0.1 39.4496
22.4624 3048.68 6.73655 -9.76553 0.1 39.4507
22.4775 3048.78 6.58921 -9.7627 0.1 39.4518
22.4929 3048.88 6.43849 -9.75965 0.1 39.453
22.5087 3048.98 6.28417 -9.75636 0.1 39.4544
22.5249 3049.08 6.12598 -9.75277 0.1 39.4558
22.5416 3049.18 5.96359 -9.74884 0.1 39.4573
22.5587 3049.28 5.79667 -9.74452 0.1 39.4589
22.5764 3049.38 5.6248 -9.73972 0.1 39.4608
22.5946 3049.48 5.44753 -9.73437 0.1 39.4627
22.6134 3049.58 5.26429 -9.72834 0.1 39.4649
22.6329 3049.68 5.07446 -9.72148 0.1 39.4673
22.643 3049.73 4.97683 -9.71766 0.1 39.3294
22.6532 3049.78 4.87725 -9.71359 0.1 39.47
22.6637 3049.83 4.77559 -9.70916 0.1 39.3265
22.6744 3049.88 4.67173 -9.70439 0.1 39.4731
22.6853 3049.93 4.56551 -9.69918 0.1 39.3232
22.6966 3049.98 4.45676 -9.69352 0.1 39.4766
22.7081 3050.03 4.34529 -9.68728 0.1 39.3195
22.7199 3050.08 4.23089 -9.68042 0.1 39.4806
22.732 3050.13 4.11331 -9.6728 0.1 39.3152
22.7446 3050.18 3.99227 -9.66431 0.1 39.4853
22.7575 3050.23 3.86745 -9.65476 0.1 39.31
22.7709 3050.28 3.73847 -9.64397 0.1 39.491
22.7847 3050.33 3.60488 -9.63162 0.1 39.3037
22.7992 3050.38 3.46614 -9.61738 0.1 39.4979
22.8142 3050.43 3.32162 -9.60074 0.1 39.296
22.83 3050.48 3.17053 -9.58107 0.1 39.5067
22.8466 3050.53 3.01187 -9.55738 0.1 39.2859
22.8642 3050.58 2.84437 -9.52834 0.1 39.5183
22.8829 3050.63 2.66638 -9.49183 0.1 39.2722
22.9031 3050.68 2.47563 -9.44455 0.1 39.5348
22.9252 3050.73 2.26891 -9.3808 0.1 39.252
22.9497 3050.78 2.04136 -9.29014 0.1 39.5605
22.9777 3050.83 1.78504 -9.15069 0.1 39.2176
23.0113 3050.88 1.48514 -8.908 0.1 39.6098
23.0565 3050.93 1.10676 -8.37548 0.1 39.1384
23.1577 3050.98 0.494182 -6.05447 0.1 39.7709
23.2589 3051.04 0 -0 0.1 38.3544
