Simulation created and run on: 
Fri Mar 10 13:05:22 2023


Time (s), Height (m), Velocity (m/s), Acceleration (m/s^2), Deployment Angle (degrees)
3.6 639.88 304.08 -9.80665 0.1 0
3.61004 642.93 303.763 -31.5721 0.1 0.138194
3.62008 645.98 303.446 -31.5189 0.1 0.278836
3.63014 649.03 303.129 -31.4661 0.1 0.419625
3.64021 652.08 302.813 -31.4137 0.1 0.560562
3.65028 655.13 302.496 -31.3618 0.1 0.701645
3.66037 658.18 302.18 -31.3102 0.1 0.842877
3.67047 661.23 301.864 -31.259 0.1 0.984256
3.68058 664.28 301.549 -31.2082 0.1 1.12578
3.6907 667.33 301.233 -31.1578 0.1 1.26746
3.70083 670.38 300.918 -31.1077 0.1 1.40928
3.71097 673.43 300.603 -31.0581 0.1 1.55125
3.72112 676.48 300.287 -31.0088 0.1 1.69338
3.73128 679.53 299.973 -30.96 0.1 1.83565
3.74129 682.53 299.663 -30.9123 0.1 1.97573
3.75131 685.53 299.354 -30.8649 0.1 2.11596
3.76133 688.53 299.044 -30.8179 0.1 2.25633
3.77137 691.53 298.735 -30.7713 0.1 2.39685
3.78142 694.53 298.426 -30.7251 0.1 2.53751
3.79148 697.53 298.118 -30.6792 0.1 2.67832
3.80155 700.53 297.809 -30.6336 0.1 2.81928
3.81162 703.53 297.5 -30.5885 0.1 2.96038
3.82171 706.53 297.192 -30.5436 0.1 3.10163
3.83181 709.53 296.884 -30.4991 0.1 3.24303
3.84192 712.53 296.576 -30.455 0.1 3.38457
3.85204 715.53 296.268 -30.4112 0.1 3.52626
3.86218 718.53 295.96 -30.3678 0.1 3.66809
3.87232 721.53 295.652 -30.3247 0.1 3.81008
3.88247 724.53 295.344 -30.2819 0.1 3.95221
3.89263 727.53 295.037 -30.2395 0.1 4.09449
3.90264 730.48 294.735 -30.1981 0.1 4.23454
3.91265 733.43 294.432 -30.1571 0.1 4.37474
3.92268 736.38 294.13 -30.1163 0.1 4.51508
3.93271 739.33 293.828 -30.0759 0.1 4.65556
3.94276 742.28 293.526 -30.0358 0.1 4.79619
3.95281 745.23 293.224 -29.9961 0.1 4.93697
3.96288 748.18 292.923 -29.9566 0.1 5.07789
3.97295 751.13 292.621 -29.9175 0.1 5.21895
3.98304 754.08 292.32 -29.8787 0.1 5.36016
3.99314 757.03 292.018 -29.8402 0.1 5.50151
4.00324 759.98 291.717 -29.802 0.1 5.64302
4.01336 762.93 291.415 -29.7641 0.1 5.78466
4.02349 765.88 291.114 -29.7265 0.1 5.92646
4.03363 768.83 290.813 -29.6892 0.1 6.0684
4.04378 771.78 290.512 -29.6522 0.1 6.21049
4.05394 774.73 290.211 -29.6156 0.1 6.35272
4.06411 777.68 289.91 -29.5792 0.1 6.49511
4.07412 780.58 289.614 -29.5437 0.1 6.63522
4.08414 783.48 289.318 -29.5086 0.1 6.77548
4.09416 786.38 289.022 -29.4737 0.1 6.91588
4.1042 789.28 288.726 -29.4391 0.1 7.05642
4.11425 792.18 288.431 -29.4047 0.1 7.19711
4.12431 795.08 288.135 -29.3707 0.1 7.33794
4.13438 797.98 287.84 -29.3369 0.1 7.47892
4.14446 800.88 287.544 -29.3035 0.1 7.62004
4.15455 803.78 287.249 -29.2702 0.1 7.76131
4.16465 806.68 286.953 -29.2373 0.1 7.90272
4.17477 809.58 286.658 -29.2047 0.1 8.04428
4.18489 812.48 286.362 -29.1723 0.1 8.18598
4.19502 815.38 286.067 -29.1401 0.1 8.32783
4.20516 818.28 285.771 -29.1083 0.1 8.46983
4.21532 821.18 285.476 -29.0767 0.1 8.61197
4.22548 824.08 285.181 -29.0454 0.1 8.75427
4.23565 826.98 284.885 -29.0143 0.1 8.8967
4.24566 829.83 284.595 -28.9841 0.1 9.03683
4.25568 832.68 284.305 -28.9541 0.1 9.1771
4.26571 835.53 284.014 -28.9243 0.1 9.31751
4.27575 838.38 283.724 -28.8948 0.1 9.45807
4.2858 841.23 283.434 -28.8655 0.1 9.59877
4.29586 844.08 283.144 -28.8365 0.1 9.73961
4.30593 846.93 282.853 -28.8077 0.1 9.8806
4.31602 849.78 282.563 -28.7792 0.1 10.0217
4.32611 852.63 282.273 -28.7509 0.1 10.163
4.33621 855.48 281.983 -28.7228 0.1 10.3044
4.34632 858.33 281.692 -28.695 0.1 10.446
4.35644 861.18 281.402 -28.6674 0.1 10.5877
4.36658 864.03 281.112 -28.6401 0.1 10.7296
4.37672 866.88 280.821 -28.613 0.1 10.8716
4.38687 869.73 280.531 -28.5861 0.1 11.0138
4.39704 872.58 280.24 -28.5594 0.1 11.1561
4.40721 875.43 279.95 -28.533 0.1 11.2985
4.41722 878.23 279.665 -28.5073 0.1 11.4386
4.42724 881.03 279.379 -28.4818 0.1 11.5788
4.43727 883.83 279.094 -28.4565 0.1 11.7192
4.4473 886.63 278.808 -28.4314 0.1 11.8597
4.45735 889.43 278.523 -28.4065 0.1 12.0004
4.46741 892.23 278.237 -28.3819 0.1 12.1412
4.47748 895.03 277.951 -28.3574 0.1 12.2822
4.48756 897.83 277.666 -28.3332 0.1 12.4233
4.49765 900.63 277.38 -28.3092 0.1 12.5645
4.50775 903.43 277.094 -28.2853 0.1 12.7059
4.51786 906.23 276.808 -28.2617 0.1 12.8475
4.52798 909.03 276.522 -28.2383 0.1 12.9892
4.53811 911.83 276.236 -28.2151 0.1 13.131
4.54825 914.63 275.95 -28.1921 0.1 13.273
4.5584 917.43 275.664 -28.1693 0.1 13.4151
4.56857 920.23 275.378 -28.1467 0.1 13.5574
4.57874 923.03 275.092 -28.1243 0.1 13.6998
4.58874 925.78 274.811 -28.1025 0.1 13.8398
4.59875 928.53 274.529 -28.0808 0.1 13.98
4.60877 931.28 274.248 -28.0594 0.1 14.1203
4.61881 934.03 273.967 -28.0381 0.1 14.2607
4.62885 936.78 273.685 -28.0171 0.1 14.4013
4.6389 939.53 273.404 -27.9962 0.1 14.5421
4.64897 942.28 273.122 -27.9754 0.1 14.683
4.65904 945.03 272.84 -27.9549 0.1 14.824
4.66913 947.78 272.559 -27.9345 0.1 14.9652
4.67922 950.53 272.277 -27.9144 0.1 15.1065
4.68933 953.28 271.995 -27.8944 0.1 15.248
4.69944 956.03 271.713 -27.8745 0.1 15.3896
4.70957 958.78 271.43 -27.8549 0.1 15.5314
4.71971 961.53 271.148 -27.8354 0.1 15.6733
4.72985 964.28 270.866 -27.8161 0.1 15.8154
4.74001 967.03 270.583 -27.7969 0.1 15.9576
4.75018 969.78 270.301 -27.7779 0.1 16.0999
4.76036 972.53 270.018 -27.7591 0.1 16.2424
4.77036 975.23 269.741 -27.7408 0.1 16.3825
4.78038 977.93 269.463 -27.7226 0.1 16.5227
4.7904 980.63 269.185 -27.7046 0.1 16.663
4.80044 983.33 268.907 -27.6868 0.1 16.8035
4.81048 986.03 268.629 -27.6691 0.1 16.9442
4.82054 988.73 268.351 -27.6515 0.1 17.085
4.83061 991.43 268.073 -27.6342 0.1 17.2259
4.84068 994.13 267.794 -27.6169 0.1 17.367
4.85077 996.83 267.516 -27.5998 0.1 17.5082
4.86087 999.53 267.237 -27.5829 0.1 17.6496
4.87098 1002.23 266.958 -27.5661 0.1 17.7911
4.8811 1004.93 266.679 -27.5494 0.1 17.9328
4.89123 1007.63 266.4 -27.5329 0.1 18.0746
4.90137 1010.33 266.121 -27.5165 0.1 18.2165
4.91152 1013.03 265.842 -27.5003 0.1 18.3587
4.92168 1015.73 265.563 -27.4842 0.1 18.5009
4.93185 1018.43 265.283 -27.4682 0.1 18.6433
4.94204 1021.13 265.004 -27.4524 0.1 18.7859
4.95204 1023.78 264.729 -27.437 0.1 18.926
4.96206 1026.43 264.454 -27.4218 0.1 19.0662
4.97208 1029.08 264.179 -27.4066 0.1 19.2065
4.98212 1031.73 263.904 -27.3916 0.1 19.347
4.99217 1034.38 263.629 -27.3767 0.1 19.4877
5.00223 1037.03 263.354 -27.362 0.1 19.6285
5.01229 1039.68 263.079 -27.3473 0.1 19.7694
5.02237 1042.33 262.803 -27.3328 0.1 19.9105
5.03246 1044.98 262.527 -27.3184 0.1 20.0518
5.04256 1047.63 262.252 -27.3041 0.1 20.1932
5.05267 1050.28 261.976 -27.29 0.1 20.3347
5.06279 1052.93 261.699 -27.2759 0.1 20.4764
5.07292 1055.58 261.423 -27.262 0.1 20.6182
5.08307 1058.23 261.147 -27.2482 0.1 20.7602
5.09322 1060.88 260.87 -27.2345 0.1 20.9024
5.10338 1063.53 260.593 -27.2209 0.1 21.0447
5.11356 1066.18 260.317 -27.2075 0.1 21.1871
5.12374 1068.83 260.04 -27.1941 0.1 21.3297
5.13375 1071.43 259.768 -27.1811 0.1 21.4697
5.14376 1074.03 259.495 -27.1682 0.1 21.6099
5.15379 1076.63 259.223 -27.1554 0.1 21.7503
5.16382 1079.23 258.951 -27.1427 0.1 21.8908
5.17387 1081.83 258.678 -27.1301 0.1 22.0314
5.18392 1084.43 258.405 -27.1176 0.1 22.1722
5.19399 1087.03 258.132 -27.1052 0.1 22.3131
5.20407 1089.63 257.859 -27.0928 0.1 22.4542
5.21416 1092.23 257.586 -27.0806 0.1 22.5955
5.22426 1094.83 257.313 -27.0685 0.1 22.7369
5.23437 1097.43 257.039 -27.0565 0.1 22.8784
5.24449 1100.03 256.765 -27.0445 0.1 23.0201
5.25462 1102.63 256.491 -27.0327 0.1 23.1619
5.26476 1105.23 256.217 -27.0209 0.1 23.3039
5.27491 1107.83 255.943 -27.0093 0.1 23.446
5.28508 1110.43 255.668 -26.9977 0.1 23.5883
5.29525 1113.03 255.394 -26.9862 0.1 23.7308
5.30544 1115.63 255.119 -26.9748 0.1 23.8734
5.31544 1118.18 254.849 -26.9637 0.1 24.0134
5.32545 1120.73 254.579 -26.9526 0.1 24.1536
5.33547 1123.28 254.309 -26.9417 0.1 24.2939
5.3455 1125.83 254.039 -26.9308 0.1 24.4343
5.35555 1128.38 253.769 -26.92 0.1 24.5749
5.3656 1130.93 253.498 -26.9093 0.1 24.7157
5.37567 1133.48 253.227 -26.8986 0.1 24.8566
5.38574 1136.03 252.956 -26.888 0.1 24.9976
5.39583 1138.58 252.685 -26.8775 0.1 25.1388
5.40593 1141.13 252.414 -26.8671 0.1 25.2802
5.41603 1143.68 252.142 -26.8567 0.1 25.4217
5.42615 1146.23 251.871 -26.8464 0.1 25.5634
5.43628 1148.78 251.599 -26.8361 0.1 25.7052
5.44642 1151.33 251.327 -26.826 0.1 25.8471
5.45657 1153.88 251.054 -26.8159 0.1 25.9893
5.46674 1156.43 250.782 -26.8058 0.1 26.1315
5.47691 1158.98 250.509 -26.7958 0.1 26.274
5.4871 1161.53 250.236 -26.7859 0.1 26.4166
5.49729 1164.08 249.963 -26.7761 0.1 26.5593
5.5073 1166.58 249.695 -26.7664 0.1 26.6994
5.51732 1169.08 249.427 -26.7569 0.1 26.8396
5.52735 1171.58 249.159 -26.7474 0.1 26.98
5.53738 1174.08 248.891 -26.738 0.1 27.1206
5.54743 1176.58 248.622 -26.7286 0.1 27.2613
5.5575 1179.08 248.353 -26.7192 0.1 27.4021
5.56757 1181.58 248.084 -26.7099 0.1 27.5431
5.57765 1184.08 247.815 -26.7007 0.1 27.6843
5.58774 1186.58 247.545 -26.6915 0.1 27.8256
5.59785 1189.08 247.276 -26.6824 0.1 27.9671
5.60796 1191.58 247.006 -26.6733 0.1 28.1087
5.61809 1194.08 246.736 -26.6642 0.1 28.2504
5.62823 1196.58 246.465 -26.6552 0.1 28.3924
5.63838 1199.08 246.195 -26.6462 0.1 28.5345
5.64854 1201.58 245.924 -26.6373 0.1 28.6767
5.65871 1204.08 245.653 -26.6284 0.1 28.8191
5.66889 1206.58 245.382 -26.6196 0.1 28.9617
5.67909 1209.08 245.111 -26.6108 0.1 29.1044
5.68909 1211.53 244.845 -26.6022 0.1 29.2444
5.6991 1213.98 244.578 -26.5936 0.1 29.3845
5.70912 1216.43 244.312 -26.555 0.1 29.3988
5.71916 1218.88 244.046 -26.5138 0.1 29.4017
5.7292 1221.33 243.78 -26.4712 0.1 29.3988
5.73926 1223.78 243.514 -26.4301 0.1 29.4017
5.74932 1226.23 243.248 -26.3877 0.1 29.3988
5.7594 1228.68 242.982 -26.3468 0.1 29.4017
5.76949 1231.13 242.717 -26.3046 0.1 29.3988
5.77959 1233.58 242.451 -26.2638 0.1 29.4017
5.7897 1236.03 242.186 -26.2217 0.1 29.3988
5.79982 1238.48 241.921 -26.1811 0.1 29.4017
5.80996 1240.93 241.656 -26.1392 0.1 29.3988
5.8201 1243.38 241.391 -26.0987 0.1 29.4017
5.83025 1245.83 241.126 -26.057 0.1 29.3988
5.84042 1248.28 240.861 -26.0167 0.1 29.4017
5.8506 1250.73 240.597 -25.9751 0.1 29.3988
5.86079 1253.18 240.332 -25.9349 0.1 29.4017
5.87099 1255.63 240.068 -25.8935 0.1 29.3988
5.88099 1258.03 239.809 -25.8537 0.1 29.3988
5.891 1260.43 239.55 -25.8139 0.1 29.3988
5.90103 1262.83 239.292 -25.7743 0.1 29.3988
5.91106 1265.23 239.033 -25.7346 0.1 29.3988
5.92111 1267.63 238.775 -25.6951 0.1 29.3988
5.93117 1270.03 238.517 -25.6556 0.1 29.3988
5.94123 1272.43 238.259 -25.6163 0.1 29.3988
5.95131 1274.83 238.001 -25.5769 0.1 29.3988
5.9614 1277.23 237.743 -25.5377 0.1 29.3988
5.9715 1279.63 237.485 -25.4986 0.1 29.3988
5.98161 1282.03 237.227 -25.4595 0.1 29.3988
5.99174 1284.43 236.97 -25.4205 0.1 29.3988
6.00187 1286.83 236.712 -25.3815 0.1 29.3988
6.01201 1289.23 236.455 -25.3426 0.1 29.3988
6.02217 1291.63 236.198 -25.3039 0.1 29.3988
6.03234 1294.03 235.941 -25.2651 0.1 29.3988
6.04251 1296.43 235.684 -25.2265 0.1 29.3988
6.0527 1298.83 235.427 -25.1879 0.1 29.3988
6.0629 1301.23 235.17 -25.1494 0.1 29.3988
6.07311 1303.63 234.914 -25.111 0.1 29.3988
6.08312 1305.98 234.663 -25.0741 0.1 29.4018
6.09314 1308.33 234.412 -25.036 0.1 29.3988
6.10317 1310.68 234.161 -24.9992 0.1 29.4018
6.11321 1313.03 233.91 -24.9612 0.1 29.3988
6.12327 1315.38 233.659 -24.9246 0.1 29.4018
6.13333 1317.73 233.409 -24.8867 0.1 29.3988
6.1434 1320.08 233.158 -24.8502 0.1 29.4018
6.15349 1322.43 232.908 -24.8125 0.1 29.3988
6.16358 1324.78 232.657 -24.7761 0.1 29.4018
6.17369 1327.13 232.407 -24.7386 0.1 29.3988
6.18381 1329.48 232.157 -24.7023 0.1 29.4018
6.19393 1331.83 231.907 -24.6649 0.1 29.3988
6.20407 1334.18 231.657 -24.6288 0.1 29.4018
6.21422 1336.53 231.407 -24.5915 0.1 29.3988
6.22438 1338.88 231.158 -24.5556 0.1 29.4018
6.23456 1341.23 230.908 -24.5184 0.1 29.3988
6.24474 1343.58 230.659 -24.4826 0.1 29.4018
6.25493 1345.93 230.409 -24.4456 0.1 29.3988
6.26514 1348.28 230.16 -24.4099 0.1 29.4018
6.27535 1350.63 229.911 -24.373 0.1 29.3988
6.28536 1352.93 229.667 -24.3376 0.1 29.3988
6.29538 1355.23 229.423 -24.3022 0.1 29.3988
6.30541 1357.53 229.18 -24.2669 0.1 29.3988
6.31545 1359.83 228.936 -24.2317 0.1 29.3988
6.32551 1362.13 228.693 -24.1965 0.1 29.3988
6.33557 1364.43 228.45 -24.1614 0.1 29.3987
6.34564 1366.73 228.206 -24.1264 0.1 29.3987
6.35573 1369.03 227.963 -24.0914 0.1 29.3987
6.36582 1371.33 227.72 -24.0565 0.1 29.3987
6.37593 1373.63 227.477 -24.0217 0.1 29.3987
6.38604 1375.93 227.234 -23.9869 0.1 29.3987
6.39617 1378.23 226.992 -23.9522 0.1 29.3987
6.40631 1380.53 226.749 -23.9175 0.1 29.3987
6.41646 1382.83 226.506 -23.8829 0.1 29.3987
6.42662 1385.13 226.264 -23.8484 0.1 29.3987
6.43679 1387.43 226.022 -23.8139 0.1 29.3987
6.44697 1389.73 225.779 -23.7795 0.1 29.3987
6.45716 1392.03 225.537 -23.7452 0.1 29.3987
6.46737 1394.33 225.295 -23.7109 0.1 29.3987
6.47758 1396.63 225.053 -23.6767 0.1 29.3987
6.48758 1398.88 224.816 -23.6439 0.1 29.4018
6.4976 1401.13 224.58 -23.6099 0.1 29.3987
6.50762 1403.38 224.343 -23.5772 0.1 29.4018
6.51766 1405.63 224.107 -23.5433 0.1 29.3987
6.5277 1407.88 223.871 -23.5108 0.1 29.4018
6.53776 1410.13 223.634 -23.477 0.1 29.3987
6.54782 1412.38 223.398 -23.4446 0.1 29.4018
6.5579 1414.63 223.162 -23.411 0.1 29.3987
6.56799 1416.88 222.926 -23.3786 0.1 29.4019
6.57809 1419.13 222.69 -23.3451 0.1 29.3987
6.5882 1421.38 222.454 -23.3129 0.1 29.4019
6.59832 1423.63 222.219 -23.2795 0.1 29.3987
6.60845 1425.88 221.983 -23.2474 0.1 29.4019
6.61859 1428.13 221.747 -23.2142 0.1 29.3987
6.62874 1430.38 221.512 -23.1822 0.1 29.4019
6.6389 1432.63 221.276 -23.149 0.1 29.3987
6.64908 1434.88 221.041 -23.1171 0.1 29.4019
6.65926 1437.13 220.806 -23.0841 0.1 29.3987
6.66946 1439.38 220.571 -23.0523 0.1 29.4019
6.67966 1441.63 220.335 -23.0194 0.1 29.3987
6.68988 1443.88 220.1 -22.9878 0.1 29.4019
6.69988 1446.08 219.871 -22.9563 0.1 29.4019
6.70989 1448.28 219.641 -22.9248 0.1 29.4019
6.71991 1450.48 219.411 -22.8935 0.1 29.4019
6.72995 1452.68 219.182 -22.8621 0.1 29.4019
6.73999 1454.88 218.952 -22.8309 0.1 29.4019
6.75004 1457.08 218.723 -22.7997 0.1 29.4019
6.76011 1459.28 218.494 -22.7685 0.1 29.4019
6.77018 1461.48 218.265 -22.7374 0.1 29.4019
6.78027 1463.68 218.035 -22.7063 0.1 29.4019
6.79036 1465.88 217.806 -22.6753 0.1 29.4019
6.80047 1468.08 217.577 -22.6444 0.1 29.4019
6.81058 1470.28 217.348 -22.6135 0.1 29.4019
6.82071 1472.48 217.12 -22.5827 0.1 29.4019
6.83085 1474.68 216.891 -22.5519 0.1 29.4019
6.841 1476.88 216.662 -22.5211 0.1 29.4019
6.85116 1479.08 216.433 -22.4905 0.1 29.4019
6.86133 1481.28 216.205 -22.4598 0.1 29.4019
6.87151 1483.48 215.976 -22.4292 0.1 29.4019
6.8817 1485.68 215.748 -22.3987 0.1 29.4019
6.8919 1487.88 215.52 -22.3683 0.1 29.4019
6.90212 1490.08 215.291 -22.3378 0.1 29.4019
6.91234 1492.28 215.063 -22.3075 0.1 29.4019
6.92234 1494.43 214.84 -22.2773 0.1 29.3987
6.93236 1496.58 214.617 -22.2483 0.1 29.4019
6.94238 1498.73 214.394 -22.2182 0.1 29.3986
6.95241 1500.88 214.172 -22.1893 0.1 29.4019
6.96246 1503.03 213.949 -22.1593 0.1 29.3986
6.97251 1505.18 213.726 -22.1305 0.1 29.4019
6.98258 1507.33 213.504 -22.1006 0.1 29.3986
6.99265 1509.48 213.281 -22.0719 0.1 29.4019
7.00274 1511.63 213.059 -22.0421 0.1 29.3986
7.01283 1513.78 212.836 -22.0135 0.1 29.4019
7.02294 1515.93 212.614 -21.9838 0.1 29.3986
7.03306 1518.08 212.392 -21.9552 0.1 29.4019
7.04319 1520.23 212.169 -21.9256 0.1 29.3986
7.05333 1522.38 211.947 -21.8972 0.1 29.4019
7.06348 1524.53 211.725 -21.8677 0.1 29.3986
7.07364 1526.68 211.503 -21.8394 0.1 29.4019
7.08381 1528.83 211.281 -21.81 0.1 29.3986
7.09399 1530.98 211.059 -21.7818 0.1 29.4019
7.10418 1533.13 210.837 -21.7525 0.1 29.3986
7.11438 1535.28 210.616 -21.7243 0.1 29.4019
7.1246 1537.43 210.394 -21.6951 0.1 29.3986
7.13482 1539.58 210.172 -21.6671 0.1 29.4019
7.14506 1541.73 209.951 -21.638 0.1 29.3986
7.15506 1543.83 209.734 -21.6101 0.1 29.3986
7.16508 1545.93 209.518 -21.5824 0.1 29.3986
7.17511 1548.03 209.302 -21.5546 0.1 29.3986
7.18515 1550.13 209.085 -21.5269 0.1 29.3986
7.1952 1552.23 208.869 -21.4992 0.1 29.3986
7.20526 1554.33 208.653 -21.4716 0.1 29.3986
7.21533 1556.43 208.437 -21.4441 0.1 29.3986
7.22541 1558.53 208.221 -21.4166 0.1 29.3986
7.2355 1560.63 208.005 -21.3891 0.1 29.3986
7.2456 1562.73 207.789 -21.3616 0.1 29.3986
7.25571 1564.83 207.573 -21.3343 0.1 29.3986
7.26583 1566.93 207.357 -21.3069 0.1 29.3986
7.27597 1569.03 207.142 -21.2796 0.1 29.3986
7.28611 1571.13 206.926 -21.2524 0.1 29.3986
7.29626 1573.23 206.71 -21.2252 0.1 29.3986
7.30643 1575.33 206.495 -21.198 0.1 29.3986
7.3166 1577.43 206.279 -21.1709 0.1 29.3986
7.32679 1579.53 206.064 -21.1438 0.1 29.3986
7.33699 1581.63 205.848 -21.1168 0.1 29.3986
7.34719 1583.73 205.633 -21.0898 0.1 29.3986
7.35741 1585.83 205.417 -21.0629 0.1 29.3986
7.36764 1587.93 205.202 -21.036 0.1 29.3986
7.37788 1590.03 204.987 -21.0091 0.1 29.3986
7.38789 1592.08 204.777 -20.9835 0.1 29.402
7.3979 1594.13 204.567 -20.9568 0.1 29.3986
7.40793 1596.18 204.357 -20.9313 0.1 29.402
7.41797 1598.23 204.147 -20.9047 0.1 29.3986
7.42801 1600.28 203.937 -20.8792 0.1 29.402
7.43807 1602.33 203.727 -20.8527 0.1 29.3986
7.44814 1604.38 203.517 -20.8273 0.1 29.402
7.45822 1606.43 203.307 -20.8009 0.1 29.3986
7.4683 1608.48 203.098 -20.7756 0.1 29.402
7.4784 1610.53 202.888 -20.7493 0.1 29.3986
7.48851 1612.58 202.678 -20.7241 0.1 29.402
7.49863 1614.63 202.469 -20.6978 0.1 29.3986
7.50876 1616.68 202.259 -20.6727 0.1 29.402
7.5189 1618.73 202.05 -20.6465 0.1 29.3985
7.52906 1620.78 201.84 -20.6214 0.1 29.402
7.53922 1622.83 201.631 -20.5954 0.1 29.3985
7.54939 1624.88 201.421 -20.5704 0.1 29.402
7.55957 1626.93 201.212 -20.5444 0.1 29.3985
7.56977 1628.98 201.003 -20.5195 0.1 29.402
7.57997 1631.03 200.794 -20.4936 0.1 29.3985
7.59019 1633.08 200.584 -20.4687 0.1 29.402
7.60041 1635.13 200.375 -20.4429 0.1 29.3985
7.61065 1637.18 200.166 -20.4182 0.1 29.402
7.62089 1639.23 199.957 -20.3924 0.1 29.3985
7.6309 1641.23 199.753 -20.3678 0.1 29.3985
7.64092 1643.23 199.549 -20.3433 0.1 29.3985
7.65095 1645.23 199.345 -20.3188 0.1 29.3985
7.66099 1647.23 199.141 -20.2943 0.1 29.3985
7.67103 1649.23 198.938 -20.2699 0.1 29.3985
7.68109 1651.23 198.734 -20.2455 0.1 29.3985
7.69116 1653.23 198.53 -20.2212 0.1 29.3985
7.70124 1655.23 198.326 -20.1969 0.1 29.3985
7.71133 1657.23 198.123 -20.1726 0.1 29.3985
7.72143 1659.23 197.919 -20.1484 0.1 29.3985
7.73154 1661.23 197.716 -20.1242 0.1 29.3985
7.74166 1663.23 197.512 -20.1 0.1 29.3985
7.75179 1665.23 197.308 -20.0759 0.1 29.3985
7.76194 1667.23 197.105 -20.0518 0.1 29.3985
7.77209 1669.23 196.902 -20.0278 0.1 29.3985
7.78225 1671.23 196.698 -20.0038 0.1 29.3985
7.79242 1673.23 196.495 -19.9798 0.1 29.3985
7.80261 1675.23 196.291 -19.9559 0.1 29.3985
7.8128 1677.23 196.088 -19.932 0.1 29.3985
7.82301 1679.23 195.885 -19.9081 0.1 29.3985
7.83322 1681.23 195.682 -19.8843 0.1 29.3985
7.84345 1683.23 195.478 -19.8605 0.1 29.3985
7.85368 1685.23 195.275 -19.8368 0.1 29.3985
7.86393 1687.23 195.072 -19.8131 0.1 29.3985
7.87393 1689.18 194.874 -19.7905 0.1 29.4021
7.88395 1691.13 194.676 -19.7669 0.1 29.3985
7.89397 1693.08 194.478 -19.7444 0.1 29.4021
7.904 1695.03 194.28 -19.721 0.1 29.3985
7.91404 1696.98 194.082 -19.6985 0.1 29.4021
7.92409 1698.93 193.884 -19.6751 0.1 29.3985
7.93416 1700.88 193.686 -19.6527 0.1 29.4021
7.94423 1702.83 193.488 -19.6294 0.1 29.3985
7.95431 1704.78 193.291 -19.6071 0.1 29.4021
7.96441 1706.73 193.093 -19.5838 0.1 29.3985
7.97451 1708.68 192.895 -19.5616 0.1 29.4021
7.98463 1710.63 192.697 -19.5384 0.1 29.3985
7.99475 1712.58 192.5 -19.5162 0.1 29.4021
8.00489 1714.53 192.302 -19.4931 0.1 29.3985
8.01503 1716.48 192.104 -19.471 0.1 29.4021
8.02519 1718.43 191.907 -19.4479 0.1 29.3985
8.03535 1720.38 191.709 -19.4259 0.1 29.4021
8.04553 1722.33 191.511 -19.4029 0.1 29.3985
8.05572 1724.28 191.314 -19.3809 0.1 29.4021
8.06592 1726.23 191.116 -19.358 0.1 29.3985
8.07613 1728.18 190.919 -19.3361 0.1 29.4021
8.08634 1730.13 190.721 -19.3133 0.1 29.3984
8.09657 1732.08 190.524 -19.2914 0.1 29.4021
8.10681 1734.03 190.327 -19.2686 0.1 29.3984
8.11707 1735.98 190.129 -19.2469 0.1 29.4021
8.12733 1737.93 189.932 -19.2241 0.1 29.3984
8.13734 1739.83 189.739 -19.2025 0.1 29.3984
8.14736 1741.73 189.547 -19.1809 0.1 29.3984
8.15738 1743.63 189.355 -19.1594 0.1 29.3984
8.16742 1745.53 189.163 -19.1378 0.1 29.3984
8.17747 1747.43 188.97 -19.1164 0.1 29.3984
8.18753 1749.33 188.778 -19.0949 0.1 29.3984
8.1976 1751.23 188.586 -19.0735 0.1 29.3984
8.20768 1753.13 188.394 -19.0521 0.1 29.3984
8.21777 1755.03 188.202 -19.0307 0.1 29.3984
8.22787 1756.93 188.01 -19.0093 0.1 29.3984
8.23799 1758.83 187.818 -18.988 0.1 29.3984
8.24811 1760.73 187.625 -18.9668 0.1 29.3984
8.25824 1762.63 187.433 -18.9455 0.1 29.3984
8.26838 1764.53 187.241 -18.9243 0.1 29.3984
8.27853 1766.43 187.049 -18.9031 0.1 29.3984
8.2887 1768.33 186.857 -18.882 0.1 29.3984
8.29887 1770.23 186.665 -18.8609 0.1 29.3984
8.30905 1772.13 186.473 -18.8398 0.1 29.3984
8.31925 1774.03 186.281 -18.8187 0.1 29.3984
8.32945 1775.93 186.089 -18.7977 0.1 29.3984
8.33967 1777.83 185.898 -18.7767 0.1 29.3984
8.3499 1779.73 185.706 -18.7557 0.1 29.3984
8.36013 1781.63 185.514 -18.7348 0.1 29.3984
8.37038 1783.53 185.322 -18.7139 0.1 29.3984
8.38064 1785.43 185.13 -18.693 0.1 29.3984
8.39091 1787.33 184.938 -18.6722 0.1 29.3984
8.40091 1789.18 184.751 -18.6524 0.1 29.4022
8.41093 1791.03 184.565 -18.6317 0.1 29.3984
8.42096 1792.88 184.378 -18.6119 0.1 29.4022
8.431 1794.73 184.191 -18.5913 0.1 29.3984
8.44105 1796.58 184.004 -18.5716 0.1 29.4022
8.45111 1798.43 183.818 -18.551 0.1 29.3984
8.46118 1800.28 183.631 -18.5314 0.1 29.4022
8.47126 1802.13 183.444 -18.5109 0.1 29.3984
8.48135 1803.98 183.258 -18.4913 0.1 29.4022
8.49145 1805.83 183.071 -18.4708 0.1 29.3984
8.50156 1807.68 182.884 -18.4513 0.1 29.4022
8.51168 1809.53 182.698 -18.4309 0.1 29.3984
8.52181 1811.38 182.511 -18.4114 0.1 29.4022
8.53195 1813.23 182.324 -18.3911 0.1 29.3984
8.54211 1815.08 182.138 -18.3717 0.1 29.4022
8.55227 1816.93 181.951 -18.3514 0.1 29.3984
8.56244 1818.78 181.765 -18.3321 0.1 29.4022
8.57263 1820.63 181.578 -18.3118 0.1 29.3984
8.58282 1822.48 181.392 -18.2925 0.1 29.4022
8.59302 1824.33 181.205 -18.2723 0.1 29.3984
8.60324 1826.18 181.018 -18.2531 0.1 29.4022
8.61346 1828.03 180.832 -18.233 0.1 29.3983
8.6237 1829.88 180.645 -18.2138 0.1 29.4022
8.63395 1831.73 180.459 -18.1937 0.1 29.3983
8.6442 1833.58 180.272 -18.1746 0.1 29.4022
8.65447 1835.43 180.086 -18.1546 0.1 29.3983
8.66447 1837.23 179.904 -18.1356 0.1 29.3983
8.67448 1839.03 179.723 -18.1166 0.1 29.3983
8.6845 1840.83 179.541 -18.0977 0.1 29.3983
8.69453 1842.63 179.36 -18.0788 0.1 29.3983
8.70457 1844.43 179.179 -18.0599 0.1 29.3983
8.71462 1846.23 178.997 -18.041 0.1 29.3983
8.72469 1848.03 178.816 -18.0222 0.1 29.3983
8.73476 1849.83 178.634 -18.0034 0.1 29.3983
8.74484 1851.63 178.453 -17.9846 0.1 29.3983
8.75493 1853.43 178.272 -17.9658 0.1 29.3983
8.76503 1855.23 178.09 -17.9471 0.1 29.3983
8.77515 1857.03 177.909 -17.9284 0.1 29.3983
8.78527 1858.83 177.727 -17.9097 0.1 29.3983
8.7954 1860.63 177.546 -17.891 0.1 29.3983
8.80555 1862.43 177.365 -17.8724 0.1 29.3983
8.8157 1864.23 177.183 -17.8538 0.1 29.3983
8.82586 1866.03 177.002 -17.8352 0.1 29.3983
8.83604 1867.83 176.82 -17.8167 0.1 29.3983
8.84622 1869.63 176.639 -17.7981 0.1 29.3983
8.85642 1871.43 176.458 -17.7796 0.1 29.3983
8.86663 1873.23 176.276 -17.7611 0.1 29.3983
8.87684 1875.03 176.095 -17.7427 0.1 29.3983
8.88707 1876.83 175.914 -17.7243 0.1 29.3983
8.89731 1878.63 175.732 -17.7059 0.1 29.3983
8.90756 1880.43 175.551 -17.6875 0.1 29.3983
8.91781 1882.23 175.37 -17.6691 0.1 29.3983
8.92808 1884.03 175.188 -17.6508 0.1 29.3983
8.93836 1885.83 175.007 -17.6325 0.1 29.3983
8.94837 1887.58 174.83 -17.6152 0.1 29.4023
8.95838 1889.33 174.654 -17.597 0.1 29.3983
8.96841 1891.08 174.478 -17.5797 0.1 29.4023
8.97844 1892.83 174.302 -17.5616 0.1 29.3983
8.98849 1894.58 174.125 -17.5444 0.1 29.4023
8.99854 1896.33 173.949 -17.5263 0.1 29.3983
9.00861 1898.08 173.773 -17.5091 0.1 29.4023
9.01869 1899.83 173.596 -17.4911 0.1 29.3983
9.02877 1901.58 173.42 -17.4739 0.1 29.4023
9.03887 1903.33 173.244 -17.4559 0.1 29.3983
9.04898 1905.08 173.067 -17.4389 0.1 29.4023
9.05909 1906.83 172.891 -17.4209 0.1 29.3983
9.06922 1908.58 172.715 -17.4039 0.1 29.4023
9.07936 1910.33 172.538 -17.386 0.1 29.3983
9.08951 1912.08 172.362 -17.369 0.1 29.4023
9.09966 1913.83 172.186 -17.3511 0.1 29.3982
9.10983 1915.58 172.009 -17.3342 0.1 29.4023
9.12001 1917.33 171.833 -17.3164 0.1 29.3982
9.1302 1919.08 171.656 -17.2995 0.1 29.4023
9.1404 1920.83 171.48 -17.2817 0.1 29.3982
9.15061 1922.58 171.304 -17.2649 0.1 29.4023
9.16083 1924.33 171.127 -17.2472 0.1 29.3982
9.17107 1926.08 170.951 -17.2304 0.1 29.4023
9.18131 1927.83 170.775 -17.2127 0.1 29.3982
9.19156 1929.58 170.598 -17.1959 0.1 29.4023
9.20182 1931.33 170.422 -17.1783 0.1 29.3982
9.2121 1933.08 170.245 -17.1616 0.1 29.4023
9.22238 1934.83 170.069 -17.144 0.1 29.3982
9.23238 1936.53 169.898 -17.1274 0.1 29.3982
9.2424 1938.23 169.726 -17.1108 0.1 29.3982
9.25242 1939.93 169.555 -17.0943 0.1 29.3982
9.26245 1941.63 169.383 -17.0777 0.1 29.3982
9.27249 1943.33 169.212 -17.0612 0.1 29.3982
9.28254 1945.03 169.041 -17.0447 0.1 29.3982
9.2926 1946.73 168.869 -17.0282 0.1 29.3982
9.30268 1948.43 168.698 -17.0117 0.1 29.3982
9.31276 1950.13 168.526 -16.9953 0.1 29.3982
9.32285 1951.83 168.355 -16.9788 0.1 29.3982
9.33295 1953.53 168.183 -16.9624 0.1 29.3982
9.34307 1955.23 168.012 -16.946 0.1 29.3982
9.35319 1956.93 167.84 -16.9297 0.1 29.3982
9.36332 1958.63 167.669 -16.9133 0.1 29.3982
9.37347 1960.33 167.498 -16.897 0.1 29.3982
9.38362 1962.03 167.326 -16.8807 0.1 29.3982
9.39379 1963.73 167.154 -16.8645 0.1 29.3982
9.40396 1965.43 166.983 -16.8482 0.1 29.3982
9.41415 1967.13 166.811 -16.832 0.1 29.3982
9.42435 1968.83 166.64 -16.8158 0.1 29.3982
9.43455 1970.53 166.468 -16.7996 0.1 29.3982
9.44477 1972.23 166.297 -16.7834 0.1 29.3982
9.455 1973.93 166.125 -16.7673 0.1 29.3982
9.46524 1975.63 165.954 -16.7511 0.1 29.3982
9.47549 1977.33 165.782 -16.735 0.1 29.3982
9.48575 1979.03 165.61 -16.7189 0.1 29.3982
9.49602 1980.73 165.439 -16.7029 0.1 29.3982
9.5063 1982.43 165.267 -16.6868 0.1 29.3982
9.51659 1984.13 165.095 -16.6708 0.1 29.3982
9.52689 1985.83 164.924 -16.6548 0.1 29.3982
9.5369 1987.48 164.757 -16.6397 0.1 29.4024
9.54692 1989.13 164.59 -16.6238 0.1 29.3982
9.55695 1990.78 164.424 -16.6088 0.1 29.4024
9.56699 1992.43 164.257 -16.5929 0.1 29.3982
9.57704 1994.08 164.09 -16.5779 0.1 29.4024
9.58711 1995.73 163.924 -16.5621 0.1 29.3981
9.59718 1997.38 163.757 -16.5471 0.1 29.4024
9.60726 1999.03 163.59 -16.5313 0.1 29.3981
9.61735 2000.68 163.424 -16.5163 0.1 29.4024
9.62745 2002.33 163.257 -16.5006 0.1 29.3981
9.63756 2003.98 163.09 -16.4857 0.1 29.4024
9.64769 2005.63 162.923 -16.47 0.1 29.3981
9.65782 2007.28 162.756 -16.4551 0.1 29.4024
9.66796 2008.93 162.59 -16.4395 0.1 29.3981
9.67812 2010.58 162.423 -16.4246 0.1 29.4024
9.68828 2012.23 162.256 -16.409 0.1 29.3981
9.69845 2013.88 162.089 -16.3942 0.1 29.4024
9.70864 2015.53 161.922 -16.3786 0.1 29.3981
9.71883 2017.18 161.755 -16.3639 0.1 29.4024
9.72904 2018.83 161.588 -16.3483 0.1 29.3981
9.73926 2020.48 161.421 -16.3336 0.1 29.4024
9.74948 2022.13 161.254 -16.3181 0.1 29.3981
9.75972 2023.78 161.087 -16.3034 0.1 29.4025
9.76997 2025.43 160.92 -16.288 0.1 29.3981
9.78023 2027.08 160.753 -16.2733 0.1 29.4025
9.7905 2028.73 160.586 -16.2579 0.1 29.3981
9.80078 2030.38 160.419 -16.2433 0.1 29.4025
9.81107 2032.03 160.252 -16.2279 0.1 29.3981
9.82137 2033.68 160.085 -16.2133 0.1 29.4025
9.83168 2035.33 159.918 -16.198 0.1 29.3981
9.84169 2036.93 159.756 -16.1835 0.1 29.3981
9.85172 2038.53 159.594 -16.169 0.1 29.3981
9.86175 2040.13 159.432 -16.1546 0.1 29.3981
9.87179 2041.73 159.27 -16.1402 0.1 29.3981
9.88184 2043.33 159.107 -16.1258 0.1 29.3981
9.8919 2044.93 158.945 -16.1114 0.1 29.3981
9.90197 2046.53 158.783 -16.097 0.1 29.3981
9.91205 2048.13 158.621 -16.0827 0.1 29.3981
9.92215 2049.73 158.459 -16.0683 0.1 29.3981
9.93225 2051.33 158.296 -16.054 0.1 29.3981
9.94236 2052.93 158.134 -16.0397 0.1 29.3981
9.95248 2054.53 157.972 -16.0254 0.1 29.3981
9.96262 2056.13 157.809 -16.0111 0.1 29.3981
9.97276 2057.73 157.647 -15.9969 0.1 29.3981
9.98292 2059.33 157.485 -15.9827 0.1 29.3981
9.99308 2060.93 157.322 -15.9684 0.1 29.3981
10.0033 2062.53 157.16 -15.9543 0.1 29.3981
10.0134 2064.13 156.997 -15.9401 0.1 29.3981
10.0236 2065.73 156.835 -15.9259 0.1 29.398
10.0338 2067.33 156.672 -15.9118 0.1 29.398
10.0441 2068.93 156.51 -15.8976 0.1 29.398
10.0543 2070.53 156.347 -15.8835 0.1 29.398
10.0645 2072.13 156.185 -15.8694 0.1 29.398
10.0748 2073.73 156.022 -15.8554 0.1 29.398
10.085 2075.33 155.86 -15.8413 0.1 29.398
10.0953 2076.93 155.697 -15.8273 0.1 29.398
10.1056 2078.53 155.534 -15.8132 0.1 29.398
10.1159 2080.13 155.372 -15.7992 0.1 29.398
10.1262 2081.73 155.209 -15.7852 0.1 29.398
10.1365 2083.33 155.046 -15.7713 0.1 29.398
10.1465 2084.88 154.889 -15.7581 0.1 29.4025
10.1565 2086.43 154.731 -15.7442 0.1 29.398
10.1665 2087.98 154.573 -15.7311 0.1 29.4025
10.1766 2089.53 154.415 -15.7173 0.1 29.398
10.1866 2091.08 154.258 -15.7042 0.1 29.4026
10.1967 2092.63 154.1 -15.6904 0.1 29.398
10.2067 2094.18 153.942 -15.6774 0.1 29.4026
10.2168 2095.73 153.784 -15.6636 0.1 29.398
10.2269 2097.28 153.626 -15.6506 0.1 29.4026
10.237 2098.83 153.468 -15.6368 0.1 29.398
10.2471 2100.38 153.31 -15.6238 0.1 29.4026
10.2572 2101.93 153.152 -15.6101 0.1 29.398
10.2673 2103.48 152.994 -15.5971 0.1 29.4026
10.2775 2105.03 152.836 -15.5835 0.1 29.398
10.2876 2106.58 152.678 -15.5705 0.1 29.4026
10.2978 2108.13 152.52 -15.5569 0.1 29.398
10.3079 2109.68 152.362 -15.544 0.1 29.4026
10.3181 2111.23 152.204 -15.5304 0.1 29.398
10.3283 2112.78 152.046 -15.5175 0.1 29.4026
10.3385 2114.33 151.888 -15.5039 0.1 29.398
10.3487 2115.88 151.729 -15.4911 0.1 29.4026
10.3589 2117.43 151.571 -15.4775 0.1 29.398
10.3692 2118.98 151.413 -15.4647 0.1 29.4026
10.3794 2120.53 151.254 -15.4512 0.1 29.398
10.3897 2122.08 151.096 -15.4384 0.1 29.4026
10.3999 2123.63 150.938 -15.4249 0.1 29.398
10.4102 2125.18 150.779 -15.4122 0.1 29.4026
10.4205 2126.73 150.621 -15.3987 0.1 29.398
10.4308 2128.28 150.462 -15.386 0.1 29.4026
10.4411 2129.83 150.304 -15.3726 0.1 29.398
10.4514 2131.38 150.145 -15.3599 0.1 29.4026
10.4617 2132.93 149.987 -15.3465 0.1 29.3979
10.4718 2134.43 149.833 -15.3339 0.1 29.3979
10.4818 2135.93 149.68 -15.3214 0.1 29.3979
10.4918 2137.43 149.526 -15.3088 0.1 29.3979
10.5018 2138.93 149.373 -15.2962 0.1 29.3979
10.5119 2140.43 149.219 -15.2837 0.1 29.3979
10.5219 2141.93 149.065 -15.2712 0.1 29.3979
10.532 2143.43 148.912 -15.2587 0.1 29.3979
10.5421 2144.93 148.758 -15.2462 0.1 29.3979
10.5522 2146.43 148.604 -15.2337 0.1 29.3979
10.5623 2147.93 148.45 -15.2212 0.1 29.3979
10.5724 2149.43 148.296 -15.2088 0.1 29.3979
10.5825 2150.93 148.143 -15.1963 0.1 29.3979
10.5926 2152.43 147.989 -15.1839 0.1 29.3979
10.6028 2153.93 147.835 -15.1715 0.1 29.3979
10.6129 2155.43 147.681 -15.1591 0.1 29.3979
10.6231 2156.93 147.527 -15.1467 0.1 29.3979
10.6333 2158.43 147.373 -15.1344 0.1 29.3979
10.6434 2159.93 147.219 -15.122 0.1 29.3979
10.6536 2161.43 147.065 -15.1097 0.1 29.3979
10.6638 2162.93 146.911 -15.0974 0.1 29.3979
10.6741 2164.43 146.756 -15.085 0.1 29.3979
10.6843 2165.93 146.602 -15.0728 0.1 29.3979
10.6945 2167.43 146.448 -15.0605 0.1 29.3979
10.7048 2168.93 146.294 -15.0482 0.1 29.3979
10.715 2170.43 146.139 -15.036 0.1 29.3979
10.7253 2171.93 145.985 -15.0237 0.1 29.3979
10.7356 2173.43 145.831 -15.0115 0.1 29.3979
10.7459 2174.93 145.676 -14.9993 0.1 29.3979
10.7562 2176.43 145.522 -14.9871 0.1 29.3979
10.7665 2177.93 145.367 -14.9749 0.1 29.3979
10.7768 2179.43 145.213 -14.9627 0.1 29.3979
10.7872 2180.93 145.058 -14.9506 0.1 29.3979
10.7972 2182.38 144.909 -14.9392 0.1 29.4027
10.8072 2183.83 144.759 -14.9271 0.1 29.3979
10.8172 2185.28 144.61 -14.9158 0.1 29.4027
10.8272 2186.73 144.46 -14.9037 0.1 29.3979
10.8373 2188.18 144.31 -14.8924 0.1 29.4027
10.8473 2189.63 144.161 -14.8804 0.1 29.3979
10.8574 2191.08 144.011 -14.869 0.1 29.4027
10.8675 2192.53 143.861 -14.8571 0.1 29.3978
10.8775 2193.98 143.711 -14.8458 0.1 29.4027
10.8876 2195.43 143.562 -14.8338 0.1 29.3978
10.8977 2196.88 143.412 -14.8225 0.1 29.4027
10.9079 2198.33 143.262 -14.8106 0.1 29.3978
10.918 2199.78 143.112 -14.7994 0.1 29.4027
10.9281 2201.23 142.962 -14.7875 0.1 29.3978
10.9383 2202.68 142.812 -14.7762 0.1 29.4027
10.9484 2204.13 142.662 -14.7644 0.1 29.3978
10.9586 2205.58 142.512 -14.7532 0.1 29.4027
10.9688 2207.03 142.362 -14.7413 0.1 29.3978
10.979 2208.48 142.212 -14.7301 0.1 29.4027
10.9892 2209.93 142.061 -14.7183 0.1 29.3978
10.9994 2211.38 141.911 -14.7072 0.1 29.4027
11.0096 2212.83 141.761 -14.6954 0.1 29.3978
11.0198 2214.28 141.611 -14.6843 0.1 29.4028
11.0301 2215.73 141.46 -14.6725 0.1 29.3978
11.0403 2217.18 141.31 -14.6614 0.1 29.4028
11.0506 2218.63 141.159 -14.6496 0.1 29.3978
11.0609 2220.08 141.009 -14.6386 0.1 29.4028
11.0712 2221.53 140.858 -14.6268 0.1 29.3978
11.0815 2222.98 140.708 -14.6158 0.1 29.4028
11.0918 2224.43 140.557 -14.6041 0.1 29.3978
11.1021 2225.88 140.406 -14.5931 0.1 29.4028
11.1124 2227.33 140.256 -14.5814 0.1 29.3978
11.1228 2228.78 140.105 -14.5704 0.1 29.4028
11.1331 2230.23 139.954 -14.5588 0.1 29.3978
11.1431 2231.63 139.808 -14.5479 0.1 29.3978
11.1532 2233.03 139.663 -14.537 0.1 29.3978
11.1632 2234.43 139.517 -14.5261 0.1 29.3978
11.1732 2235.83 139.371 -14.5152 0.1 29.3978
11.1833 2237.23 139.225 -14.5043 0.1 29.3978
11.1933 2238.63 139.079 -14.4935 0.1 29.3978
11.2034 2240.03 138.933 -14.4826 0.1 29.3978
11.2135 2241.43 138.788 -14.4718 0.1 29.3978
11.2236 2242.83 138.642 -14.461 0.1 29.3978
11.2337 2244.23 138.495 -14.4502 0.1 29.3978
11.2438 2245.63 138.349 -14.4394 0.1 29.3978
11.2539 2247.03 138.203 -14.4286 0.1 29.3977
11.2641 2248.43 138.057 -14.4178 0.1 29.3977
11.2742 2249.83 137.911 -14.4071 0.1 29.3977
11.2844 2251.23 137.765 -14.3963 0.1 29.3977
11.2945 2252.63 137.618 -14.3856 0.1 29.3977
11.3047 2254.03 137.472 -14.3748 0.1 29.3977
11.3149 2255.43 137.325 -14.3641 0.1 29.3977
11.3251 2256.83 137.179 -14.3534 0.1 29.3977
11.3353 2258.23 137.032 -14.3427 0.1 29.3977
11.3455 2259.63 136.886 -14.3321 0.1 29.3977
11.3558 2261.03 136.739 -14.3214 0.1 29.3977
11.366 2262.43 136.593 -14.3107 0.1 29.3977
11.3763 2263.83 136.446 -14.3001 0.1 29.3977
11.3865 2265.23 136.299 -14.2894 0.1 29.3977
11.3968 2266.63 136.152 -14.2788 0.1 29.3977
11.4071 2268.03 136.006 -14.2682 0.1 29.3977
11.4174 2269.43 135.859 -14.2576 0.1 29.3977
11.4277 2270.83 135.712 -14.247 0.1 29.3977
11.438 2272.23 135.565 -14.2364 0.1 29.3977
11.4484 2273.63 135.418 -14.2259 0.1 29.3977
11.4587 2275.03 135.271 -14.2153 0.1 29.3977
11.4691 2276.43 135.123 -14.2048 0.1 29.3977
11.4794 2277.83 134.976 -14.1942 0.1 29.3977
11.4894 2279.18 134.834 -14.1844 0.1 29.4029
11.4995 2280.53 134.692 -14.174 0.1 29.3977
11.5095 2281.88 134.55 -14.1641 0.1 29.4029
11.5195 2283.23 134.408 -14.1537 0.1 29.3977
11.5296 2284.58 134.266 -14.1439 0.1 29.4029
11.5396 2285.93 134.123 -14.1335 0.1 29.3977
11.5497 2287.28 133.981 -14.1237 0.1 29.4029
11.5598 2288.63 133.839 -14.1134 0.1 29.3977
11.5699 2289.98 133.696 -14.1036 0.1 29.4029
11.58 2291.33 133.554 -14.0932 0.1 29.3977
11.5901 2292.68 133.412 -14.0835 0.1 29.4029
11.6002 2294.03 133.269 -14.0732 0.1 29.3977
11.6104 2295.38 133.126 -14.0635 0.1 29.4029
11.6205 2296.73 132.984 -14.0531 0.1 29.3976
11.6307 2298.08 132.841 -14.0434 0.1 29.4029
11.6408 2299.43 132.698 -14.0331 0.1 29.3976
11.651 2300.78 132.556 -14.0235 0.1 29.4029
11.6612 2302.13 132.413 -14.0132 0.1 29.3976
11.6714 2303.48 132.27 -14.0035 0.1 29.4029
11.6816 2304.83 132.127 -13.9933 0.1 29.3976
11.6918 2306.18 131.984 -13.9837 0.1 29.4029
11.7021 2307.53 131.841 -13.9734 0.1 29.3976
11.7123 2308.88 131.698 -13.9638 0.1 29.4029
11.7226 2310.23 131.555 -13.9536 0.1 29.3976
11.7328 2311.58 131.411 -13.944 0.1 29.4029
11.7431 2312.93 131.268 -13.9338 0.1 29.3976
11.7534 2314.28 131.125 -13.9242 0.1 29.403
11.7637 2315.63 130.981 -13.9141 0.1 29.3976
11.774 2316.98 130.838 -13.9045 0.1 29.403
11.7844 2318.33 130.694 -13.8943 0.1 29.3976
11.7947 2319.68 130.551 -13.8848 0.1 29.403
11.805 2321.03 130.407 -13.8747 0.1 29.3976
11.8154 2322.38 130.264 -13.8652 0.1 29.403
11.8258 2323.73 130.12 -13.8551 0.1 29.3976
11.8361 2325.08 129.976 -13.8456 0.1 29.403
11.8461 2326.38 129.838 -13.8361 0.1 29.403
11.8562 2327.68 129.699 -13.8267 0.1 29.403
11.8662 2328.98 129.56 -13.8173 0.1 29.403
11.8762 2330.28 129.422 -13.8079 0.1 29.403
11.8863 2331.58 129.283 -13.7985 0.1 29.403
11.8963 2332.88 129.144 -13.7892 0.1 29.403
11.9064 2334.18 129.005 -13.7798 0.1 29.403
11.9165 2335.48 128.866 -13.7704 0.1 29.403
11.9266 2336.78 128.728 -13.7611 0.1 29.403
11.9367 2338.08 128.589 -13.7517 0.1 29.403
11.9468 2339.38 128.449 -13.7424 0.1 29.403
11.9569 2340.68 128.31 -13.7331 0.1 29.403
11.9671 2341.98 128.171 -13.7238 0.1 29.403
11.9772 2343.28 128.032 -13.7145 0.1 29.403
11.9874 2344.58 127.893 -13.7052 0.1 29.403
11.9976 2345.88 127.753 -13.6959 0.1 29.403
12.0077 2347.18 127.614 -13.6866 0.1 29.403
12.0179 2348.48 127.475 -13.6774 0.1 29.403
12.0281 2349.78 127.335 -13.6681 0.1 29.403
12.0384 2351.08 127.195 -13.6588 0.1 29.403
12.0486 2352.38 127.056 -13.6496 0.1 29.403
12.0588 2353.68 126.916 -13.6404 0.1 29.403
12.0691 2354.98 126.776 -13.6312 0.1 29.403
12.0793 2356.28 126.637 -13.6219 0.1 29.403
12.0896 2357.58 126.497 -13.6127 0.1 29.403
12.0999 2358.88 126.357 -13.6035 0.1 29.4031
12.1102 2360.18 126.217 -13.5944 0.1 29.4031
12.1205 2361.48 126.077 -13.5852 0.1 29.4031
12.1308 2362.78 125.937 -13.576 0.1 29.4031
12.1411 2364.08 125.796 -13.5669 0.1 29.4031
12.1515 2365.38 125.656 -13.5577 0.1 29.4031
12.1618 2366.68 125.516 -13.5486 0.1 29.4031
12.1722 2367.98 125.376 -13.5394 0.1 29.4031
12.1826 2369.28 125.235 -13.5303 0.1 29.4031
12.1929 2370.58 125.095 -13.5212 0.1 29.4031
12.2033 2371.88 124.954 -13.5121 0.1 29.4031
12.2133 2373.13 124.819 -13.5031 0.1 29.3975
12.2234 2374.38 124.684 -13.4946 0.1 29.4031
12.2334 2375.63 124.548 -13.4856 0.1 29.3975
12.2434 2376.88 124.413 -13.4772 0.1 29.4031
12.2535 2378.13 124.278 -13.4682 0.1 29.3975
12.2636 2379.38 124.142 -13.4598 0.1 29.4031
12.2736 2380.63 124.006 -13.4508 0.1 29.3975
12.2837 2381.88 123.871 -13.4424 0.1 29.4031
12.2938 2383.13 123.735 -13.4334 0.1 29.3975
12.3039 2384.38 123.599 -13.425 0.1 29.4031
12.314 2385.63 123.464 -13.4161 0.1 29.3974
12.3242 2386.88 123.328 -13.4077 0.1 29.4031
12.3343 2388.13 123.192 -13.3988 0.1 29.3974
12.3445 2389.38 123.056 -13.3905 0.1 29.4031
12.3546 2390.63 122.92 -13.3815 0.1 29.3974
12.3648 2391.88 122.784 -13.3732 0.1 29.4031
12.375 2393.13 122.647 -13.3643 0.1 29.3974
12.3852 2394.38 122.511 -13.356 0.1 29.4031
12.3954 2395.63 122.375 -13.3471 0.1 29.3974
12.4056 2396.88 122.239 -13.3388 0.1 29.4031
12.4159 2398.13 122.102 -13.3299 0.1 29.3974
12.4261 2399.38 121.966 -13.3217 0.1 29.4032
12.4363 2400.63 121.829 -13.3128 0.1 29.3974
12.4466 2401.88 121.692 -13.3045 0.1 29.4032
12.4569 2403.13 121.556 -13.2957 0.1 29.3974
12.4672 2404.38 121.419 -13.2875 0.1 29.4032
12.4775 2405.63 121.282 -13.2786 0.1 29.3974
12.4878 2406.88 121.145 -13.2704 0.1 29.4032
12.4981 2408.13 121.008 -13.2616 0.1 29.3974
12.5085 2409.38 120.871 -13.2534 0.1 29.4032
12.5188 2410.63 120.734 -13.2446 0.1 29.3974
12.5292 2411.88 120.597 -13.2364 0.1 29.4032
12.5395 2413.13 120.46 -13.2276 0.1 29.3974
12.5499 2414.38 120.323 -13.2194 0.1 29.4032
12.5603 2415.63 120.185 -13.2107 0.1 29.3974
12.5707 2416.88 120.048 -13.2025 0.1 29.4032
12.5807 2418.08 119.916 -13.1944 0.1 29.4032
12.5907 2419.28 119.784 -13.1863 0.1 29.4032
12.6008 2420.48 119.651 -13.1782 0.1 29.4032
12.6108 2421.68 119.519 -13.1701 0.1 29.4032
12.6208 2422.88 119.387 -13.162 0.1 29.4032
12.6309 2424.08 119.255 -13.154 0.1 29.4032
12.641 2425.28 119.122 -13.1459 0.1 29.4032
12.651 2426.48 118.99 -13.1378 0.1 29.4032
12.6611 2427.68 118.857 -13.1298 0.1 29.4032
12.6712 2428.88 118.725 -13.1218 0.1 29.4032
12.6813 2430.08 118.592 -13.1137 0.1 29.4032
12.6915 2431.28 118.459 -13.1057 0.1 29.4032
12.7016 2432.48 118.327 -13.0977 0.1 29.4032
12.7118 2433.68 118.194 -13.0896 0.1 29.4032
12.7219 2434.88 118.061 -13.0816 0.1 29.4032
12.7321 2436.08 117.928 -13.0736 0.1 29.4032
12.7423 2437.28 117.795 -13.0656 0.1 29.4033
12.7525 2438.48 117.662 -13.0577 0.1 29.4033
12.7627 2439.68 117.528 -13.0497 0.1 29.4033
12.7729 2440.88 117.395 -13.0417 0.1 29.4033
12.7831 2442.08 117.262 -13.0337 0.1 29.4033
12.7933 2443.28 117.128 -13.0258 0.1 29.4033
12.8036 2444.48 116.995 -13.0178 0.1 29.4033
12.8139 2445.68 116.861 -13.0099 0.1 29.4033
12.8241 2446.88 116.728 -13.002 0.1 29.4033
12.8344 2448.08 116.594 -12.994 0.1 29.4033
12.8447 2449.28 116.46 -12.9861 0.1 29.4033
12.855 2450.48 116.326 -12.9782 0.1 29.4033
12.8654 2451.68 116.192 -12.9703 0.1 29.4033
12.8757 2452.88 116.058 -12.9624 0.1 29.4033
12.886 2454.08 115.924 -12.9545 0.1 29.4033
12.8964 2455.28 115.79 -12.9466 0.1 29.4033
12.9068 2456.48 115.656 -12.9388 0.1 29.4033
12.9171 2457.68 115.522 -12.9309 0.1 29.4033
12.9275 2458.88 115.387 -12.923 0.1 29.4033
12.9379 2460.08 115.253 -12.9152 0.1 29.4033
12.9484 2461.28 115.118 -12.9073 0.1 29.4033
12.9588 2462.48 114.984 -12.8995 0.1 29.4033
12.9688 2463.63 114.855 -12.8917 0.1 29.3972
12.9788 2464.78 114.726 -12.8845 0.1 29.4033
12.9888 2465.93 114.596 -12.8767 0.1 29.3972
12.9989 2467.08 114.467 -12.8695 0.1 29.4033
13.0089 2468.23 114.338 -12.8617 0.1 29.3972
13.019 2469.38 114.208 -12.8545 0.1 29.4033
13.0291 2470.53 114.079 -12.8468 0.1 29.3972
13.0392 2471.68 113.949 -12.8396 0.1 29.4034
13.0493 2472.83 113.82 -12.8319 0.1 29.3972
13.0594 2473.98 113.69 -12.8247 0.1 29.4034
13.0695 2475.13 113.56 -12.817 0.1 29.3972
13.0796 2476.28 113.431 -12.8098 0.1 29.4034
13.0898 2477.43 113.301 -12.8021 0.1 29.3972
13.0999 2478.58 113.171 -12.795 0.1 29.4034
13.1101 2479.73 113.041 -12.7873 0.1 29.3972
13.1203 2480.88 112.91 -12.7802 0.1 29.4034
13.1305 2482.03 112.78 -12.7725 0.1 29.3972
13.1407 2483.18 112.65 -12.7654 0.1 29.4034
13.1509 2484.33 112.52 -12.7577 0.1 29.3972
13.1611 2485.48 112.389 -12.7506 0.1 29.4034
13.1714 2486.63 112.259 -12.7429 0.1 29.3972
13.1816 2487.78 112.128 -12.7358 0.1 29.4034
13.1919 2488.93 111.997 -12.7282 0.1 29.3972
13.2021 2490.08 111.867 -12.7211 0.1 29.4034
13.2124 2491.23 111.736 -12.7135 0.1 29.3971
13.2227 2492.38 111.605 -12.7064 0.1 29.4034
13.233 2493.53 111.474 -12.6988 0.1 29.3971
13.2434 2494.68 111.343 -12.6918 0.1 29.4034
13.2537 2495.83 111.212 -12.6842 0.1 29.3971
13.264 2496.98 111.081 -12.6771 0.1 29.4034
13.2744 2498.13 110.949 -12.6695 0.1 29.3971
13.2848 2499.28 110.818 -12.6625 0.1 29.4034
13.2952 2500.43 110.687 -12.6549 0.1 29.3971
13.3055 2501.58 110.555 -12.6479 0.1 29.4034
13.316 2502.73 110.423 -12.6404 0.1 29.3971
13.3264 2503.88 110.292 -12.6333 0.1 29.4035
13.3368 2505.03 110.16 -12.6258 0.1 29.3971
13.3473 2506.18 110.028 -12.6188 0.1 29.4035
13.3573 2507.28 109.902 -12.6118 0.1 29.4035
13.3673 2508.38 109.776 -12.6049 0.1 29.4035
13.3773 2509.48 109.649 -12.598 0.1 29.4035
13.3873 2510.58 109.523 -12.591 0.1 29.4035
13.3974 2511.68 109.396 -12.5841 0.1 29.4035
13.4075 2512.78 109.27 -12.5772 0.1 29.4035
13.4175 2513.88 109.143 -12.5703 0.1 29.4035
13.4276 2514.98 109.016 -12.5634 0.1 29.4035
13.4377 2516.08 108.89 -12.5565 0.1 29.4035
13.4478 2517.18 108.763 -12.5496 0.1 29.4035
13.4579 2518.28 108.636 -12.5427 0.1 29.4035
13.4681 2519.38 108.509 -12.5358 0.1 29.4035
13.4782 2520.48 108.382 -12.529 0.1 29.4035
13.4884 2521.58 108.254 -12.5221 0.1 29.4035
13.4985 2522.68 108.127 -12.5152 0.1 29.4035
13.5087 2523.78 108 -12.5084 0.1 29.4035
13.5189 2524.88 107.872 -12.5015 0.1 29.4035
13.5291 2525.98 107.745 -12.4947 0.1 29.4035
13.5393 2527.08 107.617 -12.4878 0.1 29.4035
13.5496 2528.18 107.49 -12.481 0.1 29.4035
13.5598 2529.28 107.362 -12.4742 0.1 29.4035
13.57 2530.38 107.234 -12.4673 0.1 29.4035
13.5803 2531.48 107.106 -12.4605 0.1 29.4035
13.5906 2532.58 106.978 -12.4537 0.1 29.4036
13.6009 2533.68 106.85 -12.4469 0.1 29.4036
13.6112 2534.78 106.722 -12.4401 0.1 29.4036
13.6215 2535.88 106.593 -12.4333 0.1 29.4036
13.6318 2536.98 106.465 -12.4265 0.1 29.4036
13.6422 2538.08 106.337 -12.4197 0.1 29.4036
13.6525 2539.18 106.208 -12.413 0.1 29.4036
13.6629 2540.28 106.08 -12.4062 0.1 29.4036
13.6732 2541.38 105.951 -12.3994 0.1 29.4036
13.6836 2542.48 105.822 -12.3927 0.1 29.4036
13.694 2543.58 105.693 -12.3859 0.1 29.4036
13.7044 2544.68 105.564 -12.3791 0.1 29.4036
13.7149 2545.78 105.435 -12.3724 0.1 29.4036
13.7253 2546.88 105.306 -12.3657 0.1 29.4036
13.7358 2547.98 105.177 -12.3589 0.1 29.4036
13.7462 2549.08 105.048 -12.3522 0.1 29.4036
13.7562 2550.13 104.924 -12.3455 0.1 29.3969
13.7662 2551.18 104.801 -12.3394 0.1 29.4036
13.7763 2552.23 104.677 -12.3327 0.1 29.3969
13.7863 2553.28 104.553 -12.3266 0.1 29.4036
13.7964 2554.33 104.429 -12.3199 0.1 29.3969
13.8064 2555.38 104.305 -12.3138 0.1 29.4036
13.8165 2556.43 104.181 -12.3072 0.1 29.3969
13.8266 2557.48 104.057 -12.301 0.1 29.4036
13.8367 2558.53 103.933 -12.2944 0.1 29.3969
13.8468 2559.58 103.809 -12.2883 0.1 29.4037
13.8569 2560.63 103.684 -12.2817 0.1 29.3969
13.867 2561.68 103.56 -12.2756 0.1 29.4037
13.8772 2562.73 103.436 -12.269 0.1 29.3969
13.8873 2563.78 103.311 -12.2628 0.1 29.4037
13.8975 2564.83 103.186 -12.2563 0.1 29.3969
13.9077 2565.88 103.062 -12.2502 0.1 29.4037
13.9179 2566.93 102.937 -12.2436 0.1 29.3969
13.9281 2567.98 102.812 -12.2375 0.1 29.4037
13.9383 2569.03 102.687 -12.2309 0.1 29.3969
13.9485 2570.08 102.562 -12.2249 0.1 29.4037
13.9588 2571.13 102.436 -12.2183 0.1 29.3969
13.969 2572.18 102.311 -12.2122 0.1 29.4037
13.9793 2573.23 102.186 -12.2057 0.1 29.3969
13.9896 2574.28 102.06 -12.1996 0.1 29.4037
13.9999 2575.33 101.935 -12.1931 0.1 29.3968
14.0102 2576.38 101.809 -12.1871 0.1 29.4037
14.0205 2577.43 101.683 -12.1805 0.1 29.3968
14.0309 2578.48 101.558 -12.1745 0.1 29.4037
14.0412 2579.53 101.432 -12.168 0.1 29.3968
14.0516 2580.58 101.306 -12.1619 0.1 29.4037
14.0619 2581.63 101.179 -12.1555 0.1 29.3968
14.0723 2582.68 101.053 -12.1494 0.1 29.4037
14.0827 2583.73 100.927 -12.1429 0.1 29.3968
14.0931 2584.78 100.801 -12.1369 0.1 29.4038
14.1035 2585.83 100.674 -12.1305 0.1 29.3968
14.114 2586.88 100.548 -12.1244 0.1 29.4038
14.1244 2587.93 100.421 -12.118 0.1 29.3968
14.1349 2588.98 100.294 -12.112 0.1 29.4038
14.1454 2590.03 100.167 -12.1055 0.1 29.3968
14.1559 2591.08 100.04 -12.0995 0.1 29.4038
14.1659 2592.08 99.9194 -12.0936 0.1 29.4038
14.1759 2593.08 99.7983 -12.0877 0.1 29.4038
14.1859 2594.08 99.6771 -12.0818 0.1 29.4038
14.1959 2595.08 99.5559 -12.0759 0.1 29.4038
14.206 2596.08 99.4345 -12.07 0.1 29.4038
14.2161 2597.08 99.3131 -12.0641 0.1 29.4038
14.2261 2598.08 99.1916 -12.0582 0.1 29.4038
14.2362 2599.08 99.07 -12.0523 0.1 29.4038
14.2463 2600.08 98.9483 -12.0464 0.1 29.4038
14.2564 2601.08 98.8265 -12.0406 0.1 29.4038
14.2666 2602.08 98.7046 -12.0347 0.1 29.4038
14.2767 2603.08 98.5826 -12.0288 0.1 29.4038
14.2868 2604.08 98.4606 -12.023 0.1 29.4038
14.297 2605.08 98.3384 -12.0171 0.1 29.4038
14.3072 2606.08 98.2161 -12.0112 0.1 29.4038
14.3174 2607.08 98.0938 -12.0054 0.1 29.4038
14.3276 2608.08 97.9714 -11.9996 0.1 29.4039
14.3378 2609.08 97.8488 -11.9937 0.1 29.4039
14.348 2610.08 97.7262 -11.9879 0.1 29.4039
14.3583 2611.08 97.6035 -11.982 0.1 29.4039
14.3685 2612.08 97.4807 -11.9762 0.1 29.4039
14.3788 2613.08 97.3578 -11.9704 0.1 29.4039
14.389 2614.08 97.2348 -11.9646 0.1 29.4039
14.3993 2615.08 97.1117 -11.9588 0.1 29.4039
14.4096 2616.08 96.9885 -11.9529 0.1 29.4039
14.42 2617.08 96.8652 -11.9471 0.1 29.4039
14.4303 2618.08 96.7418 -11.9413 0.1 29.4039
14.4406 2619.08 96.6183 -11.9355 0.1 29.4039
14.451 2620.08 96.4947 -11.9298 0.1 29.4039
14.4614 2621.08 96.3711 -11.924 0.1 29.4039
14.4717 2622.08 96.2473 -11.9182 0.1 29.4039
14.4821 2623.08 96.1234 -11.9124 0.1 29.4039
14.4926 2624.08 95.9994 -11.9066 0.1 29.4039
14.503 2625.08 95.8753 -11.9009 0.1 29.4039
14.5134 2626.08 95.7512 -11.8951 0.1 29.4039
14.5239 2627.08 95.6269 -11.8893 0.1 29.4039
14.5343 2628.08 95.5025 -11.8836 0.1 29.4039
14.5448 2629.08 95.378 -11.8778 0.1 29.404
14.5553 2630.08 95.2534 -11.8721 0.1 29.404
14.5658 2631.08 95.1287 -11.8663 0.1 29.404
14.5763 2632.08 95.0039 -11.8606 0.1 29.404
14.5863 2633.03 94.8853 -11.8549 0.1 29.3966
14.5963 2633.98 94.7666 -11.8497 0.1 29.404
14.6064 2634.93 94.6477 -11.844 0.1 29.3966
14.6164 2635.88 94.5288 -11.8388 0.1 29.404
14.6265 2636.83 94.4098 -11.8332 0.1 29.3966
14.6366 2637.78 94.2906 -11.828 0.1 29.404
14.6466 2638.73 94.1714 -11.8223 0.1 29.3966
14.6567 2639.68 94.0521 -11.8171 0.1 29.404
14.6668 2640.63 93.9327 -11.8115 0.1 29.3966
14.677 2641.58 93.8132 -11.8063 0.1 29.404
14.6871 2642.53 93.6936 -11.8007 0.1 29.3965
14.6972 2643.48 93.5739 -11.7955 0.1 29.404
14.7074 2644.43 93.4541 -11.7899 0.1 29.3965
14.7176 2645.38 93.3342 -11.7847 0.1 29.404
14.7278 2646.33 93.2142 -11.7791 0.1 29.3965
14.7379 2647.28 93.0941 -11.7739 0.1 29.404
14.7482 2648.23 92.9739 -11.7683 0.1 29.3965
14.7584 2649.18 92.8536 -11.7631 0.1 29.4041
14.7686 2650.13 92.7332 -11.7575 0.1 29.3965
14.7789 2651.08 92.6127 -11.7524 0.1 29.4041
14.7891 2652.03 92.492 -11.7468 0.1 29.3965
14.7994 2652.98 92.3713 -11.7416 0.1 29.4041
14.8097 2653.93 92.2505 -11.7361 0.1 29.3965
14.82 2654.88 92.1296 -11.7309 0.1 29.4041
14.8303 2655.83 92.0086 -11.7254 0.1 29.3965
14.8407 2656.78 91.8875 -11.7202 0.1 29.4041
14.851 2657.73 91.7662 -11.7147 0.1 29.3965
14.8614 2658.68 91.6449 -11.7095 0.1 29.4041
14.8717 2659.63 91.5235 -11.704 0.1 29.3965
14.8821 2660.58 91.4019 -11.6988 0.1 29.4041
14.8925 2661.53 91.2803 -11.6933 0.1 29.3964
14.9029 2662.48 91.1585 -11.6882 0.1 29.4041
14.9134 2663.43 91.0367 -11.6827 0.1 29.3964
14.9238 2664.38 90.9147 -11.6775 0.1 29.4041
14.9343 2665.33 90.7926 -11.672 0.1 29.3964
14.9447 2666.28 90.6704 -11.6669 0.1 29.4041
14.9552 2667.23 90.5481 -11.6614 0.1 29.3964
14.9657 2668.18 90.4257 -11.6563 0.1 29.4042
14.9762 2669.13 90.3032 -11.6508 0.1 29.3964
14.9868 2670.08 90.1806 -11.6457 0.1 29.4042
14.9973 2671.03 90.0578 -11.6402 0.1 29.3964
15.0073 2671.93 89.9415 -11.6352 0.1 29.3964
15.0173 2672.83 89.825 -11.6302 0.1 29.3964
15.0274 2673.73 89.7084 -11.6252 0.1 29.3964
15.0374 2674.63 89.5917 -11.6202 0.1 29.3964
15.0474 2675.53 89.4749 -11.6152 0.1 29.3964
15.0575 2676.43 89.358 -11.6102 0.1 29.3964
15.0676 2677.33 89.2411 -11.6052 0.1 29.3964
15.0777 2678.23 89.124 -11.6002 0.1 29.3964
15.0878 2679.13 89.0068 -11.5952 0.1 29.3963
15.0979 2680.03 88.8895 -11.5903 0.1 29.3963
15.108 2680.93 88.772 -11.5853 0.1 29.3963
15.1182 2681.83 88.6545 -11.5803 0.1 29.3963
15.1283 2682.73 88.5369 -11.5754 0.1 29.3963
15.1385 2683.63 88.4192 -11.5704 0.1 29.3963
15.1487 2684.53 88.3014 -11.5654 0.1 29.3963
15.1589 2685.43 88.1834 -11.5605 0.1 29.3963
15.1691 2686.33 88.0654 -11.5555 0.1 29.3963
15.1793 2687.23 87.9472 -11.5506 0.1 29.3963
15.1896 2688.13 87.829 -11.5456 0.1 29.3963
15.1998 2689.03 87.7106 -11.5407 0.1 29.3963
15.2101 2689.93 87.5921 -11.5357 0.1 29.3963
15.2204 2690.83 87.4735 -11.5308 0.1 29.3963
15.2307 2691.73 87.3548 -11.5258 0.1 29.3963
15.241 2692.63 87.236 -11.5209 0.1 29.3963
15.2513 2693.53 87.1171 -11.516 0.1 29.3963
15.2617 2694.43 86.9981 -11.5111 0.1 29.3963
15.272 2695.33 86.8789 -11.5061 0.1 29.3963
15.2824 2696.23 86.7597 -11.5012 0.1 29.3962
15.2928 2697.13 86.6403 -11.4963 0.1 29.3962
15.3032 2698.03 86.5208 -11.4914 0.1 29.3962
15.3136 2698.93 86.4012 -11.4865 0.1 29.3962
15.324 2699.83 86.2815 -11.4816 0.1 29.3962
15.3344 2700.73 86.1617 -11.4767 0.1 29.3962
15.3449 2701.63 86.0418 -11.4718 0.1 29.3962
15.3553 2702.53 85.9217 -11.4669 0.1 29.3962
15.3658 2703.43 85.8015 -11.462 0.1 29.3962
15.3763 2704.33 85.6812 -11.4571 0.1 29.3962
15.3868 2705.23 85.5608 -11.4522 0.1 29.3962
15.3974 2706.13 85.4403 -11.4474 0.1 29.3962
15.4079 2707.03 85.3197 -11.4425 0.1 29.3962
15.4185 2707.93 85.1989 -11.4376 0.1 29.3962
15.429 2708.83 85.078 -11.4327 0.1 29.3962
15.4396 2709.73 84.957 -11.4279 0.1 29.3962
15.4496 2710.58 84.8426 -11.4235 0.1 29.4044
15.4597 2711.43 84.7281 -11.4187 0.1 29.3962
15.4697 2712.28 84.6135 -11.4143 0.1 29.4044
15.4797 2713.13 84.4988 -11.4095 0.1 29.3961
15.4898 2713.98 84.3839 -11.4051 0.1 29.4044
15.4999 2714.83 84.269 -11.4003 0.1 29.3961
15.51 2715.68 84.1539 -11.396 0.1 29.4044
15.5201 2716.53 84.0388 -11.3912 0.1 29.3961
15.5302 2717.38 83.9235 -11.3868 0.1 29.4045
15.5404 2718.23 83.8081 -11.3821 0.1 29.3961
15.5505 2719.08 83.6926 -11.3777 0.1 29.4045
15.5607 2719.93 83.577 -11.3729 0.1 29.3961
15.5708 2720.78 83.4613 -11.3686 0.1 29.4045
15.581 2721.63 83.3454 -11.3638 0.1 29.3961
15.5912 2722.48 83.2295 -11.3595 0.1 29.4045
15.6015 2723.33 83.1134 -11.3547 0.1 29.3961
15.6117 2724.18 82.9972 -11.3504 0.1 29.4045
15.6219 2725.03 82.8809 -11.3456 0.1 29.3961
15.6322 2725.88 82.7645 -11.3413 0.1 29.4045
15.6425 2726.73 82.648 -11.3366 0.1 29.396
15.6528 2727.58 82.5313 -11.3322 0.1 29.4045
15.6631 2728.43 82.4145 -11.3275 0.1 29.396
15.6734 2729.28 82.2976 -11.3231 0.1 29.4045
15.6837 2730.13 82.1806 -11.3184 0.1 29.396
15.6941 2730.98 82.0635 -11.3141 0.1 29.4045
15.7045 2731.83 81.9462 -11.3094 0.1 29.396
15.7148 2732.68 81.8289 -11.3051 0.1 29.4046
15.7252 2733.53 81.7114 -11.3004 0.1 29.396
15.7356 2734.38 81.5938 -11.296 0.1 29.4046
15.7461 2735.23 81.476 -11.2913 0.1 29.396
15.7565 2736.08 81.3582 -11.287 0.1 29.4046
15.767 2736.93 81.2402 -11.2823 0.1 29.396
15.7774 2737.78 81.1221 -11.278 0.1 29.4046
15.7879 2738.63 81.0038 -11.2733 0.1 29.396
15.7984 2739.48 80.8855 -11.269 0.1 29.4046
15.8089 2740.33 80.767 -11.2644 0.1 29.3959
15.8195 2741.18 80.6484 -11.26 0.1 29.4046
15.83 2742.03 80.5296 -11.2554 0.1 29.3959
15.8406 2742.88 80.4107 -11.2511 0.1 29.4046
15.8512 2743.73 80.2917 -11.2464 0.1 29.3959
15.8618 2744.58 80.1726 -11.2421 0.1 29.4046
15.8724 2745.43 80.0534 -11.2375 0.1 29.3959
15.8824 2746.23 79.941 -11.2333 0.1 29.3959
15.8924 2747.03 79.8285 -11.2291 0.1 29.3959
15.9024 2747.83 79.7159 -11.2249 0.1 29.3959
15.9125 2748.63 79.6032 -11.2207 0.1 29.3959
15.9225 2749.43 79.4904 -11.2165 0.1 29.3959
15.9326 2750.23 79.3774 -11.2123 0.1 29.3959
15.9427 2751.03 79.2644 -11.2081 0.1 29.3959
15.9528 2751.83 79.1512 -11.2039 0.1 29.3959
15.9629 2752.63 79.0379 -11.1997 0.1 29.3959
15.973 2753.43 78.9244 -11.1955 0.1 29.3958
15.9832 2754.23 78.8109 -11.1913 0.1 29.3958
15.9933 2755.03 78.6972 -11.1872 0.1 29.3958
16.0035 2755.83 78.5834 -11.183 0.1 29.3958
16.0137 2756.63 78.4695 -11.1788 0.1 29.3958
16.0239 2757.43 78.3555 -11.1746 0.1 29.3958
16.0341 2758.23 78.2413 -11.1705 0.1 29.3958
16.0443 2759.03 78.1271 -11.1663 0.1 29.3958
16.0546 2759.83 78.0127 -11.1621 0.1 29.3958
16.0648 2760.63 77.8981 -11.158 0.1 29.3958
16.0751 2761.43 77.7835 -11.1538 0.1 29.3958
16.0854 2762.23 77.6687 -11.1497 0.1 29.3958
16.0957 2763.03 77.5538 -11.1455 0.1 29.3958
16.1061 2763.83 77.4387 -11.1414 0.1 29.3958
16.1164 2764.63 77.3236 -11.1372 0.1 29.3958
16.1267 2765.43 77.2083 -11.1331 0.1 29.3957
16.1371 2766.23 77.0928 -11.1289 0.1 29.3957
16.1475 2767.03 76.9773 -11.1248 0.1 29.3957
16.1579 2767.83 76.8616 -11.1206 0.1 29.3957
16.1683 2768.63 76.7458 -11.1165 0.1 29.3957
16.1788 2769.43 76.6298 -11.1124 0.1 29.3957
16.1892 2770.23 76.5137 -11.1082 0.1 29.3957
16.1997 2771.03 76.3975 -11.1041 0.1 29.3957
16.2101 2771.83 76.2812 -11.1 0.1 29.3957
16.2206 2772.63 76.1647 -11.0959 0.1 29.3957
16.2312 2773.43 76.0481 -11.0917 0.1 29.3957
16.2417 2774.23 75.9313 -11.0876 0.1 29.3957
16.2522 2775.03 75.8144 -11.0835 0.1 29.3957
16.2628 2775.83 75.6974 -11.0794 0.1 29.3957
16.2734 2776.63 75.5802 -11.0753 0.1 29.3957
16.284 2777.43 75.4629 -11.0712 0.1 29.3956
16.2946 2778.23 75.3455 -11.0671 0.1 29.3956
16.3052 2779.03 75.2279 -11.063 0.1 29.3956
16.3158 2779.83 75.1102 -11.0589 0.1 29.3956
16.3265 2780.63 74.9923 -11.0548 0.1 29.3956
16.3365 2781.38 74.8817 -11.0511 0.1 29.405
16.3465 2782.13 74.7709 -11.0471 0.1 29.3956
16.3566 2782.88 74.6601 -11.0434 0.1 29.405
16.3666 2783.63 74.5491 -11.0394 0.1 29.3956
16.3767 2784.38 74.4379 -11.0358 0.1 29.405
16.3868 2785.13 74.3267 -11.0318 0.1 29.3956
16.3969 2785.88 74.2153 -11.0281 0.1 29.405
16.407 2786.63 74.1038 -11.0241 0.1 29.3956
16.4171 2787.38 73.9921 -11.0205 0.1 29.405
16.4273 2788.13 73.8804 -11.0165 0.1 29.3955
16.4374 2788.88 73.7684 -11.0128 0.1 29.405
16.4476 2789.63 73.6564 -11.0088 0.1 29.3955
16.4578 2790.38 73.5442 -11.0052 0.1 29.405
16.468 2791.13 73.4319 -11.0012 0.1 29.3955
16.4782 2791.88 73.3195 -10.9976 0.1 29.4051
16.4884 2792.63 73.2069 -10.9936 0.1 29.3955
16.4987 2793.38 73.0942 -10.99 0.1 29.4051
16.509 2794.13 72.9814 -10.986 0.1 29.3955
16.5193 2794.88 72.8684 -10.9824 0.1 29.4051
16.5296 2795.63 72.7553 -10.9784 0.1 29.3955
16.5399 2796.38 72.6421 -10.9748 0.1 29.4051
16.5502 2797.13 72.5287 -10.9708 0.1 29.3955
16.5606 2797.88 72.4152 -10.9672 0.1 29.4051
16.5709 2798.63 72.3015 -10.9632 0.1 29.3954
16.5813 2799.38 72.1877 -10.9596 0.1 29.4051
16.5917 2800.13 72.0738 -10.9557 0.1 29.3954
16.6021 2800.88 71.9597 -10.952 0.1 29.4051
16.6125 2801.63 71.8455 -10.9481 0.1 29.3954
16.623 2802.38 71.7311 -10.9445 0.1 29.4052
16.6335 2803.13 71.6166 -10.9405 0.1 29.3954
16.6439 2803.88 71.5019 -10.9369 0.1 29.4052
16.6544 2804.63 71.3872 -10.933 0.1 29.3954
16.665 2805.38 71.2722 -10.9294 0.1 29.4052
16.6755 2806.13 71.1571 -10.9255 0.1 29.3954
16.686 2806.88 71.0419 -10.9218 0.1 29.4052
16.6966 2807.63 70.9265 -10.9179 0.1 29.3953
16.7072 2808.38 70.811 -10.9143 0.1 29.4052
16.7178 2809.13 70.6953 -10.9104 0.1 29.3953
16.7284 2809.88 70.5795 -10.9068 0.1 29.4052
16.739 2810.63 70.4635 -10.9029 0.1 29.3953
16.7497 2811.38 70.3474 -10.8993 0.1 29.4053
16.7604 2812.13 70.2311 -10.8954 0.1 29.3953
16.7711 2812.88 70.1146 -10.8918 0.1 29.4053
16.7818 2813.63 69.9981 -10.8879 0.1 29.3953
16.7918 2814.33 69.8891 -10.8844 0.1 29.3953
16.8018 2815.03 69.78 -10.8809 0.1 29.3953
16.8118 2815.73 69.6708 -10.8774 0.1 29.3953
16.8219 2816.43 69.5614 -10.8739 0.1 29.3953
16.832 2817.13 69.4519 -10.8704 0.1 29.3952
16.842 2817.83 69.3423 -10.867 0.1 29.3952
16.8522 2818.53 69.2325 -10.8635 0.1 29.3952
16.8623 2819.23 69.1226 -10.86 0.1 29.3952
16.8724 2819.93 69.0125 -10.8565 0.1 29.3952
16.8826 2820.63 68.9024 -10.853 0.1 29.3952
16.8927 2821.33 68.792 -10.8496 0.1 29.3952
16.9029 2822.03 68.6815 -10.8461 0.1 29.3952
16.9131 2822.73 68.5709 -10.8426 0.1 29.3952
16.9233 2823.43 68.4602 -10.8391 0.1 29.3952
16.9336 2824.13 68.3492 -10.8357 0.1 29.3952
16.9438 2824.83 68.2382 -10.8322 0.1 29.3952
16.9541 2825.53 68.127 -10.8287 0.1 29.3951
16.9644 2826.23 68.0157 -10.8253 0.1 29.3951
16.9747 2826.93 67.9042 -10.8218 0.1 29.3951
16.985 2827.63 67.7925 -10.8184 0.1 29.3951
16.9953 2828.33 67.6807 -10.8149 0.1 29.3951
17.0057 2829.03 67.5688 -10.8115 0.1 29.3951
17.016 2829.73 67.4567 -10.808 0.1 29.3951
17.0264 2830.43 67.3445 -10.8045 0.1 29.3951
17.0368 2831.13 67.2321 -10.8011 0.1 29.3951
17.0472 2831.83 67.1196 -10.7976 0.1 29.3951
17.0577 2832.53 67.0069 -10.7942 0.1 29.3951
17.0681 2833.23 66.894 -10.7908 0.1 29.395
17.0786 2833.93 66.781 -10.7873 0.1 29.395
17.0891 2834.63 66.6679 -10.7839 0.1 29.395
17.0996 2835.33 66.5545 -10.7804 0.1 29.395
17.1101 2836.03 66.4411 -10.777 0.1 29.395
17.1207 2836.73 66.3274 -10.7736 0.1 29.395
17.1313 2837.43 66.2137 -10.7701 0.1 29.395
17.1418 2838.13 66.0997 -10.7667 0.1 29.395
17.1524 2838.83 65.9856 -10.7633 0.1 29.395
17.1631 2839.53 65.8713 -10.7598 0.1 29.395
17.1737 2840.23 65.7569 -10.7564 0.1 29.395
17.1843 2840.93 65.6423 -10.753 0.1 29.3949
17.195 2841.63 65.5276 -10.7496 0.1 29.3949
17.2057 2842.33 65.4126 -10.7462 0.1 29.3949
17.2164 2843.03 65.2975 -10.7427 0.1 29.3949
17.2272 2843.73 65.1823 -10.7393 0.1 29.3949
17.2379 2844.43 65.0669 -10.7359 0.1 29.3949
17.2487 2845.13 64.9513 -10.7325 0.1 29.3949
17.2587 2845.78 64.8438 -10.7295 0.1 29.4057
17.2687 2846.43 64.7362 -10.7262 0.1 29.3949
17.2788 2847.08 64.6284 -10.7231 0.1 29.4057
17.2888 2847.73 64.5205 -10.7198 0.1 29.3949
17.2989 2848.38 64.4124 -10.7168 0.1 29.4057
17.309 2849.03 64.3042 -10.7135 0.1 29.3948
17.3191 2849.68 64.1958 -10.7105 0.1 29.4057
17.3293 2850.33 64.0872 -10.7072 0.1 29.3948
17.3394 2850.98 63.9786 -10.7042 0.1 29.4058
17.3496 2851.63 63.8697 -10.7009 0.1 29.3948
17.3598 2852.28 63.7608 -10.6979 0.1 29.4058
17.37 2852.93 63.6516 -10.6946 0.1 29.3948
17.3802 2853.58 63.5423 -10.6916 0.1 29.4058
17.3904 2854.23 63.4329 -10.6883 0.1 29.3948
17.4007 2854.88 63.3233 -10.6853 0.1 29.4058
17.411 2855.53 63.2135 -10.682 0.1 29.3947
17.4213 2856.18 63.1036 -10.679 0.1 29.4058
17.4316 2856.83 62.9935 -10.6757 0.1 29.3947
17.4419 2857.48 62.8832 -10.6727 0.1 29.4058
17.4523 2858.13 62.7728 -10.6694 0.1 29.3947
17.4626 2858.78 62.6623 -10.6664 0.1 29.4059
17.473 2859.43 62.5515 -10.6632 0.1 29.3947
17.4834 2860.08 62.4406 -10.6602 0.1 29.4059
17.4938 2860.73 62.3296 -10.6569 0.1 29.3947
17.5043 2861.38 62.2184 -10.6539 0.1 29.4059
17.5147 2862.03 62.107 -10.6506 0.1 29.3946
17.5252 2862.68 61.9954 -10.6476 0.1 29.4059
17.5357 2863.33 61.8837 -10.6444 0.1 29.3946
17.5462 2863.98 61.7718 -10.6414 0.1 29.4059
17.5567 2864.63 61.6597 -10.6381 0.1 29.3946
17.5673 2865.28 61.5475 -10.6352 0.1 29.406
17.5779 2865.93 61.4351 -10.6319 0.1 29.3946
17.5884 2866.58 61.3225 -10.6289 0.1 29.406
17.5991 2867.23 61.2097 -10.6257 0.1 29.3946
17.6097 2867.88 61.0968 -10.6227 0.1 29.406
17.6203 2868.53 60.9837 -10.6194 0.1 29.3945
17.631 2869.18 60.8704 -10.6165 0.1 29.406
17.6417 2869.83 60.7569 -10.6132 0.1 29.3945
17.6524 2870.48 60.6433 -10.6102 0.1 29.4061
17.6631 2871.13 60.5295 -10.607 0.1 29.3945
17.6739 2871.78 60.4155 -10.604 0.1 29.4061
17.6847 2872.43 60.3013 -10.6008 0.1 29.3945
17.6954 2873.08 60.1869 -10.5978 0.1 29.4061
17.7063 2873.73 60.0724 -10.5946 0.1 29.3945
17.7171 2874.38 59.9576 -10.5916 0.1 29.4061
17.7271 2874.98 59.8516 -10.5888 0.1 29.4061
17.7371 2875.58 59.7453 -10.5859 0.1 29.4061
17.7472 2876.18 59.6389 -10.583 0.1 29.4061
17.7573 2876.78 59.5324 -10.5802 0.1 29.4062
17.7673 2877.38 59.4256 -10.5773 0.1 29.4062
17.7775 2877.98 59.3188 -10.5745 0.1 29.4062
17.7876 2878.58 59.2117 -10.5716 0.1 29.4062
17.7977 2879.18 59.1045 -10.5688 0.1 29.4062
17.8079 2879.78 58.9971 -10.5659 0.1 29.4062
17.8181 2880.38 58.8896 -10.5631 0.1 29.4062
17.8283 2880.98 58.7819 -10.5602 0.1 29.4062
17.8385 2881.58 58.674 -10.5574 0.1 29.4062
17.8487 2882.18 58.5659 -10.5545 0.1 29.4063
17.859 2882.78 58.4577 -10.5517 0.1 29.4063
17.8692 2883.38 58.3493 -10.5489 0.1 29.4063
17.8795 2883.98 58.2408 -10.546 0.1 29.4063
17.8899 2884.58 58.132 -10.5432 0.1 29.4063
17.9002 2885.18 58.0231 -10.5403 0.1 29.4063
17.9105 2885.78 57.914 -10.5375 0.1 29.4063
17.9209 2886.38 57.8047 -10.5347 0.1 29.4063
17.9313 2886.98 57.6953 -10.5318 0.1 29.4063
17.9417 2887.58 57.5857 -10.529 0.1 29.4064
17.9521 2888.18 57.4759 -10.5262 0.1 29.4064
17.9626 2888.78 57.3659 -10.5233 0.1 29.4064
17.9731 2889.38 57.2557 -10.5205 0.1 29.4064
17.9835 2889.98 57.1454 -10.5177 0.1 29.4064
17.9941 2890.58 57.0349 -10.5149 0.1 29.4064
18.0046 2891.18 56.9241 -10.512 0.1 29.4064
18.0151 2891.78 56.8132 -10.5092 0.1 29.4064
18.0257 2892.38 56.7022 -10.5064 0.1 29.4065
18.0363 2892.98 56.5909 -10.5036 0.1 29.4065
18.0469 2893.58 56.4794 -10.5007 0.1 29.4065
18.0576 2894.18 56.3678 -10.4979 0.1 29.4065
18.0682 2894.78 56.2559 -10.4951 0.1 29.4065
18.0789 2895.38 56.1439 -10.4923 0.1 29.4065
18.0896 2895.98 56.0316 -10.4895 0.1 29.4065
18.1003 2896.58 55.9192 -10.4867 0.1 29.4065
18.111 2897.18 55.8066 -10.4839 0.1 29.4066
18.1218 2897.78 55.6938 -10.481 0.1 29.4066
18.1326 2898.38 55.5807 -10.4782 0.1 29.4066
18.1434 2898.98 55.4675 -10.4754 0.1 29.4066
18.1542 2899.58 55.3541 -10.4726 0.1 29.4066
18.1651 2900.18 55.2405 -10.4698 0.1 29.4066
18.176 2900.78 55.1266 -10.467 0.1 29.4066
18.1869 2901.38 55.0126 -10.4642 0.1 29.4066
18.1969 2901.93 54.9079 -10.4615 0.1 29.3939
18.2069 2902.48 54.803 -10.4591 0.1 29.4067
18.2169 2903.03 54.6979 -10.4564 0.1 29.3939
18.227 2903.58 54.5927 -10.4539 0.1 29.4067
18.2371 2904.13 54.4873 -10.4513 0.1 29.3939
18.2472 2904.68 54.3817 -10.4488 0.1 29.4067
18.2573 2905.23 54.2759 -10.4461 0.1 29.3938
18.2675 2905.78 54.17 -10.4437 0.1 29.4067
18.2776 2906.33 54.0638 -10.441 0.1 29.3938
18.2878 2906.88 53.9575 -10.4386 0.1 29.4068
18.298 2907.43 53.851 -10.4359 0.1 29.3938
18.3082 2907.98 53.7443 -10.4335 0.1 29.4068
18.3185 2908.53 53.6375 -10.4308 0.1 29.3938
18.3287 2909.08 53.5304 -10.4283 0.1 29.4068
18.339 2909.63 53.4231 -10.4257 0.1 29.3937
18.3493 2910.18 53.3157 -10.4232 0.1 29.4068
18.3597 2910.73 53.2081 -10.4206 0.1 29.3937
18.37 2911.28 53.1003 -10.4181 0.1 29.4069
18.3804 2911.83 52.9922 -10.4155 0.1 29.3937
18.3908 2912.38 52.884 -10.413 0.1 29.4069
18.4012 2912.93 52.7756 -10.4104 0.1 29.3937
18.4116 2913.48 52.667 -10.4079 0.1 29.4069
18.4221 2914.03 52.5582 -10.4053 0.1 29.3936
18.4325 2914.58 52.4492 -10.4029 0.1 29.407
18.443 2915.13 52.34 -10.4002 0.1 29.3936
18.4536 2915.68 52.2306 -10.3978 0.1 29.407
18.4641 2916.23 52.121 -10.3951 0.1 29.3936
18.4747 2916.78 52.0112 -10.3927 0.1 29.407
18.4853 2917.33 51.9012 -10.39 0.1 29.3935
18.4959 2917.88 51.791 -10.3876 0.1 29.407
18.5065 2918.43 51.6806 -10.385 0.1 29.3935
18.5172 2918.98 51.57 -10.3825 0.1 29.4071
18.5278 2919.53 51.4591 -10.3799 0.1 29.3935
18.5385 2920.08 51.348 -10.3775 0.1 29.4071
18.5493 2920.63 51.2368 -10.3748 0.1 29.3935
18.56 2921.18 51.1253 -10.3724 0.1 29.4071
18.5708 2921.73 51.0136 -10.3698 0.1 29.3934
18.5816 2922.28 50.9017 -10.3673 0.1 29.4072
18.5924 2922.83 50.7895 -10.3647 0.1 29.3934
18.6032 2923.38 50.6772 -10.3623 0.1 29.4072
18.6141 2923.93 50.5646 -10.3597 0.1 29.3934
18.625 2924.48 50.4518 -10.3572 0.1 29.4072
18.6359 2925.03 50.3387 -10.3546 0.1 29.3933
18.6468 2925.58 50.2255 -10.3522 0.1 29.4072
18.6578 2926.13 50.112 -10.3496 0.1 29.3933
18.6688 2926.68 49.9983 -10.3471 0.1 29.4073
18.6788 2927.18 49.8947 -10.3449 0.1 29.4073
18.6888 2927.68 49.7909 -10.3426 0.1 29.4073
18.6989 2928.18 49.687 -10.3403 0.1 29.4073
18.709 2928.68 49.5828 -10.338 0.1 29.4073
18.7191 2929.18 49.4784 -10.3357 0.1 29.4074
18.7292 2929.68 49.3739 -10.3334 0.1 29.4074
18.7393 2930.18 49.2691 -10.3311 0.1 29.4074
18.7495 2930.68 49.1642 -10.3288 0.1 29.4074
18.7597 2931.18 49.059 -10.3266 0.1 29.4074
18.7699 2931.68 48.9537 -10.3243 0.1 29.4074
18.7801 2932.18 48.8481 -10.322 0.1 29.4074
18.7903 2932.68 48.7423 -10.3197 0.1 29.4075
18.8006 2933.18 48.6364 -10.3174 0.1 29.4075
18.8109 2933.68 48.5302 -10.3151 0.1 29.4075
18.8212 2934.18 48.4238 -10.3129 0.1 29.4075
18.8316 2934.68 48.3172 -10.3106 0.1 29.4075
18.8419 2935.18 48.2104 -10.3083 0.1 29.4075
18.8523 2935.68 48.1034 -10.306 0.1 29.4076
18.8627 2936.18 47.9961 -10.3038 0.1 29.4076
18.8731 2936.68 47.8887 -10.3015 0.1 29.4076
18.8836 2937.18 47.781 -10.2992 0.1 29.4076
18.8941 2937.68 47.6731 -10.2969 0.1 29.4076
18.9046 2938.18 47.565 -10.2947 0.1 29.4076
18.9151 2938.68 47.4566 -10.2924 0.1 29.4077
18.9256 2939.18 47.3481 -10.2901 0.1 29.4077
18.9362 2939.68 47.2393 -10.2878 0.1 29.4077
18.9468 2940.18 47.1303 -10.2856 0.1 29.4077
18.9574 2940.68 47.021 -10.2833 0.1 29.4077
18.9681 2941.18 46.9115 -10.281 0.1 29.4077
18.9788 2941.68 46.8018 -10.2788 0.1 29.4078
18.9895 2942.18 46.6919 -10.2765 0.1 29.4078
19.0002 2942.68 46.5817 -10.2742 0.1 29.4078
19.0109 2943.18 46.4713 -10.272 0.1 29.4078
19.0217 2943.68 46.3607 -10.2697 0.1 29.4078
19.0325 2944.18 46.2498 -10.2675 0.1 29.4078
19.0433 2944.68 46.1386 -10.2652 0.1 29.4079
19.0542 2945.18 46.0273 -10.2629 0.1 29.4079
19.0651 2945.68 45.9156 -10.2607 0.1 29.4079
19.076 2946.18 45.8038 -10.2584 0.1 29.4079
19.0869 2946.68 45.6916 -10.2562 0.1 29.4079
19.0978 2947.18 45.5793 -10.2539 0.1 29.408
19.1088 2947.68 45.4667 -10.2516 0.1 29.408
19.1198 2948.18 45.3538 -10.2494 0.1 29.408
19.1309 2948.68 45.2406 -10.2471 0.1 29.408
19.1419 2949.18 45.1272 -10.2449 0.1 29.408
19.153 2949.68 45.0136 -10.2426 0.1 29.4081
19.1631 2950.13 44.9111 -10.2405 0.1 29.3925
19.1731 2950.58 44.8084 -10.2386 0.1 29.4081
19.1831 2951.03 44.7054 -10.2364 0.1 29.3925
19.1932 2951.48 44.6023 -10.2345 0.1 29.4081
19.2033 2951.93 44.4989 -10.2324 0.1 29.3924
19.2134 2952.38 44.3953 -10.2305 0.1 29.4082
19.2236 2952.83 44.2915 -10.2283 0.1 29.3924
19.2338 2953.28 44.1874 -10.2264 0.1 29.4082
19.244 2953.73 44.0831 -10.2243 0.1 29.3923
19.2542 2954.18 43.9786 -10.2224 0.1 29.4082
19.2644 2954.63 43.8739 -10.2203 0.1 29.3923
19.2747 2955.08 43.769 -10.2183 0.1 29.4083
19.285 2955.53 43.6638 -10.2162 0.1 29.3923
19.2953 2955.98 43.5584 -10.2143 0.1 29.4083
19.3057 2956.43 43.4527 -10.2122 0.1 29.3922
19.316 2956.88 43.3468 -10.2103 0.1 29.4084
19.3264 2957.33 43.2407 -10.2081 0.1 29.3922
19.3369 2957.78 43.1343 -10.2062 0.1 29.4084
19.3473 2958.23 43.0277 -10.2041 0.1 29.3921
19.3578 2958.68 42.9209 -10.2022 0.1 29.4084
19.3683 2959.13 42.8138 -10.2001 0.1 29.3921
19.3788 2959.58 42.7064 -10.1982 0.1 29.4085
19.3893 2960.03 42.5988 -10.1961 0.1 29.3921
19.3999 2960.48 42.491 -10.1941 0.1 29.4085
19.4105 2960.93 42.3829 -10.192 0.1 29.392
19.4212 2961.38 42.2745 -10.1901 0.1 29.4086
19.4318 2961.83 42.1659 -10.188 0.1 29.392
19.4425 2962.28 42.057 -10.1861 0.1 29.4086
19.4532 2962.73 41.9479 -10.184 0.1 29.3919
19.464 2963.18 41.8385 -10.1821 0.1 29.4086
19.4747 2963.63 41.7288 -10.18 0.1 29.3919
19.4855 2964.08 41.6189 -10.1781 0.1 29.4087
19.4964 2964.53 41.5087 -10.176 0.1 29.3919
19.5072 2964.98 41.3982 -10.174 0.1 29.4087
19.5181 2965.43 41.2875 -10.1719 0.1 29.3918
19.529 2965.88 41.1765 -10.17 0.1 29.4088
19.54 2966.33 41.0652 -10.1679 0.1 29.3918
19.5509 2966.78 40.9536 -10.166 0.1 29.4088
19.562 2967.23 40.8417 -10.1639 0.1 29.3917
19.573 2967.68 40.7296 -10.162 0.1 29.4089
19.5841 2968.13 40.6171 -10.1599 0.1 29.3917
19.5951 2968.58 40.5044 -10.158 0.1 29.4089
19.6063 2969.03 40.3914 -10.1559 0.1 29.3916
19.6174 2969.48 40.2781 -10.154 0.1 29.409
19.6286 2969.93 40.1645 -10.1519 0.1 29.3916
19.6398 2970.38 40.0506 -10.15 0.1 29.409
19.6498 2970.78 39.9491 -10.1482 0.1 29.409
19.6599 2971.18 39.8473 -10.1465 0.1 29.4091
19.6699 2971.58 39.7453 -10.1447 0.1 29.4091
19.68 2971.98 39.6431 -10.1429 0.1 29.4091
19.6901 2972.38 39.5406 -10.1411 0.1 29.4091
19.7002 2972.78 39.4379 -10.1394 0.1 29.4092
19.7104 2973.18 39.3349 -10.1376 0.1 29.4092
19.7206 2973.58 39.2317 -10.1358 0.1 29.4092
19.7308 2973.98 39.1282 -10.134 0.1 29.4092
19.741 2974.38 39.0244 -10.1323 0.1 29.4092
19.7513 2974.78 38.9204 -10.1305 0.1 29.4093
19.7616 2975.18 38.8162 -10.1287 0.1 29.4093
19.7719 2975.58 38.7117 -10.1269 0.1 29.4093
19.7823 2975.98 38.6069 -10.1252 0.1 29.4093
19.7926 2976.38 38.5018 -10.1234 0.1 29.4094
19.803 2976.78 38.3965 -10.1216 0.1 29.4094
19.8135 2977.18 38.2909 -10.1199 0.1 29.4094
19.8239 2977.58 38.185 -10.1181 0.1 29.4094
19.8344 2977.98 38.0789 -10.1163 0.1 29.4095
19.845 2978.38 37.9725 -10.1146 0.1 29.4095
19.8555 2978.78 37.8658 -10.1128 0.1 29.4095
19.8661 2979.18 37.7588 -10.111 0.1 29.4095
19.8767 2979.58 37.6515 -10.1093 0.1 29.4096
19.8873 2979.98 37.5439 -10.1075 0.1 29.4096
19.898 2980.38 37.4361 -10.1057 0.1 29.4096
19.9087 2980.78 37.3279 -10.104 0.1 29.4097
19.9194 2981.18 37.2195 -10.1022 0.1 29.4097
19.9302 2981.58 37.1108 -10.1004 0.1 29.4097
19.941 2981.98 37.0017 -10.0987 0.1 29.4097
19.9518 2982.38 36.8924 -10.0969 0.1 29.4098
19.9627 2982.78 36.7827 -10.0951 0.1 29.4098
19.9736 2983.18 36.6728 -10.0934 0.1 29.4098
19.9845 2983.58 36.5625 -10.0916 0.1 29.4099
19.9955 2983.98 36.4519 -10.0899 0.1 29.4099
20.0065 2984.38 36.341 -10.0881 0.1 29.4099
20.0175 2984.78 36.2298 -10.0863 0.1 29.4099
20.0285 2985.18 36.1183 -10.0846 0.1 29.41
20.0396 2985.58 36.0064 -10.0828 0.1 29.41
20.0508 2985.98 35.8942 -10.081 0.1 29.41
20.0619 2986.38 35.7817 -10.0793 0.1 29.4101
20.0731 2986.78 35.6688 -10.0775 0.1 29.4101
20.0844 2987.18 35.5556 -10.0758 0.1 29.4101
20.0956 2987.58 35.4421 -10.074 0.1 29.4102
20.1069 2987.98 35.3282 -10.0723 0.1 29.4102
20.1183 2988.38 35.2139 -10.0705 0.1 29.4102
20.1297 2988.78 35.0994 -10.0687 0.1 29.4103
20.1411 2989.18 34.9844 -10.067 0.1 29.4103
20.1511 2989.53 34.8835 -10.0654 0.1 29.3903
20.1612 2989.88 34.7824 -10.0639 0.1 29.4103
20.1712 2990.23 34.681 -10.0623 0.1 29.3902
20.1813 2990.58 34.5793 -10.0608 0.1 29.4104
20.1915 2990.93 34.4773 -10.0592 0.1 29.3901
20.2016 2991.28 34.375 -10.0578 0.1 29.4105
20.2118 2991.63 34.2724 -10.0562 0.1 29.3901
20.2221 2991.98 34.1695 -10.0547 0.1 29.4105
20.2323 2992.33 34.0664 -10.0531 0.1 29.39
20.2426 2992.68 33.9629 -10.0516 0.1 29.4106
20.253 2993.03 33.8592 -10.05 0.1 29.3899
20.2633 2993.38 33.7551 -10.0486 0.1 29.4106
20.2737 2993.73 33.6507 -10.0469 0.1 29.3899
20.2841 2994.08 33.5461 -10.0455 0.1 29.4107
20.2946 2994.43 33.4411 -10.0439 0.1 29.3898
20.3051 2994.78 33.3358 -10.0424 0.1 29.4108
20.3156 2995.13 33.2302 -10.0408 0.1 29.3898
20.3261 2995.48 33.1242 -10.0394 0.1 29.4108
20.3367 2995.83 33.018 -10.0378 0.1 29.3897
20.3473 2996.18 32.9114 -10.0363 0.1 29.4109
20.358 2996.53 32.8044 -10.0347 0.1 29.3896
20.3687 2996.88 32.6972 -10.0332 0.1 29.411
20.3794 2997.23 32.5896 -10.0316 0.1 29.3895
20.3902 2997.58 32.4817 -10.0302 0.1 29.4111
20.401 2997.93 32.3734 -10.0286 0.1 29.3895
20.4118 2998.28 32.2648 -10.0271 0.1 29.4111
20.4227 2998.63 32.1558 -10.0255 0.1 29.3894
20.4336 2998.98 32.0465 -10.024 0.1 29.4112
20.4445 2999.33 31.9368 -10.0224 0.1 29.3893
20.4555 2999.68 31.8267 -10.021 0.1 29.4113
20.4665 3000.03 31.7163 -10.0194 0.1 29.3892
20.4776 3000.38 31.6056 -10.0179 0.1 29.4114
20.4887 3000.73 31.4944 -10.0163 0.1 29.3892
20.4998 3001.08 31.3829 -10.0149 0.1 29.4114
20.511 3001.43 31.271 -10.0133 0.1 29.3891
20.5222 3001.78 31.1587 -10.0118 0.1 29.4115
20.5334 3002.13 31.046 -10.0102 0.1 29.389
20.5447 3002.48 30.9329 -10.0087 0.1 29.4116
20.5561 3002.83 30.8194 -10.0072 0.1 29.3889
20.5675 3003.18 30.7056 -10.0057 0.1 29.4117
20.5789 3003.53 30.5913 -10.0041 0.1 29.3888
20.5903 3003.88 30.4766 -10.0026 0.1 29.4118
20.6019 3004.23 30.3615 -10.001 0.1 29.3888
20.6134 3004.58 30.2459 -9.99958 0.1 29.4119
20.625 3004.93 30.13 -9.99799 0.1 29.3887
20.6366 3005.28 30.0136 -9.99652 0.1 29.4119
20.6467 3005.58 29.9135 -9.99521 0.1 29.412
20.6567 3005.88 29.8131 -9.9939 0.1 29.412
20.6668 3006.18 29.7123 -9.9926 0.1 29.4121
20.6769 3006.48 29.6112 -9.99129 0.1 29.4121
20.6871 3006.78 29.5098 -9.98998 0.1 29.4121
20.6972 3007.08 29.408 -9.98867 0.1 29.4122
20.7075 3007.38 29.3059 -9.98736 0.1 29.4122
20.7177 3007.68 29.2035 -9.98605 0.1 29.4123
20.728 3007.98 29.1007 -9.98474 0.1 29.4123
20.7383 3008.28 28.9976 -9.98343 0.1 29.4123
20.7487 3008.58 28.8941 -9.98212 0.1 29.4124
20.7591 3008.88 28.7902 -9.98081 0.1 29.4124
20.7696 3009.18 28.686 -9.9795 0.1 29.4125
20.78 3009.48 28.5814 -9.9782 0.1 29.4125
20.7906 3009.78 28.4765 -9.97689 0.1 29.4126
20.8011 3010.08 28.3712 -9.97558 0.1 29.4126
20.8117 3010.38 28.2655 -9.97427 0.1 29.4127
20.8224 3010.68 28.1594 -9.97296 0.1 29.4127
20.833 3010.98 28.0529 -9.97165 0.1 29.4128
20.8438 3011.28 27.946 -9.97034 0.1 29.4128
20.8545 3011.58 27.8388 -9.96903 0.1 29.4128
20.8653 3011.88 27.7311 -9.96772 0.1 29.4129
20.8762 3012.18 27.623 -9.96641 0.1 29.4129
20.887 3012.48 27.5146 -9.9651 0.1 29.413
20.898 3012.78 27.4057 -9.96379 0.1 29.413
20.9089 3013.08 27.2963 -9.96248 0.1 29.4131
20.92 3013.38 27.1866 -9.96117 0.1 29.4132
20.931 3013.68 27.0764 -9.95986 0.1 29.4132
20.9421 3013.98 26.9658 -9.95855 0.1 29.4133
20.9533 3014.28 26.8548 -9.95724 0.1 29.4133
20.9645 3014.58 26.7433 -9.95593 0.1 29.4134
20.9757 3014.88 26.6313 -9.95462 0.1 29.4134
20.987 3015.18 26.5189 -9.95331 0.1 29.4135
20.9984 3015.48 26.4061 -9.952 0.1 29.4135
21.0097 3015.78 26.2927 -9.95069 0.1 29.4136
21.0212 3016.08 26.1789 -9.94938 0.1 29.4136
21.0327 3016.38 26.0646 -9.94807 0.1 29.4137
21.0442 3016.68 25.9498 -9.94676 0.1 29.4138
21.0558 3016.98 25.8345 -9.94544 0.1 29.4138
21.0674 3017.28 25.7187 -9.94413 0.1 29.4139
21.0791 3017.58 25.6025 -9.94282 0.1 29.4139
21.0909 3017.88 25.4856 -9.94151 0.1 29.414
21.1027 3018.18 25.3683 -9.94019 0.1 29.4141
21.1145 3018.48 25.2505 -9.93888 0.1 29.4141
21.1265 3018.78 25.1321 -9.93757 0.1 29.4142
21.1384 3019.08 25.0131 -9.93625 0.1 29.4143
21.1484 3019.33 24.9136 -9.9351 0.1 29.3862
21.1585 3019.58 24.8136 -9.93406 0.1 29.4144
21.1686 3019.83 24.7133 -9.93291 0.1 29.3861
21.1787 3020.08 24.6126 -9.93187 0.1 29.4145
21.1889 3020.33 24.5115 -9.93072 0.1 29.386
21.1992 3020.58 24.4099 -9.92967 0.1 29.4146
21.2094 3020.83 24.308 -9.92852 0.1 29.3859
21.2197 3021.08 24.2056 -9.92748 0.1 29.4147
21.2301 3021.33 24.1028 -9.92633 0.1 29.3858
21.2405 3021.58 23.9996 -9.92528 0.1 29.4149
21.2509 3021.83 23.896 -9.92413 0.1 29.3856
21.2614 3022.08 23.7919 -9.92308 0.1 29.415
21.272 3022.33 23.6873 -9.92193 0.1 29.3855
21.2825 3022.58 23.5824 -9.92088 0.1 29.4151
21.2932 3022.83 23.4769 -9.91973 0.1 29.3854
21.3038 3023.08 23.371 -9.91868 0.1 29.4153
21.3146 3023.33 23.2646 -9.91753 0.1 29.3852
21.3253 3023.58 23.1578 -9.91648 0.1 29.4154
21.3362 3023.83 23.0504 -9.91532 0.1 29.3851
21.3471 3024.08 22.9426 -9.91427 0.1 29.4155
21.358 3024.33 22.8342 -9.91312 0.1 29.385
21.369 3024.58 22.7254 -9.91206 0.1 29.4157
21.38 3024.83 22.616 -9.91091 0.1 29.3848
21.3911 3025.08 22.5062 -9.90985 0.1 29.4158
21.4022 3025.33 22.3958 -9.9087 0.1 29.3847
21.4134 3025.58 22.2849 -9.90764 0.1 29.416
21.4247 3025.83 22.1734 -9.90648 0.1 29.3845
21.436 3026.08 22.0614 -9.90542 0.1 29.4161
21.4473 3026.33 21.9488 -9.90426 0.1 29.3843
21.4588 3026.58 21.8356 -9.9032 0.1 29.4163
21.4703 3026.83 21.7219 -9.90204 0.1 29.3842
21.4818 3027.08 21.6076 -9.90097 0.1 29.4165
21.4934 3027.33 21.4927 -9.89981 0.1 29.384
21.5051 3027.58 21.3771 -9.89875 0.1 29.4166
21.5168 3027.83 21.261 -9.89759 0.1 29.3838
21.5286 3028.08 21.1442 -9.89651 0.1 29.4168
21.5405 3028.33 21.0268 -9.89535 0.1 29.3836
21.5524 3028.58 20.9088 -9.89428 0.1 29.417
21.5644 3028.83 20.7901 -9.89311 0.1 29.3835
21.5765 3029.08 20.6707 -9.89204 0.1 29.4172
21.5886 3029.33 20.5507 -9.89087 0.1 29.3833
21.6008 3029.58 20.4299 -9.88979 0.1 29.4174
21.6131 3029.83 20.3085 -9.88862 0.1 29.3831
21.6254 3030.08 20.1863 -9.88754 0.1 29.4176
21.6379 3030.33 20.0634 -9.88637 0.1 29.3828
21.6504 3030.58 19.9398 -9.88528 0.1 29.4178
21.6604 3030.78 19.8404 -9.88438 0.1 29.4179
21.6706 3030.98 19.7404 -9.88347 0.1 29.418
21.6807 3031.18 19.64 -9.88256 0.1 29.4181
21.6909 3031.38 19.539 -9.88165 0.1 29.4182
21.7012 3031.58 19.4375 -9.88075 0.1 29.4183
21.7115 3031.78 19.3355 -9.87983 0.1 29.4184
21.7219 3031.98 19.233 -9.87892 0.1 29.4185
21.7323 3032.18 19.1299 -9.87801 0.1 29.4186
21.7428 3032.38 19.0263 -9.87709 0.1 29.4187
21.7534 3032.58 18.9221 -9.87618 0.1 29.4188
21.764 3032.78 18.8174 -9.87526 0.1 29.4189
21.7746 3032.98 18.7121 -9.87434 0.1 29.419
21.7854 3033.18 18.6062 -9.87342 0.1 29.4191
21.7962 3033.38 18.4997 -9.8725 0.1 29.4192
21.807 3033.58 18.3926 -9.87157 0.1 29.4193
21.8179 3033.78 18.2848 -9.87065 0.1 29.4194
21.8289 3033.98 18.1765 -9.86972 0.1 29.4195
21.8399 3034.18 18.0675 -9.86879 0.1 29.4196
21.8511 3034.38 17.9578 -9.86786 0.1 29.4198
21.8622 3034.58 17.8475 -9.86692 0.1 29.4199
21.8735 3034.78 17.7365 -9.86599 0.1 29.42
21.8848 3034.98 17.6248 -9.86505 0.1 29.4201
21.8962 3035.18 17.5124 -9.86411 0.1 29.4203
21.9077 3035.38 17.3993 -9.86316 0.1 29.4204
21.9192 3035.58 17.2855 -9.86222 0.1 29.4205
21.9308 3035.78 17.1709 -9.86127 0.1 29.4206
21.9425 3035.98 17.0556 -9.86032 0.1 29.4208
21.9543 3036.18 16.9395 -9.85936 0.1 29.4209
21.9662 3036.38 16.8226 -9.85841 0.1 29.4211
21.9781 3036.58 16.7049 -9.85745 0.1 29.4212
21.9901 3036.78 16.5863 -9.85648 0.1 29.4214
22.0022 3036.98 16.4669 -9.85552 0.1 29.4215
22.0144 3037.18 16.3467 -9.85455 0.1 29.4217
22.0267 3037.38 16.2256 -9.85357 0.1 29.4218
22.0391 3037.58 16.1035 -9.85259 0.1 29.422
22.0516 3037.78 15.9806 -9.85161 0.1 29.4222
22.0642 3037.98 15.8567 -9.85062 0.1 29.4223
22.0769 3038.18 15.7319 -9.84963 0.1 29.4225
22.0896 3038.38 15.606 -9.84864 0.1 29.4227
22.1025 3038.58 15.4792 -9.84763 0.1 29.4229
22.1155 3038.78 15.3513 -9.84663 0.1 29.4231
22.1286 3038.98 15.2223 -9.84562 0.1 29.4232
22.1418 3039.18 15.0923 -9.8446 0.1 29.4234
22.1551 3039.38 14.9611 -9.84357 0.1 29.4236
22.1652 3039.53 14.862 -9.84277 0.1 29.3768
22.1753 3039.68 14.7622 -9.84203 0.1 29.424
22.1855 3039.83 14.6618 -9.84122 0.1 29.3764
22.1958 3039.98 14.5606 -9.84046 0.1 29.4243
22.2062 3040.13 14.4588 -9.83964 0.1 29.3761
22.2166 3040.28 14.3562 -9.83888 0.1 29.4246
22.2271 3040.43 14.2529 -9.83805 0.1 29.3758
22.2377 3040.58 14.1489 -9.83728 0.1 29.425
22.2483 3040.73 14.0441 -9.83645 0.1 29.3754
22.2591 3040.88 13.9385 -9.83566 0.1 29.4254
22.2699 3041.03 13.8321 -9.83481 0.1 29.375
22.2808 3041.18 13.7249 -9.83402 0.1 29.4257
22.2918 3041.33 13.6169 -9.83316 0.1 29.3746
22.3028 3041.48 13.508 -9.83235 0.1 29.4262
22.314 3041.63 13.3982 -9.83148 0.1 29.3742
22.3253 3041.78 13.2875 -9.83066 0.1 29.4266
22.3366 3041.93 13.176 -9.82977 0.1 29.3738
22.3481 3042.08 13.0634 -9.82893 0.1 29.427
22.3596 3042.23 12.9499 -9.82803 0.1 29.3733
22.3713 3042.38 12.8354 -9.82718 0.1 29.4275
22.383 3042.53 12.7199 -9.82626 0.1 29.3728
22.3949 3042.68 12.6033 -9.82538 0.1 29.428
22.4069 3042.83 12.4856 -9.82444 0.1 29.3723
22.4189 3042.98 12.3668 -9.82355 0.1 29.4285
22.4312 3043.13 12.2469 -9.82259 0.1 29.3717
22.4435 3043.28 12.1258 -9.82167 0.1 29.4291
22.4559 3043.43 12.0035 -9.82068 0.1 29.3712
22.4685 3043.58 11.88 -9.81973 0.1 29.4297
22.4812 3043.73 11.7551 -9.81872 0.1 29.3706
22.4941 3043.88 11.6289 -9.81774 0.1 29.4303
22.5071 3044.03 11.5014 -9.8167 0.1 29.3699
22.5202 3044.18 11.3724 -9.81568 0.1 29.431
22.5335 3044.33 11.2419 -9.8146 0.1 29.3692
22.547 3044.48 11.1099 -9.81355 0.1 29.4317
22.5606 3044.63 10.9764 -9.81242 0.1 29.3685
22.5744 3044.78 10.8412 -9.81132 0.1 29.4325
22.5883 3044.93 10.7043 -9.81015 0.1 29.3677
22.6024 3045.08 10.5656 -9.809 0.1 29.4333
22.6168 3045.23 10.4251 -9.80777 0.1 29.3668
22.6313 3045.38 10.2827 -9.80656 0.1 29.4342
22.646 3045.53 10.1383 -9.80526 0.1 29.3658
22.661 3045.68 9.99187 -9.80397 0.1 29.4352
22.671 3045.78 9.89303 -9.80308 0.1 29.4356
22.6812 3045.88 9.79319 -9.80216 0.1 29.4359
22.6915 3045.98 9.69233 -9.80123 0.1 29.4363
22.7019 3046.08 9.59041 -9.80027 0.1 29.4367
22.7124 3046.18 9.4874 -9.79928 0.1 29.4371
22.7231 3046.28 9.38326 -9.79828 0.1 29.4375
22.7338 3046.38 9.27796 -9.79724 0.1 29.4379
22.7447 3046.48 9.17145 -9.79618 0.1 29.4383
22.7557 3046.58 9.0637 -9.79509 0.1 29.4388
22.7668 3046.68 8.95466 -9.79396 0.1 29.4392
22.7781 3046.78 8.84427 -9.7928 0.1 29.4397
22.7895 3046.88 8.7325 -9.7916 0.1 29.4402
22.8011 3046.98 8.61928 -9.79036 0.1 29.4408
22.8128 3047.08 8.50456 -9.78908 0.1 29.4413
22.8247 3047.18 8.38827 -9.78775 0.1 29.4419
22.8367 3047.28 8.27036 -9.78636 0.1 29.4424
22.8489 3047.38 8.15075 -9.78492 0.1 29.4431
22.8613 3047.48 8.02935 -9.78342 0.1 29.4437
22.8739 3047.58 7.9061 -9.78185 0.1 29.4444
22.8867 3047.68 7.78091 -9.7802 0.1 29.4451
22.8997 3047.78 7.65367 -9.77848 0.1 29.4458
22.913 3047.88 7.52428 -9.77666 0.1 29.4466
22.9264 3047.98 7.39264 -9.77474 0.1 29.4474
22.9402 3048.08 7.25862 -9.77272 0.1 29.4483
22.9541 3048.18 7.12208 -9.77057 0.1 29.4492
22.9684 3048.28 6.98287 -9.76828 0.1 29.4502
22.9829 3048.38 6.84084 -9.76584 0.1 29.4512
22.9978 3048.48 6.69581 -9.76322 0.1 29.4523
23.013 3048.58 6.54757 -9.7604 0.1 29.4534
23.0285 3048.68 6.3959 -9.75735 0.1 29.4547
23.0444 3048.78 6.24055 -9.75404 0.1 29.456
23.0608 3048.88 6.08124 -9.75043 0.1 29.4575
23.0776 3048.98 5.91765 -9.74647 0.1 29.459
23.0948 3049.08 5.74942 -9.74209 0.1 29.4607
23.1126 3049.18 5.57612 -9.73722 0.1 29.4626
23.131 3049.28 5.39727 -9.73176 0.1 29.4646
23.15 3049.38 5.21229 -9.72558 0.1 29.4668
23.1697 3049.48 5.02051 -9.71853 0.1 29.4693
23.1799 3049.53 4.92182 -9.71459 0.1 29.3299
23.1903 3049.58 4.82111 -9.71037 0.1 29.4721
23.2009 3049.63 4.71826 -9.70578 0.1 29.3269
23.2117 3049.68 4.61311 -9.70082 0.1 29.4753
23.2228 3049.73 4.50552 -9.69539 0.1 29.3235
23.2342 3049.78 4.39529 -9.68946 0.1 29.4789
23.2459 3049.83 4.28223 -9.68292 0.1 29.3196
23.2579 3049.88 4.16611 -9.67569 0.1 29.4831
23.2702 3049.93 4.04666 -9.66764 0.1 29.3151
23.283 3049.98 3.92357 -9.65863 0.1 29.4881
23.2961 3050.03 3.7965 -9.64844 0.1 29.3097
23.3098 3050.08 3.66503 -9.63686 0.1 29.494
23.3239 3050.13 3.52867 -9.62355 0.1 29.303
23.3387 3050.18 3.38683 -9.60809 0.1 29.5014
23.3541 3050.23 3.23878 -9.58989 0.1 29.2947
23.3704 3050.28 3.08363 -9.56818 0.1 29.5109
23.3875 3050.33 2.92026 -9.54176 0.1 29.2839
23.4057 3050.38 2.7472 -9.50894 0.1 29.5236
23.4252 3050.43 2.56247 -9.46702 0.1 29.2688
23.4463 3050.48 2.36336 -9.41158 0.1 29.5419
23.4696 3050.53 2.14585 -9.33474 0.1 29.2457
23.4959 3050.58 1.90366 -9.22105 0.1 29.572
23.5267 3050.63 1.62578 -9.03527 0.1 29.2042
23.5654 3050.68 1.28936 -8.67541 0.1 29.6348
23.626 3050.73 0.825682 -7.65702 0.1 29.0919
23.6866 3050.81 0 -0 0.1 29.9397
