Simulation created and run on: 
Fri Mar 10 13:06:10 2023


Time (s), Height (m), Velocity (m/s), Acceleration (m/s^2), Deployment Angle (degrees)
3.6 599.88 324.08 -9.80665 0.1 0
3.61003 603.13 323.732 -34.6498 0.1 0.138312
3.62008 606.38 323.384 -34.587 0.1 0.278934
3.63013 609.63 323.037 -34.5247 0.1 0.419708
3.6402 612.88 322.69 -34.4628 0.1 0.560634
3.65028 616.13 322.343 -34.4015 0.1 0.701711
3.66037 619.38 321.996 -34.3405 0.1 0.84294
3.67046 622.63 321.649 -34.2801 0.1 0.984321
3.68057 625.88 321.303 -34.2201 0.1 1.12585
3.69069 629.13 320.957 -34.1605 0.1 1.26754
3.70083 632.38 320.611 -34.1014 0.1 1.40938
3.71097 635.63 320.266 -34.0428 0.1 1.55137
3.72112 638.88 319.92 -33.9846 0.1 1.69352
3.73113 642.08 319.581 -33.9277 0.1 1.83362
3.74115 645.28 319.241 -33.8713 0.1 1.97388
3.75118 648.48 318.902 -33.8153 0.1 2.11429
3.76122 651.68 318.562 -33.7597 0.1 2.25484
3.77127 654.88 318.223 -33.7045 0.1 2.39555
3.78133 658.08 317.885 -33.6498 0.1 2.5364
3.7914 661.28 317.546 -33.5955 0.1 2.67741
3.80148 664.48 317.207 -33.5416 0.1 2.81857
3.81158 667.68 316.869 -33.4881 0.1 2.95987
3.82168 670.88 316.531 -33.435 0.1 3.10133
3.8318 674.08 316.193 -33.3824 0.1 3.24294
3.84192 677.28 315.855 -33.3301 0.1 3.3847
3.85206 680.48 315.518 -33.2783 0.1 3.52661
3.86221 683.68 315.18 -33.2268 0.1 3.66867
3.87237 686.88 314.843 -33.1758 0.1 3.81089
3.88238 690.03 314.511 -33.126 0.1 3.95103
3.8924 693.18 314.18 -33.0765 0.1 4.09132
3.90243 696.33 313.848 -33.0274 0.1 4.23176
3.91247 699.48 313.517 -32.9787 0.1 4.37235
3.92252 702.63 313.185 -32.9304 0.1 4.51308
3.93259 705.78 312.854 -32.8825 0.1 4.65397
3.94266 708.93 312.523 -32.8349 0.1 4.795
3.95274 712.08 312.192 -32.7878 0.1 4.93619
3.96284 715.23 311.861 -32.7409 0.1 5.07752
3.97295 718.38 311.531 -32.6945 0.1 5.219
3.98306 721.53 311.2 -32.6484 0.1 5.36063
3.99319 724.68 310.87 -32.6027 0.1 5.50242
4.00333 727.83 310.54 -32.5574 0.1 5.64435
4.01348 730.98 310.209 -32.5124 0.1 5.78644
4.02364 734.13 309.879 -32.4678 0.1 5.92867
4.03365 737.23 309.555 -32.4242 0.1 6.0688
4.04367 740.33 309.23 -32.381 0.1 6.20907
4.0537 743.43 308.905 -32.3381 0.1 6.3495
4.06374 746.53 308.581 -32.2956 0.1 6.49006
4.07379 749.63 308.256 -32.2534 0.1 6.63078
4.08385 752.73 307.932 -32.2115 0.1 6.77165
4.09392 755.83 307.608 -32.17 0.1 6.91266
4.10401 758.93 307.284 -32.1288 0.1 7.05382
4.1141 762.03 306.96 -32.0879 0.1 7.19513
4.12421 765.13 306.636 -32.0474 0.1 7.33659
4.13432 768.23 306.312 -32.0072 0.1 7.4782
4.14445 771.33 305.988 -31.9673 0.1 7.61996
4.15458 774.43 305.664 -31.9277 0.1 7.76187
4.16473 777.53 305.34 -31.8885 0.1 7.90393
4.17489 780.63 305.016 -31.8496 0.1 8.04614
4.18489 783.68 304.698 -31.8116 0.1 8.18621
4.19491 786.73 304.38 -31.774 0.1 8.32642
4.20493 789.78 304.061 -31.7366 0.1 8.46677
4.21497 792.83 303.743 -31.6995 0.1 8.60728
4.22502 795.88 303.425 -31.6628 0.1 8.74793
4.23507 798.93 303.106 -31.6263 0.1 8.88873
4.24514 801.98 302.788 -31.5901 0.1 9.02968
4.25522 805.03 302.47 -31.5543 0.1 9.17077
4.26531 808.08 302.152 -31.5187 0.1 9.31202
4.27541 811.13 301.834 -31.4834 0.1 9.45341
4.28552 814.18 301.515 -31.4484 0.1 9.59495
4.29564 817.23 301.197 -31.4137 0.1 9.73664
4.30577 820.28 300.879 -31.3793 0.1 9.87849
4.31591 823.33 300.561 -31.3451 0.1 10.0205
4.32607 826.38 300.243 -31.3113 0.1 10.1626
4.33623 829.43 299.925 -31.2777 0.1 10.3049
4.34624 832.43 299.612 -31.245 0.1 10.445
4.35626 835.43 299.299 -31.2125 0.1 10.5853
4.36629 838.43 298.986 -31.1803 0.1 10.7257
4.37633 841.43 298.674 -31.1483 0.1 10.8662
4.38638 844.43 298.361 -31.1166 0.1 11.0069
4.39644 847.43 298.048 -31.0852 0.1 11.1478
4.40651 850.43 297.735 -31.054 0.1 11.2887
4.41659 853.43 297.422 -31.0231 0.1 11.4299
4.42668 856.43 297.109 -30.9925 0.1 11.5712
4.43678 859.43 296.796 -30.9621 0.1 11.7126
4.4469 862.43 296.483 -30.932 0.1 11.8542
4.45702 865.43 296.17 -30.9021 0.1 11.9959
4.46716 868.43 295.857 -30.8724 0.1 12.1378
4.4773 871.43 295.544 -30.843 0.1 12.2798
4.48746 874.43 295.231 -30.8139 0.1 12.422
4.49762 877.43 294.918 -30.785 0.1 12.5644
4.50763 880.38 294.61 -30.7568 0.1 12.7045
4.51765 883.33 294.302 -30.7288 0.1 12.8447
4.52768 886.28 293.994 -30.7011 0.1 12.9851
4.53772 889.23 293.686 -30.6736 0.1 13.1257
4.54777 892.18 293.378 -30.6464 0.1 13.2664
4.55783 895.13 293.069 -30.6193 0.1 13.4072
4.5679 898.08 292.761 -30.5925 0.1 13.5482
4.57798 901.03 292.453 -30.5659 0.1 13.6894
4.58808 903.98 292.145 -30.5396 0.1 13.8307
4.59818 906.93 291.836 -30.5134 0.1 13.9721
4.60829 909.88 291.528 -30.4875 0.1 14.1137
4.61842 912.83 291.219 -30.4618 0.1 14.2554
4.62855 915.78 290.91 -30.4363 0.1 14.3973
4.6387 918.73 290.602 -30.411 0.1 14.5394
4.64886 921.68 290.293 -30.386 0.1 14.6816
4.65902 924.63 289.984 -30.3611 0.1 14.8239
4.66903 927.53 289.681 -30.3369 0.1 14.964
4.67905 930.43 289.377 -30.3128 0.1 15.1042
4.68907 933.33 289.073 -30.289 0.1 15.2446
4.69911 936.23 288.769 -30.2654 0.1 15.3851
4.70916 939.13 288.465 -30.2419 0.1 15.5258
4.71922 942.03 288.161 -30.2187 0.1 15.6666
4.72929 944.93 287.857 -30.1956 0.1 15.8076
4.73937 947.83 287.553 -30.1728 0.1 15.9487
4.74946 950.73 287.248 -30.1501 0.1 16.0899
4.75956 953.63 286.944 -30.1276 0.1 16.2314
4.76967 956.53 286.639 -30.1053 0.1 16.3729
4.77979 959.43 286.335 -30.0832 0.1 16.5146
4.78993 962.33 286.03 -30.0613 0.1 16.6565
4.80007 965.23 285.725 -30.0395 0.1 16.7985
4.81022 968.13 285.42 -30.018 0.1 16.9407
4.82039 971.03 285.115 -29.9966 0.1 17.083
4.83039 973.88 284.815 -29.9757 0.1 17.223
4.8404 976.73 284.515 -29.955 0.1 17.3632
4.85043 979.58 284.215 -29.9345 0.1 17.5035
4.86046 982.43 283.915 -29.9142 0.1 17.644
4.8705 985.28 283.615 -29.894 0.1 17.7846
4.88056 988.13 283.314 -29.874 0.1 17.9253
4.89062 990.98 283.013 -29.8542 0.1 18.0662
4.9007 993.83 282.713 -29.8345 0.1 18.2073
4.91078 996.68 282.412 -29.8149 0.1 18.3485
4.92088 999.53 282.111 -29.7956 0.1 18.4899
4.93099 1002.38 281.81 -29.7764 0.1 18.6314
4.94111 1005.23 281.509 -29.7573 0.1 18.773
4.95124 1008.08 281.207 -29.7384 0.1 18.9148
4.96138 1010.93 280.906 -29.7196 0.1 19.0568
4.97153 1013.78 280.604 -29.701 0.1 19.1989
4.98169 1016.63 280.303 -29.6826 0.1 19.3412
4.99186 1019.48 280.001 -29.6643 0.1 19.4836
5.00187 1022.28 279.704 -29.6464 0.1 19.6237
5.01189 1025.08 279.407 -29.6287 0.1 19.7639
5.02191 1027.88 279.11 -29.6112 0.1 19.9043
5.03195 1030.68 278.813 -29.5937 0.1 20.0448
5.042 1033.48 278.516 -29.5764 0.1 20.1855
5.05206 1036.28 278.218 -29.5593 0.1 20.3263
5.06213 1039.08 277.921 -29.5423 0.1 20.4672
5.07221 1041.88 277.623 -29.5254 0.1 20.6084
5.0823 1044.68 277.325 -29.5086 0.1 20.7496
5.0924 1047.48 277.027 -29.492 0.1 20.8911
5.10251 1050.28 276.729 -29.4755 0.1 21.0326
5.11264 1053.08 276.431 -29.4591 0.1 21.1744
5.12277 1055.88 276.132 -29.4428 0.1 21.3163
5.13292 1058.68 275.834 -29.4267 0.1 21.4583
5.14307 1061.48 275.535 -29.4107 0.1 21.6005
5.15324 1064.28 275.236 -29.3948 0.1 21.7428
5.16342 1067.08 274.937 -29.379 0.1 21.8853
5.17343 1069.83 274.643 -29.3636 0.1 22.0254
5.18345 1072.58 274.349 -29.3484 0.1 22.1657
5.19347 1075.33 274.054 -29.3332 0.1 22.3061
5.20351 1078.08 273.76 -29.3182 0.1 22.4467
5.21357 1080.83 273.465 -29.3032 0.1 22.5874
5.22363 1083.58 273.171 -29.2884 0.1 22.7282
5.2337 1086.33 272.876 -29.2737 0.1 22.8692
5.24378 1089.08 272.581 -29.2591 0.1 23.0104
5.25388 1091.83 272.285 -29.2445 0.1 23.1517
5.26398 1094.58 271.99 -29.2301 0.1 23.2932
5.2741 1097.33 271.694 -29.2158 0.1 23.4348
5.28423 1100.08 271.399 -29.2016 0.1 23.5766
5.29436 1102.83 271.103 -29.1875 0.1 23.7185
5.30451 1105.58 270.806 -29.1735 0.1 23.8606
5.31467 1108.33 270.51 -29.1595 0.1 24.0029
5.32485 1111.08 270.213 -29.1457 0.1 24.1453
5.33503 1113.83 269.917 -29.132 0.1 24.2878
5.34504 1116.53 269.625 -29.1186 0.1 24.4279
5.35506 1119.23 269.334 -29.1052 0.1 24.5682
5.36509 1121.93 269.042 -29.092 0.1 24.7086
5.37513 1124.63 268.75 -29.0789 0.1 24.8492
5.38518 1127.33 268.457 -29.0658 0.1 24.9899
5.39524 1130.03 268.165 -29.0528 0.1 25.1308
5.40532 1132.73 267.872 -29.0399 0.1 25.2718
5.4154 1135.43 267.58 -29.0271 0.1 25.413
5.4255 1138.13 267.287 -29.0143 0.1 25.5544
5.43561 1140.83 266.993 -29.0017 0.1 25.6959
5.44572 1143.53 266.7 -28.9891 0.1 25.8375
5.45585 1146.23 266.406 -28.9765 0.1 25.9793
5.46599 1148.93 266.113 -28.9641 0.1 26.1213
5.47615 1151.63 265.819 -28.9517 0.1 26.2634
5.48631 1154.33 265.525 -28.9394 0.1 26.4057
5.49648 1157.03 265.23 -28.9272 0.1 26.5481
5.50667 1159.73 264.936 -28.915 0.1 26.6907
5.51668 1162.38 264.646 -28.9031 0.1 26.8308
5.5267 1165.03 264.357 -28.8913 0.1 26.9711
5.53673 1167.68 264.067 -28.8795 0.1 27.1115
5.54677 1170.33 263.777 -28.8678 0.1 27.2521
5.55682 1172.98 263.487 -28.8562 0.1 27.3928
5.56688 1175.63 263.197 -28.8446 0.1 27.5337
5.57696 1178.28 262.906 -28.8331 0.1 27.6747
5.58704 1180.93 262.615 -28.8216 0.1 27.8159
5.59714 1183.58 262.324 -28.8102 0.1 27.9573
5.60725 1186.23 262.033 -28.7989 0.1 28.0988
5.61736 1188.88 261.742 -28.7876 0.1 28.2404
5.62749 1191.53 261.45 -28.7763 0.1 28.3823
5.63764 1194.18 261.159 -28.7651 0.1 28.5242
5.64779 1196.83 260.867 -28.7539 0.1 28.6664
5.65795 1199.48 260.574 -28.7428 0.1 28.8087
5.66813 1202.13 260.282 -28.7318 0.1 28.9511
5.67832 1204.78 259.989 -28.7208 0.1 29.0937
5.68832 1207.38 259.702 -28.71 0.1 29.2338
5.69834 1209.98 259.415 -28.6993 0.1 29.3741
5.70837 1212.58 259.127 -28.6886 0.1 29.5144
5.71841 1215.18 258.839 -28.6779 0.1 29.655
5.72846 1217.78 258.551 -28.6673 0.1 29.7957
5.73852 1220.38 258.262 -28.6567 0.1 29.9366
5.74859 1222.98 257.974 -28.6462 0.1 30.0776
5.75868 1225.58 257.685 -28.6357 0.1 30.2188
5.76877 1228.18 257.396 -28.6252 0.1 30.3601
5.77888 1230.78 257.107 -28.6148 0.1 30.5016
5.789 1233.38 256.817 -28.6044 0.1 30.6432
5.79913 1235.98 256.527 -28.594 0.1 30.7851
5.80927 1238.58 256.237 -28.5837 0.1 30.927
5.81942 1241.18 255.947 -28.5733 0.1 31.0692
5.82959 1243.78 255.657 -28.5631 0.1 31.2115
5.83976 1246.38 255.366 -28.5528 0.1 31.3539
5.84995 1248.98 255.075 -28.5425 0.1 31.4965
5.85995 1251.53 254.79 -28.5325 0.1 31.6366
5.86997 1254.08 254.504 -28.5225 0.1 31.7768
5.87999 1256.63 254.218 -28.5125 0.1 31.9171
5.89003 1259.18 253.932 -28.5026 0.1 32.0576
5.90007 1261.73 253.646 -28.4926 0.1 32.1983
5.91013 1264.28 253.359 -28.4827 0.1 32.3391
5.9202 1266.83 253.073 -28.4728 0.1 32.4801
5.93029 1269.38 252.786 -28.4629 0.1 32.6212
5.94038 1271.93 252.498 -28.453 0.1 32.7625
5.95049 1274.48 252.211 -28.4432 0.1 32.904
5.9606 1277.03 251.923 -28.4333 0.1 33.0456
5.97073 1279.58 251.635 -28.4235 0.1 33.1874
5.98087 1282.13 251.347 -28.4136 0.1 33.3294
5.99102 1284.68 251.059 -28.4038 0.1 33.4715
6.00118 1287.23 250.77 -28.394 0.1 33.6138
6.01136 1289.78 250.481 -28.3842 0.1 33.7562
6.02154 1292.33 250.192 -28.3744 0.1 33.8988
6.03174 1294.88 249.903 -28.3646 0.1 34.0416
6.04175 1297.38 249.619 -28.355 0.1 34.1817
6.05177 1299.88 249.335 -28.3454 0.1 34.322
6.06181 1302.38 249.051 -28.3358 0.1 34.4625
6.07185 1304.88 248.766 -28.3262 0.1 34.6031
6.08191 1307.38 248.481 -28.3166 0.1 34.7439
6.09197 1309.88 248.196 -28.307 0.1 34.8848
6.10205 1312.38 247.911 -28.2974 0.1 35.0259
6.11214 1314.88 247.626 -28.2878 0.1 35.1671
6.12224 1317.38 247.34 -28.2782 0.1 35.3086
6.13236 1319.88 247.054 -28.2686 0.1 35.4502
6.14248 1322.38 246.768 -28.259 0.1 35.5919
6.15262 1324.88 246.481 -28.2493 0.1 35.7338
6.16277 1327.38 246.195 -28.2397 0.1 35.8759
6.17293 1329.88 245.908 -28.2301 0.1 36.0181
6.1831 1332.38 245.621 -28.2204 0.1 36.1606
6.19328 1334.88 245.333 -28.2107 0.1 36.3031
6.20348 1337.38 245.046 -28.2011 0.1 36.4459
6.21349 1339.83 244.764 -28.1916 0.1 36.5859
6.2235 1342.28 244.481 -28.1821 0.1 36.7261
6.23353 1344.73 244.199 -28.1726 0.1 36.8665
6.24357 1347.18 243.916 -28.163 0.1 37.0071
6.25362 1349.63 243.633 -28.1535 0.1 37.1478
6.26368 1352.08 243.35 -28.1439 0.1 37.2886
6.27375 1354.53 243.066 -28.1343 0.1 37.4297
6.28384 1356.98 242.783 -28.1247 0.1 37.5709
6.29394 1359.43 242.499 -28.1151 0.1 37.7122
6.30405 1361.88 242.215 -28.1055 0.1 37.8537
6.31417 1364.33 241.93 -28.0958 0.1 37.9954
6.3243 1366.78 241.645 -28.0861 0.1 38.1373
6.33444 1369.23 241.361 -28.0764 0.1 38.2793
6.3446 1371.68 241.075 -28.0667 0.1 38.4215
6.35477 1374.13 240.79 -28.0569 0.1 38.5639
6.36495 1376.58 240.504 -28.0472 0.1 38.7064
6.37514 1379.03 240.219 -28.0374 0.1 38.8491
6.38535 1381.48 239.933 -28.0275 0.1 38.992
6.39536 1383.88 239.652 -28.0179 0.1 39.1321
6.40538 1386.28 239.371 -28.0082 0.1 39.2724
6.41541 1388.68 239.09 -27.9985 0.1 39.4128
6.42545 1391.08 238.809 -27.9887 0.1 39.5534
6.43551 1393.48 238.528 -27.9789 0.1 39.6942
6.44558 1395.88 238.246 -27.9691 0.1 39.8352
6.45566 1398.28 237.964 -27.9593 0.1 39.9763
6.46575 1400.68 237.682 -27.9494 0.1 40.1176
6.47585 1403.08 237.4 -27.9395 0.1 40.259
6.48597 1405.48 237.117 -27.9296 0.1 40.4006
6.4961 1407.88 236.835 -27.9196 0.1 40.5424
6.50624 1410.28 236.552 -27.9096 0.1 40.6844
6.51639 1412.68 236.268 -27.8996 0.1 40.8265
6.52655 1415.08 235.985 -27.8895 0.1 40.9688
6.53673 1417.48 235.701 -27.8794 0.1 41.1112
6.54692 1419.88 235.417 -27.8692 0.1 41.2539
6.55712 1422.28 235.133 -27.859 0.1 41.3967
6.56712 1424.63 234.854 -27.849 0.1 41.5367
6.57713 1426.98 234.575 -27.8389 0.1 41.6769
6.58716 1429.33 234.296 -27.8288 0.1 41.8172
6.59719 1431.68 234.017 -27.8187 0.1 41.9577
6.60724 1434.03 233.738 -27.8085 0.1 42.0984
6.6173 1436.38 233.458 -27.7982 0.1 42.2392
6.62737 1438.73 233.178 -27.788 0.1 42.3802
6.63746 1441.08 232.898 -27.7776 0.1 42.5214
6.64755 1443.43 232.617 -27.7673 0.1 42.6627
6.65766 1445.78 232.337 -27.7569 0.1 42.8043
6.66778 1448.13 232.056 -27.7464 0.1 42.9459
6.67792 1450.48 231.775 -27.7359 0.1 43.0878
6.68806 1452.83 231.493 -27.7254 0.1 43.2298
6.69822 1455.18 231.212 -27.7148 0.1 43.372
6.70839 1457.53 230.93 -27.7041 0.1 43.5144
6.71857 1459.88 230.648 -27.6934 0.1 43.657
6.72877 1462.23 230.366 -27.6563 0.1 43.7025
6.73897 1464.58 230.084 -27.606 0.1 43.6995
6.74898 1466.88 229.808 -27.5577 0.1 43.6995
6.75899 1469.18 229.532 -27.5095 0.1 43.6995
6.76902 1471.48 229.257 -27.4614 0.1 43.6995
6.77906 1473.78 228.981 -27.4134 0.1 43.6995
6.78911 1476.08 228.706 -27.3655 0.1 43.6995
6.79917 1478.38 228.431 -27.3177 0.1 43.6995
6.80924 1480.68 228.156 -27.27 0.1 43.6995
6.81933 1482.98 227.881 -27.2224 0.1 43.6994
6.82943 1485.28 227.606 -27.1749 0.1 43.6994
6.83954 1487.58 227.332 -27.1275 0.1 43.6994
6.84967 1489.88 227.057 -27.0802 0.1 43.6994
6.8598 1492.18 226.783 -27.0331 0.1 43.6994
6.86995 1494.48 226.509 -26.986 0.1 43.6994
6.88011 1496.78 226.235 -26.939 0.1 43.6994
6.89028 1499.08 225.961 -26.8921 0.1 43.6994
6.90047 1501.38 225.688 -26.8453 0.1 43.6994
6.91067 1503.68 225.414 -26.7986 0.1 43.6994
6.92088 1505.98 225.141 -26.752 0.1 43.6994
6.9311 1508.28 224.868 -26.7055 0.1 43.6994
6.94111 1510.53 224.6 -26.6609 0.1 43.7025
6.95113 1512.78 224.333 -26.6148 0.1 43.6994
6.96117 1515.03 224.066 -26.5703 0.1 43.7025
6.97122 1517.28 223.8 -26.5244 0.1 43.6994
6.98128 1519.53 223.533 -26.4802 0.1 43.7026
6.99135 1521.78 223.267 -26.4345 0.1 43.6994
7.00143 1524.03 223 -26.3904 0.1 43.7026
7.01153 1526.28 222.734 -26.3449 0.1 43.6994
7.02164 1528.53 222.468 -26.301 0.1 43.7026
7.03176 1530.78 222.202 -26.2557 0.1 43.6994
7.04189 1533.03 221.936 -26.212 0.1 43.7026
7.05203 1535.28 221.671 -26.1668 0.1 43.6994
7.06219 1537.53 221.405 -26.1233 0.1 43.7026
7.07236 1539.78 221.14 -26.0783 0.1 43.6994
7.08254 1542.03 220.874 -26.035 0.1 43.7026
7.09273 1544.28 220.609 -25.9902 0.1 43.6994
7.10294 1546.53 220.344 -25.947 0.1 43.7026
7.11315 1548.78 220.079 -25.9024 0.1 43.6994
7.12316 1550.98 219.821 -25.8596 0.1 43.6994
7.13317 1553.18 219.562 -25.8169 0.1 43.6994
7.1432 1555.38 219.303 -25.7743 0.1 43.6994
7.15323 1557.58 219.045 -25.7318 0.1 43.6994
7.16328 1559.78 218.786 -25.6894 0.1 43.6994
7.17335 1561.98 218.528 -25.647 0.1 43.6994
7.18342 1564.18 218.27 -25.6047 0.1 43.6994
7.1935 1566.38 218.012 -25.5626 0.1 43.6994
7.2036 1568.58 217.754 -25.5205 0.1 43.6994
7.21371 1570.78 217.496 -25.4784 0.1 43.6994
7.22383 1572.98 217.239 -25.4365 0.1 43.6994
7.23397 1575.18 216.981 -25.3947 0.1 43.6994
7.24411 1577.38 216.724 -25.3529 0.1 43.6994
7.25427 1579.58 216.466 -25.3112 0.1 43.6994
7.26444 1581.78 216.209 -25.2696 0.1 43.6994
7.27462 1583.98 215.952 -25.2281 0.1 43.6994
7.28481 1586.18 215.695 -25.1867 0.1 43.6994
7.29502 1588.38 215.438 -25.1453 0.1 43.6994
7.30524 1590.58 215.182 -25.1041 0.1 43.6994
7.31547 1592.78 214.925 -25.0629 0.1 43.6994
7.32548 1594.93 214.674 -25.0235 0.1 43.7026
7.3355 1597.08 214.424 -24.9826 0.1 43.6994
7.34553 1599.23 214.173 -24.9434 0.1 43.7026
7.35558 1601.38 213.923 -24.9027 0.1 43.6993
7.36563 1603.53 213.673 -24.8636 0.1 43.7026
7.3757 1605.68 213.423 -24.8231 0.1 43.6993
7.38578 1607.83 213.173 -24.7841 0.1 43.7026
7.39587 1609.98 212.923 -24.7438 0.1 43.6993
7.40597 1612.13 212.673 -24.705 0.1 43.7026
7.41609 1614.28 212.423 -24.6648 0.1 43.6993
7.42622 1616.43 212.174 -24.6261 0.1 43.7026
7.43636 1618.58 211.924 -24.5861 0.1 43.6993
7.44651 1620.73 211.675 -24.5476 0.1 43.7026
7.45667 1622.88 211.425 -24.5077 0.1 43.6993
7.46685 1625.03 211.176 -24.4693 0.1 43.7026
7.47703 1627.18 210.927 -24.4296 0.1 43.6993
7.48723 1629.33 210.678 -24.3914 0.1 43.7026
7.49744 1631.48 210.429 -24.3518 0.1 43.6993
7.50767 1633.63 210.181 -24.3137 0.1 43.7027
7.5179 1635.78 209.932 -24.2743 0.1 43.6993
7.52791 1637.88 209.689 -24.2366 0.1 43.6993
7.53793 1639.98 209.446 -24.1989 0.1 43.6993
7.54797 1642.08 209.204 -24.1613 0.1 43.6993
7.55801 1644.18 208.961 -24.1238 0.1 43.6993
7.56807 1646.28 208.719 -24.0864 0.1 43.6993
7.57813 1648.38 208.477 -24.049 0.1 43.6993
7.58821 1650.48 208.235 -24.0117 0.1 43.6993
7.5983 1652.58 207.992 -23.9745 0.1 43.6993
7.60841 1654.68 207.75 -23.9373 0.1 43.6993
7.61852 1656.78 207.508 -23.9002 0.1 43.6993
7.62865 1658.88 207.267 -23.8632 0.1 43.6993
7.63878 1660.98 207.025 -23.8263 0.1 43.6993
7.64893 1663.08 206.783 -23.7894 0.1 43.6993
7.6591 1665.18 206.542 -23.7526 0.1 43.6993
7.66927 1667.28 206.3 -23.7158 0.1 43.6993
7.67945 1669.38 206.059 -23.6792 0.1 43.6993
7.68965 1671.48 205.818 -23.6426 0.1 43.6993
7.69986 1673.58 205.576 -23.606 0.1 43.6993
7.71008 1675.68 205.335 -23.5696 0.1 43.6993
7.72032 1677.78 205.094 -23.5332 0.1 43.6993
7.73032 1679.83 204.859 -23.4984 0.1 43.7027
7.74033 1681.88 204.624 -23.4623 0.1 43.6993
7.75035 1683.93 204.389 -23.4277 0.1 43.7027
7.76039 1685.98 204.154 -23.3918 0.1 43.6993
7.77044 1688.03 203.919 -23.3573 0.1 43.7027
7.7805 1690.08 203.684 -23.3214 0.1 43.6993
7.79057 1692.13 203.45 -23.2871 0.1 43.7027
7.80065 1694.18 203.215 -23.2514 0.1 43.6993
7.81074 1696.23 202.981 -23.2171 0.1 43.7027
7.82085 1698.28 202.746 -23.1816 0.1 43.6993
7.83096 1700.33 202.512 -23.1475 0.1 43.7027
7.84109 1702.38 202.278 -23.112 0.1 43.6993
7.85123 1704.43 202.043 -23.078 0.1 43.7027
7.86139 1706.48 201.809 -23.0427 0.1 43.6993
7.87155 1708.53 201.575 -23.0089 0.1 43.7027
7.88173 1710.58 201.341 -22.9737 0.1 43.6992
7.89191 1712.63 201.107 -22.94 0.1 43.7027
7.90211 1714.68 200.874 -22.9049 0.1 43.6992
7.91233 1716.73 200.64 -22.8713 0.1 43.7027
7.92255 1718.78 200.406 -22.8364 0.1 43.6992
7.93278 1720.83 200.173 -22.8029 0.1 43.7027
7.94303 1722.88 199.939 -22.7681 0.1 43.6992
7.95304 1724.88 199.712 -22.7349 0.1 43.6992
7.96306 1726.88 199.484 -22.7018 0.1 43.6992
7.97309 1728.88 199.256 -22.6687 0.1 43.6992
7.98314 1730.88 199.029 -22.6356 0.1 43.6992
7.99319 1732.88 198.801 -22.6027 0.1 43.6992
8.00326 1734.88 198.574 -22.5697 0.1 43.6992
8.01333 1736.88 198.347 -22.5369 0.1 43.6992
8.02342 1738.88 198.12 -22.5041 0.1 43.6992
8.03352 1740.88 197.892 -22.4714 0.1 43.6992
8.04364 1742.88 197.665 -22.4387 0.1 43.6992
8.05376 1744.88 197.438 -22.4061 0.1 43.6992
8.0639 1746.88 197.211 -22.3735 0.1 43.6992
8.07404 1748.88 196.984 -22.341 0.1 43.6992
8.0842 1750.88 196.758 -22.3086 0.1 43.6992
8.09437 1752.88 196.531 -22.2762 0.1 43.6992
8.10456 1754.88 196.304 -22.2439 0.1 43.6992
8.11475 1756.88 196.078 -22.2116 0.1 43.6992
8.12496 1758.88 195.851 -22.1794 0.1 43.6992
8.13517 1760.88 195.625 -22.1472 0.1 43.6992
8.1454 1762.88 195.398 -22.1151 0.1 43.6992
8.15565 1764.88 195.172 -22.0831 0.1 43.6992
8.1659 1766.88 194.946 -22.0511 0.1 43.6992
8.17591 1768.83 194.725 -22.0207 0.1 43.7028
8.18593 1770.78 194.505 -21.9889 0.1 43.6992
8.19596 1772.73 194.284 -21.9586 0.1 43.7028
8.206 1774.68 194.064 -21.927 0.1 43.6992
8.21606 1776.63 193.844 -21.8967 0.1 43.7028
8.22612 1778.58 193.623 -21.8652 0.1 43.6992
8.2362 1780.53 193.403 -21.8351 0.1 43.7028
8.24629 1782.48 193.183 -21.8037 0.1 43.6992
8.25639 1784.43 192.963 -21.7737 0.1 43.7028
8.2665 1786.38 192.743 -21.7424 0.1 43.6992
8.27662 1788.33 192.523 -21.7124 0.1 43.7028
8.28676 1790.28 192.303 -21.6813 0.1 43.6992
8.2969 1792.23 192.083 -21.6514 0.1 43.7028
8.30706 1794.18 191.864 -21.6204 0.1 43.6992
8.31723 1796.13 191.644 -21.5906 0.1 43.7028
8.32741 1798.08 191.424 -21.5597 0.1 43.6992
8.3376 1800.03 191.205 -21.5301 0.1 43.7028
8.34781 1801.98 190.985 -21.4992 0.1 43.6992
8.35802 1803.93 190.766 -21.4697 0.1 43.7028
8.36825 1805.88 190.546 -21.439 0.1 43.6991
8.37849 1807.83 190.327 -21.4096 0.1 43.7028
8.38874 1809.78 190.107 -21.3789 0.1 43.6991
8.39874 1811.68 189.894 -21.3497 0.1 43.6991
8.40876 1813.58 189.68 -21.3206 0.1 43.6991
8.41878 1815.48 189.467 -21.2915 0.1 43.6991
8.42881 1817.38 189.253 -21.2625 0.1 43.6991
8.43886 1819.28 189.04 -21.2335 0.1 43.6991
8.44891 1821.18 188.826 -21.2046 0.1 43.6991
8.45898 1823.08 188.613 -21.1757 0.1 43.6991
8.46906 1824.98 188.4 -21.1469 0.1 43.6991
8.47915 1826.88 188.186 -21.1181 0.1 43.6991
8.48925 1828.78 187.973 -21.0894 0.1 43.6991
8.49937 1830.68 187.76 -21.0607 0.1 43.6991
8.50949 1832.58 187.547 -21.0321 0.1 43.6991
8.51963 1834.48 187.334 -21.0035 0.1 43.6991
8.52978 1836.38 187.121 -20.9749 0.1 43.6991
8.53994 1838.28 186.908 -20.9464 0.1 43.6991
8.55011 1840.18 186.695 -20.918 0.1 43.6991
8.56029 1842.08 186.482 -20.8896 0.1 43.6991
8.57049 1843.98 186.269 -20.8613 0.1 43.6991
8.58069 1845.88 186.057 -20.833 0.1 43.6991
8.59091 1847.78 185.844 -20.8047 0.1 43.6991
8.60114 1849.68 185.631 -20.7765 0.1 43.6991
8.61138 1851.58 185.419 -20.7484 0.1 43.6991
8.62164 1853.48 185.206 -20.7203 0.1 43.6991
8.6319 1855.38 184.994 -20.6922 0.1 43.6991
8.64191 1857.23 184.787 -20.6656 0.1 43.7029
8.65192 1859.08 184.58 -20.6377 0.1 43.6991
8.66195 1860.93 184.373 -20.6112 0.1 43.7029
8.67199 1862.78 184.166 -20.5834 0.1 43.6991
8.68204 1864.63 183.959 -20.557 0.1 43.7029
8.69211 1866.48 183.753 -20.5293 0.1 43.6991
8.70218 1868.33 183.546 -20.5029 0.1 43.7029
8.71226 1870.18 183.339 -20.4753 0.1 43.6991
8.72236 1872.03 183.133 -20.449 0.1 43.7029
8.73247 1873.88 182.926 -20.4216 0.1 43.6991
8.74259 1875.73 182.72 -20.3954 0.1 43.7029
8.75272 1877.58 182.513 -20.368 0.1 43.6991
8.76286 1879.43 182.307 -20.3418 0.1 43.7029
8.77301 1881.28 182.1 -20.3145 0.1 43.6991
8.78318 1883.13 181.894 -20.2885 0.1 43.7029
8.79336 1884.98 181.688 -20.2613 0.1 43.6991
8.80354 1886.83 181.481 -20.2353 0.1 43.7029
8.81374 1888.68 181.275 -20.2082 0.1 43.6991
8.82396 1890.53 181.069 -20.1824 0.1 43.7029
8.83418 1892.38 180.863 -20.1553 0.1 43.6991
8.84441 1894.23 180.657 -20.1296 0.1 43.7029
8.85466 1896.08 180.45 -20.1026 0.1 43.699
8.86492 1897.93 180.244 -20.0769 0.1 43.7029
8.87519 1899.78 180.038 -20.0501 0.1 43.699
8.88519 1901.58 179.838 -20.0246 0.1 43.699
8.89521 1903.38 179.637 -19.9991 0.1 43.699
8.90523 1905.18 179.437 -19.9737 0.1 43.699
8.91527 1906.98 179.237 -19.9483 0.1 43.699
8.92532 1908.78 179.036 -19.923 0.1 43.699
8.93538 1910.58 178.836 -19.8977 0.1 43.699
8.94545 1912.38 178.636 -19.8724 0.1 43.699
8.95553 1914.18 178.436 -19.8472 0.1 43.699
8.96562 1915.98 178.235 -19.822 0.1 43.699
8.97573 1917.78 178.035 -19.7969 0.1 43.699
8.98584 1919.58 177.835 -19.7718 0.1 43.699
8.99597 1921.38 177.635 -19.7468 0.1 43.699
9.00611 1923.18 177.435 -19.7218 0.1 43.699
9.01626 1924.98 177.235 -19.6968 0.1 43.699
9.02642 1926.78 177.035 -19.6719 0.1 43.699
9.0366 1928.58 176.835 -19.647 0.1 43.699
9.04678 1930.38 176.635 -19.6221 0.1 43.699
9.05698 1932.18 176.435 -19.5973 0.1 43.699
9.06719 1933.98 176.235 -19.5725 0.1 43.699
9.07741 1935.78 176.035 -19.5478 0.1 43.699
9.08764 1937.58 175.835 -19.5231 0.1 43.699
9.09788 1939.38 175.635 -19.4985 0.1 43.699
9.10813 1941.18 175.436 -19.4738 0.1 43.699
9.1184 1942.98 175.236 -19.4493 0.1 43.699
9.12868 1944.78 175.036 -19.4247 0.1 43.699
9.13868 1946.53 174.842 -19.4015 0.1 43.703
9.1487 1948.28 174.648 -19.3771 0.1 43.699
9.15872 1950.03 174.453 -19.354 0.1 43.703
9.16876 1951.78 174.259 -19.3297 0.1 43.699
9.17881 1953.53 174.065 -19.3066 0.1 43.703
9.18887 1955.28 173.871 -19.2824 0.1 43.699
9.19894 1957.03 173.677 -19.2594 0.1 43.703
9.20902 1958.78 173.483 -19.2353 0.1 43.699
9.21911 1960.53 173.289 -19.2123 0.1 43.703
9.22922 1962.28 173.095 -19.1883 0.1 43.699
9.23933 1964.03 172.901 -19.1654 0.1 43.703
9.24946 1965.78 172.707 -19.1414 0.1 43.699
9.2596 1967.53 172.513 -19.1186 0.1 43.703
9.26975 1969.28 172.319 -19.0947 0.1 43.699
9.27991 1971.03 172.125 -19.072 0.1 43.703
9.29008 1972.78 171.931 -19.0481 0.1 43.699
9.30027 1974.53 171.737 -19.0255 0.1 43.703
9.31046 1976.28 171.544 -19.0017 0.1 43.6989
9.32067 1978.03 171.35 -18.9791 0.1 43.703
9.33089 1979.78 171.156 -18.9554 0.1 43.6989
9.34112 1981.53 170.962 -18.9329 0.1 43.703
9.35136 1983.28 170.768 -18.9093 0.1 43.6989
9.36162 1985.03 170.575 -18.8869 0.1 43.703
9.37188 1986.78 170.381 -18.8633 0.1 43.6989
9.38216 1988.53 170.187 -18.841 0.1 43.703
9.39245 1990.28 169.993 -18.8175 0.1 43.6989
9.40245 1991.98 169.805 -18.7953 0.1 43.6989
9.41247 1993.68 169.617 -18.7731 0.1 43.6989
9.4225 1995.38 169.429 -18.7509 0.1 43.6989
9.43254 1997.08 169.241 -18.7288 0.1 43.6989
9.44259 1998.78 169.053 -18.7068 0.1 43.6989
9.45265 2000.48 168.865 -18.6847 0.1 43.6989
9.46273 2002.18 168.676 -18.6627 0.1 43.6989
9.47281 2003.88 168.488 -18.6407 0.1 43.6989
9.4829 2005.58 168.3 -18.6188 0.1 43.6989
9.49301 2007.28 168.112 -18.5969 0.1 43.6989
9.50313 2008.98 167.924 -18.575 0.1 43.6989
9.51326 2010.68 167.736 -18.5531 0.1 43.6989
9.5234 2012.38 167.548 -18.5313 0.1 43.6989
9.53355 2014.08 167.36 -18.5095 0.1 43.6989
9.54372 2015.78 167.172 -18.4878 0.1 43.6989
9.55389 2017.48 166.984 -18.4661 0.1 43.6989
9.56408 2019.18 166.796 -18.4444 0.1 43.6989
9.57428 2020.88 166.608 -18.4227 0.1 43.6989
9.58448 2022.58 166.42 -18.4011 0.1 43.6989
9.59471 2024.28 166.232 -18.3795 0.1 43.6989
9.60494 2025.98 166.044 -18.358 0.1 43.6989
9.61518 2027.68 165.856 -18.3365 0.1 43.6989
9.62544 2029.38 165.668 -18.315 0.1 43.6989
9.63571 2031.08 165.48 -18.2935 0.1 43.6989
9.64599 2032.78 165.292 -18.2721 0.1 43.6989
9.65628 2034.48 165.104 -18.2507 0.1 43.6989
9.66658 2036.18 164.917 -18.2293 0.1 43.6989
9.67659 2037.83 164.734 -18.2092 0.1 43.7031
9.68661 2039.48 164.552 -18.188 0.1 43.6989
9.69664 2041.13 164.369 -18.1679 0.1 43.7031
9.70669 2042.78 164.187 -18.1467 0.1 43.6989
9.71674 2044.43 164.005 -18.1267 0.1 43.7031
9.72681 2046.08 163.822 -18.1056 0.1 43.6988
9.73689 2047.73 163.64 -18.0856 0.1 43.7031
9.74698 2049.38 163.458 -18.0646 0.1 43.6988
9.75708 2051.03 163.275 -18.0447 0.1 43.7031
9.76719 2052.68 163.093 -18.0237 0.1 43.6988
9.77731 2054.33 162.911 -18.0039 0.1 43.7031
9.78745 2055.98 162.728 -17.983 0.1 43.6988
9.79759 2057.63 162.546 -17.9632 0.1 43.7031
9.80775 2059.28 162.363 -17.9423 0.1 43.6988
9.81792 2060.93 162.181 -17.9226 0.1 43.7031
9.8281 2062.58 161.999 -17.9018 0.1 43.6988
9.83829 2064.23 161.816 -17.8821 0.1 43.7031
9.84849 2065.88 161.634 -17.8614 0.1 43.6988
9.8587 2067.53 161.452 -17.8417 0.1 43.7032
9.86893 2069.18 161.269 -17.8211 0.1 43.6988
9.87917 2070.83 161.087 -17.8015 0.1 43.7032
9.88942 2072.48 160.905 -17.7809 0.1 43.6988
9.89968 2074.13 160.722 -17.7614 0.1 43.7032
9.90995 2075.78 160.54 -17.7409 0.1 43.6988
9.92023 2077.43 160.358 -17.7214 0.1 43.7032
9.93053 2079.08 160.175 -17.7009 0.1 43.6988
9.94083 2080.73 159.993 -17.6815 0.1 43.7032
9.95084 2082.33 159.816 -17.6622 0.1 43.7032
9.96086 2083.93 159.639 -17.643 0.1 43.7032
9.97089 2085.53 159.463 -17.6237 0.1 43.7032
9.98093 2087.13 159.286 -17.6045 0.1 43.7032
9.99098 2088.73 159.109 -17.5853 0.1 43.7032
10.001 2090.33 158.932 -17.5662 0.1 43.7032
10.0111 2091.93 158.755 -17.547 0.1 43.7032
10.0212 2093.53 158.578 -17.5279 0.1 43.7032
10.0313 2095.13 158.402 -17.5089 0.1 43.7032
10.0414 2096.73 158.225 -17.4898 0.1 43.7032
10.0515 2098.33 158.048 -17.4708 0.1 43.7032
10.0616 2099.93 157.871 -17.4518 0.1 43.7032
10.0718 2101.53 157.694 -17.4328 0.1 43.7032
10.0819 2103.13 157.517 -17.4139 0.1 43.7032
10.0921 2104.73 157.34 -17.395 0.1 43.7032
10.1023 2106.33 157.163 -17.3761 0.1 43.7032
10.1125 2107.93 156.987 -17.3572 0.1 43.7032
10.1227 2109.53 156.81 -17.3384 0.1 43.7032
10.1329 2111.13 156.633 -17.3196 0.1 43.7032
10.1431 2112.73 156.456 -17.3008 0.1 43.7032
10.1533 2114.33 156.279 -17.282 0.1 43.7032
10.1636 2115.93 156.102 -17.2633 0.1 43.7032
10.1738 2117.53 155.925 -17.2446 0.1 43.7032
10.1841 2119.13 155.748 -17.2259 0.1 43.7032
10.1944 2120.73 155.571 -17.2073 0.1 43.7032
10.2047 2122.33 155.394 -17.1887 0.1 43.7032
10.215 2123.93 155.217 -17.1701 0.1 43.7032
10.2253 2125.53 155.04 -17.1515 0.1 43.7032
10.2353 2127.08 154.869 -17.133 0.1 43.6987
10.2453 2128.63 154.697 -17.1156 0.1 43.7032
10.2553 2130.18 154.526 -17.0972 0.1 43.6987
10.2654 2131.73 154.354 -17.0798 0.1 43.7033
10.2754 2133.28 154.183 -17.0614 0.1 43.6987
10.2855 2134.83 154.011 -17.0441 0.1 43.7033
10.2955 2136.38 153.84 -17.0258 0.1 43.6987
10.3056 2137.93 153.668 -17.0085 0.1 43.7033
10.3157 2139.48 153.496 -16.9902 0.1 43.6987
10.3258 2141.03 153.325 -16.973 0.1 43.7033
10.3359 2142.58 153.153 -16.9548 0.1 43.6987
10.3461 2144.13 152.982 -16.9376 0.1 43.7033
10.3562 2145.68 152.81 -16.9194 0.1 43.6987
10.3663 2147.23 152.638 -16.9022 0.1 43.7033
10.3765 2148.78 152.467 -16.8841 0.1 43.6987
10.3867 2150.33 152.295 -16.867 0.1 43.7033
10.3969 2151.88 152.124 -16.849 0.1 43.6987
10.407 2153.43 151.952 -16.8319 0.1 43.7033
10.4173 2154.98 151.78 -16.8139 0.1 43.6987
10.4275 2156.53 151.608 -16.7969 0.1 43.7033
10.4377 2158.08 151.437 -16.7789 0.1 43.6987
10.4479 2159.63 151.265 -16.7619 0.1 43.7033
10.4582 2161.18 151.093 -16.744 0.1 43.6987
10.4685 2162.73 150.921 -16.7271 0.1 43.7033
10.4787 2164.28 150.75 -16.7092 0.1 43.6987
10.489 2165.83 150.578 -16.6924 0.1 43.7033
10.4993 2167.38 150.406 -16.6746 0.1 43.6987
10.5096 2168.93 150.234 -16.6577 0.1 43.7033
10.52 2170.48 150.062 -16.64 0.1 43.6987
10.53 2171.98 149.896 -16.6232 0.1 43.6987
10.54 2173.48 149.73 -16.6066 0.1 43.6986
10.55 2174.98 149.563 -16.5899 0.1 43.6986
10.56 2176.48 149.397 -16.5733 0.1 43.6986
10.5701 2177.98 149.23 -16.5566 0.1 43.6986
10.5801 2179.48 149.064 -16.5401 0.1 43.6986
10.5902 2180.98 148.897 -16.5235 0.1 43.6986
10.6003 2182.48 148.731 -16.5069 0.1 43.6986
10.6104 2183.98 148.564 -16.4904 0.1 43.6986
10.6205 2185.48 148.398 -16.4739 0.1 43.6986
10.6306 2186.98 148.231 -16.4574 0.1 43.6986
10.6407 2188.48 148.065 -16.4409 0.1 43.6986
10.6509 2189.98 147.898 -16.4245 0.1 43.6986
10.661 2191.48 147.732 -16.4081 0.1 43.6986
10.6712 2192.98 147.565 -16.3917 0.1 43.6986
10.6813 2194.48 147.398 -16.3753 0.1 43.6986
10.6915 2195.98 147.232 -16.3589 0.1 43.6986
10.7017 2197.48 147.065 -16.3426 0.1 43.6986
10.7119 2198.98 146.898 -16.3263 0.1 43.6986
10.7221 2200.48 146.732 -16.31 0.1 43.6986
10.7324 2201.98 146.565 -16.2937 0.1 43.6986
10.7426 2203.48 146.398 -16.2775 0.1 43.6986
10.7529 2204.98 146.231 -16.2613 0.1 43.6986
10.7631 2206.48 146.065 -16.2451 0.1 43.6986
10.7734 2207.98 145.898 -16.2289 0.1 43.6986
10.7837 2209.48 145.731 -16.2127 0.1 43.6986
10.794 2210.98 145.564 -16.1966 0.1 43.6986
10.8043 2212.48 145.397 -16.1805 0.1 43.6986
10.8146 2213.98 145.23 -16.1644 0.1 43.6986
10.8249 2215.48 145.063 -16.1483 0.1 43.6986
10.8349 2216.93 144.902 -16.1332 0.1 43.7034
10.845 2218.38 144.74 -16.1173 0.1 43.6986
10.855 2219.83 144.579 -16.1022 0.1 43.7034
10.865 2221.28 144.417 -16.0863 0.1 43.6986
10.8751 2222.73 144.256 -16.0713 0.1 43.7034
10.8851 2224.18 144.094 -16.0555 0.1 43.6986
10.8952 2225.63 143.933 -16.0405 0.1 43.7034
10.9053 2227.08 143.771 -16.0247 0.1 43.6986
10.9154 2228.53 143.609 -16.0098 0.1 43.7034
10.9255 2229.98 143.448 -15.994 0.1 43.6985
10.9356 2231.43 143.286 -15.9791 0.1 43.7034
10.9457 2232.88 143.124 -15.9633 0.1 43.6985
10.9558 2234.33 142.963 -15.9485 0.1 43.7034
10.966 2235.78 142.801 -15.9328 0.1 43.6985
10.9762 2237.23 142.639 -15.918 0.1 43.7034
10.9863 2238.68 142.477 -15.9023 0.1 43.6985
10.9965 2240.13 142.315 -15.8876 0.1 43.7034
11.0067 2241.58 142.153 -15.8719 0.1 43.6985
11.0169 2243.03 141.992 -15.8572 0.1 43.7035
11.0271 2244.48 141.83 -15.8416 0.1 43.6985
11.0374 2245.93 141.668 -15.8269 0.1 43.7035
11.0476 2247.38 141.506 -15.8114 0.1 43.6985
11.0578 2248.83 141.344 -15.7968 0.1 43.7035
11.0681 2250.28 141.182 -15.7812 0.1 43.6985
11.0784 2251.73 141.019 -15.7666 0.1 43.7035
11.0887 2253.18 140.857 -15.7511 0.1 43.6985
11.099 2254.63 140.695 -15.7366 0.1 43.7035
11.1093 2256.08 140.533 -15.7211 0.1 43.6985
11.1196 2257.53 140.371 -15.7066 0.1 43.7035
11.13 2258.98 140.208 -15.6912 0.1 43.6985
11.1403 2260.43 140.046 -15.6767 0.1 43.7035
11.1503 2261.83 139.889 -15.6623 0.1 43.7035
11.1603 2263.23 139.733 -15.6479 0.1 43.7035
11.1703 2264.63 139.576 -15.6336 0.1 43.7035
11.1804 2266.03 139.419 -15.6192 0.1 43.7035
11.1904 2267.43 139.262 -15.6049 0.1 43.7035
11.2005 2268.83 139.105 -15.5906 0.1 43.7035
11.2106 2270.23 138.948 -15.5763 0.1 43.7035
11.2206 2271.63 138.791 -15.562 0.1 43.7035
11.2307 2273.03 138.634 -15.5477 0.1 43.7035
11.2408 2274.43 138.477 -15.5335 0.1 43.7035
11.2509 2275.83 138.32 -15.5193 0.1 43.7035
11.2611 2277.23 138.163 -15.505 0.1 43.7035
11.2712 2278.63 138.006 -15.4909 0.1 43.7035
11.2814 2280.03 137.849 -15.4767 0.1 43.7035
11.2915 2281.43 137.692 -15.4625 0.1 43.7035
11.3017 2282.83 137.535 -15.4484 0.1 43.7035
11.3119 2284.23 137.377 -15.4343 0.1 43.7035
11.3221 2285.63 137.22 -15.4202 0.1 43.7035
11.3323 2287.03 137.063 -15.4061 0.1 43.7035
11.3425 2288.43 136.905 -15.392 0.1 43.7035
11.3527 2289.83 136.748 -15.378 0.1 43.7035
11.363 2291.23 136.59 -15.3639 0.1 43.7035
11.3732 2292.63 136.433 -15.3499 0.1 43.7036
11.3835 2294.03 136.275 -15.3359 0.1 43.7036
11.3938 2295.43 136.118 -15.3219 0.1 43.7036
11.4041 2296.83 135.96 -15.3079 0.1 43.7036
11.4144 2298.23 135.803 -15.294 0.1 43.7036
11.4247 2299.63 135.645 -15.2801 0.1 43.7036
11.435 2301.03 135.487 -15.2662 0.1 43.7036
11.4454 2302.43 135.329 -15.2523 0.1 43.7036
11.4557 2303.83 135.172 -15.2384 0.1 43.7036
11.4661 2305.23 135.014 -15.2245 0.1 43.7036
11.4761 2306.58 134.861 -15.2107 0.1 43.6984
11.4861 2307.93 134.709 -15.1978 0.1 43.7036
11.4961 2309.28 134.557 -15.1841 0.1 43.6984
11.5062 2310.63 134.404 -15.1712 0.1 43.7036
11.5162 2311.98 134.252 -15.1575 0.1 43.6984
11.5263 2313.33 134.1 -15.1446 0.1 43.7036
11.5364 2314.68 133.947 -15.131 0.1 43.6984
11.5464 2316.03 133.795 -15.1181 0.1 43.7036
11.5565 2317.38 133.642 -15.1045 0.1 43.6984
11.5666 2318.73 133.489 -15.0917 0.1 43.7036
11.5768 2320.08 133.337 -15.0781 0.1 43.6984
11.5869 2321.43 133.184 -15.0653 0.1 43.7036
11.597 2322.78 133.031 -15.0517 0.1 43.6984
11.6072 2324.13 132.879 -15.039 0.1 43.7036
11.6174 2325.48 132.726 -15.0255 0.1 43.6983
11.6275 2326.83 132.573 -15.0128 0.1 43.7036
11.6377 2328.18 132.42 -14.9993 0.1 43.6983
11.6479 2329.53 132.267 -14.9866 0.1 43.7036
11.6581 2330.88 132.114 -14.9731 0.1 43.6983
11.6684 2332.23 131.961 -14.9605 0.1 43.7036
11.6786 2333.58 131.808 -14.947 0.1 43.6983
11.6888 2334.93 131.655 -14.9344 0.1 43.7036
11.6991 2336.28 131.502 -14.921 0.1 43.6983
11.7094 2337.63 131.349 -14.9084 0.1 43.7037
11.7197 2338.98 131.195 -14.895 0.1 43.6983
11.73 2340.33 131.042 -14.8825 0.1 43.7037
11.7403 2341.68 130.889 -14.8691 0.1 43.6983
11.7506 2343.03 130.735 -14.8566 0.1 43.7037
11.7609 2344.38 130.582 -14.8433 0.1 43.6983
11.7713 2345.73 130.428 -14.8308 0.1 43.7037
11.7816 2347.08 130.275 -14.8175 0.1 43.6983
11.792 2348.43 130.121 -14.805 0.1 43.7037
11.8024 2349.78 129.968 -14.7918 0.1 43.6983
11.8124 2351.08 129.82 -14.7794 0.1 43.6983
11.8224 2352.38 129.672 -14.767 0.1 43.6983
11.8324 2353.68 129.524 -14.7547 0.1 43.6983
11.8425 2354.98 129.375 -14.7424 0.1 43.6983
11.8525 2356.28 129.227 -14.7301 0.1 43.6983
11.8626 2357.58 129.079 -14.7178 0.1 43.6983
11.8727 2358.88 128.931 -14.7055 0.1 43.6983
11.8828 2360.18 128.783 -14.6932 0.1 43.6983
11.8929 2361.48 128.634 -14.681 0.1 43.6983
11.903 2362.78 128.486 -14.6688 0.1 43.6983
11.9131 2364.08 128.337 -14.6565 0.1 43.6983
11.9232 2365.38 128.189 -14.6443 0.1 43.6983
11.9334 2366.68 128.04 -14.6321 0.1 43.6983
11.9435 2367.98 127.892 -14.6199 0.1 43.6982
11.9537 2369.28 127.743 -14.6078 0.1 43.6982
11.9639 2370.58 127.594 -14.5956 0.1 43.6982
11.9741 2371.88 127.446 -14.5835 0.1 43.6982
11.9843 2373.18 127.297 -14.5714 0.1 43.6982
11.9945 2374.48 127.148 -14.5593 0.1 43.6982
12.0047 2375.78 126.999 -14.5472 0.1 43.6982
12.015 2377.08 126.85 -14.5351 0.1 43.6982
12.0252 2378.38 126.701 -14.523 0.1 43.6982
12.0355 2379.68 126.552 -14.5109 0.1 43.6982
12.0458 2380.98 126.403 -14.4989 0.1 43.6982
12.0561 2382.28 126.254 -14.4869 0.1 43.6982
12.0664 2383.58 126.105 -14.4749 0.1 43.6982
12.0767 2384.88 125.956 -14.4629 0.1 43.6982
12.087 2386.18 125.806 -14.4509 0.1 43.6982
12.0974 2387.48 125.657 -14.4389 0.1 43.6982
12.1077 2388.78 125.507 -14.4269 0.1 43.6982
12.1181 2390.08 125.358 -14.415 0.1 43.6982
12.1285 2391.38 125.208 -14.4031 0.1 43.6982
12.1388 2392.68 125.059 -14.3911 0.1 43.6982
12.1488 2393.93 124.915 -14.3801 0.1 43.7038
12.1589 2395.18 124.771 -14.3682 0.1 43.6982
12.1689 2396.43 124.627 -14.3572 0.1 43.7038
12.1789 2397.68 124.483 -14.3454 0.1 43.6982
12.189 2398.93 124.339 -14.3344 0.1 43.7038
12.199 2400.18 124.195 -14.3226 0.1 43.6982
12.2091 2401.43 124.051 -14.3116 0.1 43.7038
12.2192 2402.68 123.906 -14.2999 0.1 43.6982
12.2293 2403.93 123.762 -14.2889 0.1 43.7038
12.2394 2405.18 123.618 -14.2772 0.1 43.6982
12.2495 2406.43 123.473 -14.2663 0.1 43.7038
12.2596 2407.68 123.329 -14.2546 0.1 43.6981
12.2698 2408.93 123.184 -14.2437 0.1 43.7038
12.2799 2410.18 123.04 -14.232 0.1 43.6981
12.2901 2411.43 122.895 -14.2211 0.1 43.7038
12.3003 2412.68 122.751 -14.2095 0.1 43.6981
12.3105 2413.93 122.606 -14.1986 0.1 43.7038
12.3207 2415.18 122.461 -14.187 0.1 43.6981
12.3309 2416.43 122.316 -14.1761 0.1 43.7038
12.3411 2417.68 122.171 -14.1645 0.1 43.6981
12.3513 2418.93 122.026 -14.1537 0.1 43.7039
12.3616 2420.18 121.881 -14.1421 0.1 43.6981
12.3718 2421.43 121.736 -14.1314 0.1 43.7039
12.3821 2422.68 121.591 -14.1198 0.1 43.6981
12.3924 2423.93 121.446 -14.109 0.1 43.7039
12.4027 2425.18 121.301 -14.0975 0.1 43.6981
12.413 2426.43 121.155 -14.0868 0.1 43.7039
12.4233 2427.68 121.01 -14.0753 0.1 43.6981
12.4337 2428.93 120.865 -14.0646 0.1 43.7039
12.444 2430.18 120.719 -14.0531 0.1 43.6981
12.4544 2431.43 120.574 -14.0424 0.1 43.7039
12.4648 2432.68 120.428 -14.0309 0.1 43.6981
12.4751 2433.93 120.282 -14.0203 0.1 43.7039
12.4855 2435.18 120.137 -14.0088 0.1 43.6981
12.496 2436.43 119.991 -13.9982 0.1 43.7039
12.506 2437.63 119.851 -13.9876 0.1 43.7039
12.516 2438.83 119.711 -13.977 0.1 43.7039
12.526 2440.03 119.571 -13.9665 0.1 43.7039
12.5361 2441.23 119.43 -13.9559 0.1 43.7039
12.5461 2442.43 119.29 -13.9454 0.1 43.7039
12.5562 2443.63 119.15 -13.9349 0.1 43.7039
12.5663 2444.83 119.009 -13.9244 0.1 43.7039
12.5763 2446.03 118.869 -13.9139 0.1 43.7039
12.5864 2447.23 118.729 -13.9034 0.1 43.7039
12.5966 2448.43 118.588 -13.8929 0.1 43.7039
12.6067 2449.63 118.447 -13.8825 0.1 43.7039
12.6168 2450.83 118.307 -13.872 0.1 43.7039
12.627 2452.03 118.166 -13.8615 0.1 43.7039
12.6371 2453.23 118.025 -13.8511 0.1 43.704
12.6473 2454.43 117.884 -13.8407 0.1 43.704
12.6575 2455.63 117.743 -13.8303 0.1 43.704
12.6677 2456.83 117.602 -13.8199 0.1 43.704
12.6779 2458.03 117.461 -13.8095 0.1 43.704
12.6881 2459.23 117.32 -13.7991 0.1 43.704
12.6984 2460.43 117.179 -13.7887 0.1 43.704
12.7086 2461.63 117.038 -13.7784 0.1 43.704
12.7189 2462.83 116.897 -13.768 0.1 43.704
12.7291 2464.03 116.755 -13.7577 0.1 43.704
12.7394 2465.23 116.614 -13.7474 0.1 43.704
12.7497 2466.43 116.472 -13.7371 0.1 43.704
12.76 2467.63 116.331 -13.7268 0.1 43.704
12.7703 2468.83 116.189 -13.7165 0.1 43.704
12.7807 2470.03 116.047 -13.7062 0.1 43.704
12.791 2471.23 115.906 -13.6959 0.1 43.704
12.8014 2472.43 115.764 -13.6857 0.1 43.704
12.8118 2473.63 115.622 -13.6754 0.1 43.704
12.8221 2474.83 115.48 -13.6652 0.1 43.704
12.8325 2476.03 115.338 -13.6549 0.1 43.704
12.843 2477.23 115.196 -13.6447 0.1 43.704
12.8534 2478.43 115.054 -13.6345 0.1 43.704
12.8634 2479.58 114.917 -13.6244 0.1 43.6979
12.8734 2480.73 114.781 -13.615 0.1 43.704
12.8834 2481.88 114.644 -13.6049 0.1 43.6979
12.8935 2483.03 114.508 -13.5955 0.1 43.704
12.9035 2484.18 114.371 -13.5854 0.1 43.6979
12.9136 2485.33 114.235 -13.5761 0.1 43.704
12.9236 2486.48 114.098 -13.566 0.1 43.6979
12.9337 2487.63 113.961 -13.5566 0.1 43.7041
12.9438 2488.78 113.824 -13.5466 0.1 43.6979
12.9539 2489.93 113.687 -13.5373 0.1 43.7041
12.9641 2491.08 113.551 -13.5272 0.1 43.6979
12.9742 2492.23 113.413 -13.5179 0.1 43.7041
12.9843 2493.38 113.276 -13.5079 0.1 43.6979
12.9945 2494.53 113.139 -13.4986 0.1 43.7041
13.0047 2495.68 113.002 -13.4887 0.1 43.6979
13.0148 2496.83 112.865 -13.4794 0.1 43.7041
13.025 2497.98 112.727 -13.4694 0.1 43.6979
13.0352 2499.13 112.59 -13.4602 0.1 43.7041
13.0455 2500.28 112.452 -13.4502 0.1 43.6979
13.0557 2501.43 112.315 -13.441 0.1 43.7041
13.0659 2502.58 112.177 -13.4311 0.1 43.6979
13.0762 2503.73 112.039 -13.4218 0.1 43.7041
13.0865 2504.88 111.902 -13.4119 0.1 43.6979
13.0968 2506.03 111.764 -13.4027 0.1 43.7041
13.1071 2507.18 111.626 -13.3929 0.1 43.6979
13.1174 2508.33 111.488 -13.3837 0.1 43.7041
13.1277 2509.48 111.35 -13.3738 0.1 43.6978
13.138 2510.63 111.211 -13.3646 0.1 43.7041
13.1484 2511.78 111.073 -13.3548 0.1 43.6978
13.1587 2512.93 110.935 -13.3457 0.1 43.7041
13.1691 2514.08 110.797 -13.3358 0.1 43.6978
13.1795 2515.23 110.658 -13.3267 0.1 43.7041
13.1899 2516.38 110.52 -13.3169 0.1 43.6978
13.2003 2517.53 110.381 -13.3078 0.1 43.7042
13.2107 2518.68 110.242 -13.298 0.1 43.6978
13.2212 2519.83 110.103 -13.2889 0.1 43.7042
13.2316 2520.98 109.965 -13.2792 0.1 43.6978
13.2416 2522.08 109.832 -13.2702 0.1 43.6978
13.2516 2523.18 109.699 -13.2612 0.1 43.6978
13.2617 2524.28 109.566 -13.2522 0.1 43.6978
13.2717 2525.38 109.433 -13.2432 0.1 43.6978
13.2818 2526.48 109.3 -13.2342 0.1 43.6978
13.2919 2527.58 109.166 -13.2253 0.1 43.6978
13.3019 2528.68 109.033 -13.2163 0.1 43.6978
13.312 2529.78 108.9 -13.2074 0.1 43.6978
13.3221 2530.88 108.766 -13.1984 0.1 43.6978
13.3323 2531.98 108.633 -13.1895 0.1 43.6978
13.3424 2533.08 108.499 -13.1806 0.1 43.6978
13.3525 2534.18 108.365 -13.1717 0.1 43.6978
13.3627 2535.28 108.232 -13.1628 0.1 43.6978
13.3729 2536.38 108.098 -13.1539 0.1 43.6977
13.383 2537.48 107.964 -13.145 0.1 43.6977
13.3932 2538.58 107.83 -13.1361 0.1 43.6977
13.4035 2539.68 107.696 -13.1273 0.1 43.6977
13.4137 2540.78 107.562 -13.1184 0.1 43.6977
13.4239 2541.88 107.428 -13.1096 0.1 43.6977
13.4342 2542.98 107.293 -13.1007 0.1 43.6977
13.4444 2544.08 107.159 -13.0919 0.1 43.6977
13.4547 2545.18 107.025 -13.0831 0.1 43.6977
13.465 2546.28 106.89 -13.0743 0.1 43.6977
13.4753 2547.38 106.755 -13.0654 0.1 43.6977
13.4856 2548.48 106.621 -13.0566 0.1 43.6977
13.4959 2549.58 106.486 -13.0479 0.1 43.6977
13.5062 2550.68 106.351 -13.0391 0.1 43.6977
13.5166 2551.78 106.216 -13.0303 0.1 43.6977
13.5269 2552.88 106.081 -13.0215 0.1 43.6977
13.5373 2553.98 105.946 -13.0128 0.1 43.6977
13.5477 2555.08 105.811 -13.004 0.1 43.6977
13.5581 2556.18 105.676 -12.9953 0.1 43.6977
13.5685 2557.28 105.541 -12.9866 0.1 43.6977
13.579 2558.38 105.405 -12.9778 0.1 43.6977
13.5894 2559.48 105.27 -12.9691 0.1 43.6977
13.5999 2560.58 105.134 -12.9604 0.1 43.6977
13.6103 2561.68 104.998 -12.9517 0.1 43.6977
13.6203 2562.73 104.869 -12.9438 0.1 43.7043
13.6304 2563.78 104.739 -12.9351 0.1 43.6976
13.6404 2564.83 104.61 -12.9272 0.1 43.7043
13.6504 2565.88 104.48 -12.9186 0.1 43.6976
13.6605 2566.93 104.35 -12.9107 0.1 43.7043
13.6706 2567.98 104.22 -12.9021 0.1 43.6976
13.6806 2569.03 104.09 -12.8941 0.1 43.7043
13.6907 2570.08 103.96 -12.8856 0.1 43.6976
13.7008 2571.13 103.83 -12.8777 0.1 43.7044
13.711 2572.18 103.699 -12.8691 0.1 43.6976
13.7211 2573.23 103.569 -12.8612 0.1 43.7044
13.7312 2574.28 103.439 -12.8527 0.1 43.6976
13.7414 2575.33 103.308 -12.8448 0.1 43.7044
13.7516 2576.38 103.177 -12.8363 0.1 43.6976
13.7617 2577.43 103.047 -12.8284 0.1 43.7044
13.7719 2578.48 102.916 -12.8199 0.1 43.6976
13.7822 2579.53 102.785 -12.8121 0.1 43.7044
13.7924 2580.58 102.654 -12.8036 0.1 43.6976
13.8026 2581.63 102.523 -12.7957 0.1 43.7044
13.8129 2582.68 102.392 -12.7873 0.1 43.6976
13.8231 2583.73 102.261 -12.7795 0.1 43.7044
13.8334 2584.78 102.13 -12.771 0.1 43.6976
13.8437 2585.83 101.998 -12.7632 0.1 43.7044
13.854 2586.88 101.867 -12.7548 0.1 43.6976
13.8643 2587.93 101.735 -12.747 0.1 43.7044
13.8746 2588.98 101.604 -12.7385 0.1 43.6975
13.885 2590.03 101.472 -12.7308 0.1 43.7044
13.8953 2591.08 101.34 -12.7224 0.1 43.6975
13.9057 2592.13 101.208 -12.7146 0.1 43.7044
13.9161 2593.18 101.077 -12.7062 0.1 43.6975
13.9265 2594.23 100.945 -12.6984 0.1 43.7045
13.9369 2595.28 100.812 -12.6901 0.1 43.6975
13.9473 2596.33 100.68 -12.6823 0.1 43.7045
13.9577 2597.38 100.548 -12.674 0.1 43.6975
13.9682 2598.43 100.415 -12.6662 0.1 43.7045
13.9787 2599.48 100.283 -12.6579 0.1 43.6975
13.9891 2600.53 100.15 -12.6502 0.1 43.7045
13.9996 2601.58 100.018 -12.6419 0.1 43.6975
14.0096 2602.58 99.8912 -12.6342 0.1 43.6975
14.0196 2603.58 99.7647 -12.6266 0.1 43.6975
14.0297 2604.58 99.6381 -12.619 0.1 43.6975
14.0397 2605.58 99.5114 -12.6114 0.1 43.6975
14.0498 2606.58 99.3846 -12.6038 0.1 43.6975
14.0598 2607.58 99.2578 -12.5962 0.1 43.6975
14.0699 2608.58 99.1308 -12.5886 0.1 43.6975
14.08 2609.58 99.0038 -12.581 0.1 43.6975
14.0901 2610.58 98.8767 -12.5734 0.1 43.6974
14.1002 2611.58 98.7495 -12.5659 0.1 43.6974
14.1104 2612.58 98.6222 -12.5583 0.1 43.6974
14.1205 2613.58 98.4948 -12.5508 0.1 43.6974
14.1307 2614.58 98.3673 -12.5432 0.1 43.6974
14.1409 2615.58 98.2397 -12.5357 0.1 43.6974
14.151 2616.58 98.1121 -12.5281 0.1 43.6974
14.1612 2617.58 97.9843 -12.5206 0.1 43.6974
14.1715 2618.58 97.8565 -12.5131 0.1 43.6974
14.1817 2619.58 97.7286 -12.5056 0.1 43.6974
14.1919 2620.58 97.6006 -12.4981 0.1 43.6974
14.2022 2621.58 97.4725 -12.4905 0.1 43.6974
14.2124 2622.58 97.3443 -12.4831 0.1 43.6974
14.2227 2623.58 97.216 -12.4756 0.1 43.6974
14.233 2624.58 97.0876 -12.4681 0.1 43.6974
14.2433 2625.58 96.9592 -12.4606 0.1 43.6974
14.2536 2626.58 96.8306 -12.4531 0.1 43.6974
14.264 2627.58 96.7019 -12.4457 0.1 43.6974
14.2743 2628.58 96.5732 -12.4382 0.1 43.6974
14.2847 2629.58 96.4443 -12.4308 0.1 43.6974
14.2951 2630.58 96.3154 -12.4233 0.1 43.6974
14.3055 2631.58 96.1864 -12.4159 0.1 43.6973
14.3159 2632.58 96.0572 -12.4085 0.1 43.6973
14.3263 2633.58 95.928 -12.401 0.1 43.6973
14.3367 2634.58 95.7987 -12.3936 0.1 43.6973
14.3472 2635.58 95.6692 -12.3862 0.1 43.6973
14.3576 2636.58 95.5397 -12.3788 0.1 43.6973
14.3681 2637.58 95.4101 -12.3714 0.1 43.6973
14.3786 2638.58 95.2804 -12.364 0.1 43.6973
14.3891 2639.58 95.1506 -12.3566 0.1 43.6973
14.3996 2640.58 95.0206 -12.3492 0.1 43.6973
14.4096 2641.53 94.8971 -12.3425 0.1 43.7047
14.4196 2642.48 94.7735 -12.3352 0.1 43.6973
14.4296 2643.43 94.6498 -12.3285 0.1 43.7047
14.4397 2644.38 94.526 -12.3213 0.1 43.6973
14.4497 2645.33 94.4022 -12.3146 0.1 43.7047
14.4598 2646.28 94.2782 -12.3073 0.1 43.6973
14.4699 2647.23 94.1541 -12.3006 0.1 43.7047
14.48 2648.18 94.03 -12.2934 0.1 43.6973
14.4901 2649.13 93.9057 -12.2867 0.1 43.7047
14.5002 2650.08 93.7814 -12.2795 0.1 43.6973
14.5104 2651.03 93.6569 -12.2728 0.1 43.7047
14.5205 2651.98 93.5324 -12.2656 0.1 43.6972
14.5307 2652.93 93.4077 -12.2589 0.1 43.7047
14.5409 2653.88 93.283 -12.2517 0.1 43.6972
14.5511 2654.83 93.1582 -12.2451 0.1 43.7047
14.5613 2655.78 93.0333 -12.2379 0.1 43.6972
14.5715 2656.73 92.9083 -12.2312 0.1 43.7048
14.5817 2657.68 92.7831 -12.224 0.1 43.6972
14.592 2658.63 92.6579 -12.2174 0.1 43.7048
14.6022 2659.58 92.5326 -12.2103 0.1 43.6972
14.6125 2660.53 92.4072 -12.2036 0.1 43.7048
14.6228 2661.48 92.2817 -12.1965 0.1 43.6972
14.6331 2662.43 92.1561 -12.1899 0.1 43.7048
14.6434 2663.38 92.0304 -12.1827 0.1 43.6972
14.6537 2664.33 91.9046 -12.1761 0.1 43.7048
14.6641 2665.28 91.7786 -12.169 0.1 43.6972
14.6744 2666.23 91.6526 -12.1624 0.1 43.7048
14.6848 2667.18 91.5265 -12.1553 0.1 43.6972
14.6952 2668.13 91.4003 -12.1487 0.1 43.7048
14.7056 2669.08 91.274 -12.1416 0.1 43.6972
14.716 2670.03 91.1475 -12.1351 0.1 43.7048
14.7264 2670.98 91.021 -12.128 0.1 43.6971
14.7369 2671.93 90.8944 -12.1214 0.1 43.7048
14.7473 2672.88 90.7676 -12.1143 0.1 43.6971
14.7578 2673.83 90.6408 -12.1078 0.1 43.7048
14.7683 2674.78 90.5138 -12.1007 0.1 43.6971
14.7788 2675.73 90.3867 -12.0942 0.1 43.7049
14.7893 2676.68 90.2596 -12.0871 0.1 43.6971
14.7999 2677.63 90.1323 -12.0806 0.1 43.7049
14.8104 2678.58 90.0049 -12.0736 0.1 43.6971
14.8204 2679.48 89.8841 -12.0671 0.1 43.6971
14.8304 2680.38 89.7632 -12.0607 0.1 43.6971
14.8405 2681.28 89.6423 -12.0543 0.1 43.6971
14.8505 2682.18 89.5212 -12.0479 0.1 43.6971
14.8606 2683.08 89.4 -12.0415 0.1 43.6971
14.8706 2683.98 89.2787 -12.0351 0.1 43.6971
14.8807 2684.88 89.1574 -12.0287 0.1 43.6971
14.8908 2685.78 89.0359 -12.0223 0.1 43.6971
14.901 2686.68 88.9143 -12.016 0.1 43.697
14.9111 2687.58 88.7926 -12.0096 0.1 43.697
14.9212 2688.48 88.6708 -12.0032 0.1 43.697
14.9314 2689.38 88.5489 -11.9969 0.1 43.697
14.9416 2690.28 88.427 -11.9905 0.1 43.697
14.9517 2691.18 88.3049 -11.9841 0.1 43.697
14.9619 2692.08 88.1827 -11.9778 0.1 43.697
14.9722 2692.98 88.0604 -11.9715 0.1 43.697
14.9824 2693.88 87.938 -11.9651 0.1 43.697
14.9926 2694.78 87.8154 -11.9588 0.1 43.697
15.0029 2695.68 87.6928 -11.9525 0.1 43.697
15.0132 2696.58 87.5701 -11.9461 0.1 43.697
15.0234 2697.48 87.4473 -11.9398 0.1 43.697
15.0337 2698.38 87.3243 -11.9335 0.1 43.697
15.044 2699.28 87.2013 -11.9272 0.1 43.697
15.0544 2700.18 87.0781 -11.9209 0.1 43.697
15.0647 2701.08 86.9548 -11.9146 0.1 43.697
15.0751 2701.98 86.8315 -11.9083 0.1 43.697
15.0855 2702.88 86.708 -11.902 0.1 43.6969
15.0958 2703.78 86.5844 -11.8957 0.1 43.6969
15.1062 2704.68 86.4607 -11.8894 0.1 43.6969
15.1167 2705.58 86.3368 -11.8832 0.1 43.6969
15.1271 2706.48 86.2129 -11.8769 0.1 43.6969
15.1375 2707.38 86.0889 -11.8706 0.1 43.6969
15.148 2708.28 85.9647 -11.8644 0.1 43.6969
15.1585 2709.18 85.8404 -11.8581 0.1 43.6969
15.169 2710.08 85.716 -11.8519 0.1 43.6969
15.1795 2710.98 85.5915 -11.8456 0.1 43.6969
15.19 2711.88 85.4669 -11.8394 0.1 43.6969
15.2005 2712.78 85.3422 -11.8331 0.1 43.6969
15.2111 2713.68 85.2173 -11.8269 0.1 43.6969
15.2217 2714.58 85.0924 -11.8207 0.1 43.6969
15.2322 2715.48 84.9673 -11.8145 0.1 43.6969
15.2423 2716.33 84.849 -11.8088 0.1 43.7051
15.2523 2717.18 84.7307 -11.8027 0.1 43.6969
15.2623 2718.03 84.6122 -11.7971 0.1 43.7051
15.2724 2718.88 84.4936 -11.791 0.1 43.6968
15.2824 2719.73 84.375 -11.7854 0.1 43.7051
15.2925 2720.58 84.2562 -11.7793 0.1 43.6968
15.3026 2721.43 84.1373 -11.7737 0.1 43.7051
15.3127 2722.28 84.0183 -11.7676 0.1 43.6968
15.3229 2723.13 83.8992 -11.762 0.1 43.7052
15.333 2723.98 83.78 -11.756 0.1 43.6968
15.3431 2724.83 83.6606 -11.7504 0.1 43.7052
15.3533 2725.68 83.5412 -11.7443 0.1 43.6968
15.3635 2726.53 83.4216 -11.7387 0.1 43.7052
15.3737 2727.38 83.302 -11.7327 0.1 43.6968
15.3839 2728.23 83.1822 -11.7271 0.1 43.7052
15.3941 2729.08 83.0623 -11.7211 0.1 43.6968
15.4044 2729.93 82.9423 -11.7155 0.1 43.7052
15.4146 2730.78 82.8222 -11.7095 0.1 43.6968
15.4249 2731.63 82.7019 -11.7039 0.1 43.7052
15.4352 2732.48 82.5816 -11.6979 0.1 43.6967
15.4455 2733.33 82.4611 -11.6923 0.1 43.7052
15.4558 2734.18 82.3405 -11.6863 0.1 43.6967
15.4661 2735.03 82.2198 -11.6808 0.1 43.7052
15.4765 2735.88 82.099 -11.6748 0.1 43.6967
15.4868 2736.73 81.9781 -11.6692 0.1 43.7053
15.4972 2737.58 81.857 -11.6632 0.1 43.6967
15.5076 2738.43 81.7358 -11.6577 0.1 43.7053
15.518 2739.28 81.6145 -11.6517 0.1 43.6967
15.5284 2740.13 81.4931 -11.6462 0.1 43.7053
15.5389 2740.98 81.3716 -11.6402 0.1 43.6967
15.5493 2741.83 81.2499 -11.6347 0.1 43.7053
15.5598 2742.68 81.1281 -11.6288 0.1 43.6967
15.5703 2743.53 81.0062 -11.6233 0.1 43.7053
15.5808 2744.38 80.8842 -11.6173 0.1 43.6967
15.5913 2745.23 80.7621 -11.6118 0.1 43.7053
15.6018 2746.08 80.6398 -11.6059 0.1 43.6966
15.6124 2746.93 80.5174 -11.6004 0.1 43.7053
15.623 2747.78 80.3949 -11.5944 0.1 43.6966
15.6335 2748.63 80.2722 -11.589 0.1 43.7053
15.6441 2749.48 80.1494 -11.583 0.1 43.6966
15.6547 2750.33 80.0265 -11.5776 0.1 43.7054
15.6648 2751.13 79.9107 -11.5722 0.1 43.7054
15.6748 2751.93 79.7948 -11.5668 0.1 43.7054
15.6848 2752.73 79.6788 -11.5615 0.1 43.7054
15.6949 2753.53 79.5626 -11.5561 0.1 43.7054
15.7049 2754.33 79.4464 -11.5508 0.1 43.7054
15.715 2755.13 79.33 -11.5454 0.1 43.7054
15.7251 2755.93 79.2135 -11.5401 0.1 43.7054
15.7352 2756.73 79.0969 -11.5348 0.1 43.7054
15.7453 2757.53 78.9802 -11.5294 0.1 43.7054
15.7555 2758.33 78.8633 -11.5241 0.1 43.7054
15.7656 2759.13 78.7464 -11.5188 0.1 43.7054
15.7758 2759.93 78.6293 -11.5135 0.1 43.7054
15.786 2760.73 78.5121 -11.5082 0.1 43.7054
15.7962 2761.53 78.3948 -11.5029 0.1 43.7055
15.8064 2762.33 78.2773 -11.4975 0.1 43.7055
15.8166 2763.13 78.1597 -11.4922 0.1 43.7055
15.8268 2763.93 78.042 -11.4869 0.1 43.7055
15.8371 2764.73 77.9242 -11.4816 0.1 43.7055
15.8474 2765.53 77.8063 -11.4764 0.1 43.7055
15.8577 2766.33 77.6882 -11.4711 0.1 43.7055
15.868 2767.13 77.57 -11.4658 0.1 43.7055
15.8783 2767.93 77.4517 -11.4605 0.1 43.7055
15.8886 2768.73 77.3333 -11.4552 0.1 43.7055
15.899 2769.53 77.2147 -11.4499 0.1 43.7055
15.9093 2770.33 77.096 -11.4447 0.1 43.7055
15.9197 2771.13 76.9772 -11.4394 0.1 43.7055
15.9301 2771.93 76.8582 -11.4341 0.1 43.7055
15.9406 2772.73 76.7392 -11.4289 0.1 43.7055
15.951 2773.53 76.6199 -11.4236 0.1 43.7056
15.9614 2774.33 76.5006 -11.4184 0.1 43.7056
15.9719 2775.13 76.3811 -11.4131 0.1 43.7056
15.9824 2775.93 76.2615 -11.4079 0.1 43.7056
15.9929 2776.73 76.1418 -11.4026 0.1 43.7056
16.0034 2777.53 76.0219 -11.3974 0.1 43.7056
16.0139 2778.33 75.9019 -11.3922 0.1 43.7056
16.0245 2779.13 75.7817 -11.3869 0.1 43.7056
16.035 2779.93 75.6615 -11.3817 0.1 43.7056
16.0456 2780.73 75.5411 -11.3765 0.1 43.7056
16.0562 2781.53 75.4205 -11.3713 0.1 43.7056
16.0668 2782.33 75.2998 -11.366 0.1 43.7056
16.0775 2783.13 75.179 -11.3608 0.1 43.7056
16.0881 2783.93 75.058 -11.3556 0.1 43.7056
16.0981 2784.68 74.9445 -11.3505 0.1 43.6963
16.1081 2785.43 74.8308 -11.3459 0.1 43.7057
16.1182 2786.18 74.7171 -11.3408 0.1 43.6963
16.1282 2786.93 74.6031 -11.3361 0.1 43.7057
16.1383 2787.68 74.4891 -11.331 0.1 43.6963
16.1484 2788.43 74.375 -11.3264 0.1 43.7057
16.1584 2789.18 74.2607 -11.3213 0.1 43.6963
16.1686 2789.93 74.1463 -11.3167 0.1 43.7057
16.1787 2790.68 74.0317 -11.3116 0.1 43.6963
16.1888 2791.43 73.9171 -11.307 0.1 43.7057
16.199 2792.18 73.8023 -11.3019 0.1 43.6962
16.2091 2792.93 73.6873 -11.2973 0.1 43.7057
16.2193 2793.68 73.5723 -11.2922 0.1 43.6962
16.2295 2794.43 73.4571 -11.2876 0.1 43.7058
16.2398 2795.18 73.3418 -11.2825 0.1 43.6962
16.25 2795.93 73.2263 -11.2779 0.1 43.7058
16.2602 2796.68 73.1108 -11.2729 0.1 43.6962
16.2705 2797.43 72.9951 -11.2683 0.1 43.7058
16.2808 2798.18 72.8792 -11.2632 0.1 43.6962
16.2911 2798.93 72.7632 -11.2586 0.1 43.7058
16.3014 2799.68 72.6471 -11.2536 0.1 43.6962
16.3117 2800.43 72.5308 -11.249 0.1 43.7058
16.3221 2801.18 72.4145 -11.244 0.1 43.6962
16.3325 2801.93 72.2979 -11.2394 0.1 43.7058
16.3428 2802.68 72.1813 -11.2344 0.1 43.6961
16.3532 2803.43 72.0645 -11.2298 0.1 43.7058
16.3637 2804.18 71.9475 -11.2248 0.1 43.6961
16.3741 2804.93 71.8304 -11.2202 0.1 43.7059
16.3845 2805.68 71.7132 -11.2152 0.1 43.6961
16.395 2806.43 71.5958 -11.2106 0.1 43.7059
16.4055 2807.18 71.4783 -11.2056 0.1 43.6961
16.416 2807.93 71.3607 -11.201 0.1 43.7059
16.4265 2808.68 71.2429 -11.196 0.1 43.6961
16.437 2809.43 71.1249 -11.1915 0.1 43.7059
16.4476 2810.18 71.0068 -11.1865 0.1 43.6961
16.4582 2810.93 70.8886 -11.1819 0.1 43.7059
16.4688 2811.68 70.7702 -11.177 0.1 43.696
16.4794 2812.43 70.6517 -11.1724 0.1 43.7059
16.49 2813.18 70.533 -11.1674 0.1 43.696
16.5006 2813.93 70.4142 -11.1629 0.1 43.706
16.5113 2814.68 70.2952 -11.1579 0.1 43.696
16.522 2815.43 70.1761 -11.1534 0.1 43.706
16.5327 2816.18 70.0568 -11.1484 0.1 43.696
16.5427 2816.88 69.9453 -11.144 0.1 43.696
16.5527 2817.58 69.8337 -11.1396 0.1 43.696
16.5627 2818.28 69.722 -11.1352 0.1 43.696
16.5728 2818.98 69.6101 -11.1307 0.1 43.696
16.5828 2819.68 69.4981 -11.1263 0.1 43.6959
16.5929 2820.38 69.386 -11.1219 0.1 43.6959
16.603 2821.08 69.2737 -11.1175 0.1 43.6959
16.6131 2821.78 69.1613 -11.1131 0.1 43.6959
16.6233 2822.48 69.0487 -11.1087 0.1 43.6959
16.6334 2823.18 68.936 -11.1043 0.1 43.6959
16.6436 2823.88 68.8232 -11.0999 0.1 43.6959
16.6537 2824.58 68.7102 -11.0955 0.1 43.6959
16.6639 2825.28 68.5971 -11.0911 0.1 43.6959
16.6742 2825.98 68.4839 -11.0867 0.1 43.6959
16.6844 2826.68 68.3705 -11.0823 0.1 43.6959
16.6946 2827.38 68.2569 -11.0779 0.1 43.6959
16.7049 2828.08 68.1432 -11.0735 0.1 43.6958
16.7152 2828.78 68.0294 -11.0691 0.1 43.6958
16.7255 2829.48 67.9154 -11.0648 0.1 43.6958
16.7358 2830.18 67.8013 -11.0604 0.1 43.6958
16.7461 2830.88 67.687 -11.056 0.1 43.6958
16.7565 2831.58 67.5726 -11.0516 0.1 43.6958
16.7669 2832.28 67.458 -11.0473 0.1 43.6958
16.7772 2832.98 67.3433 -11.0429 0.1 43.6958
16.7876 2833.68 67.2285 -11.0385 0.1 43.6958
16.7981 2834.38 67.1134 -11.0342 0.1 43.6958
16.8085 2835.08 66.9983 -11.0298 0.1 43.6958
16.819 2835.78 66.883 -11.0255 0.1 43.6958
16.8294 2836.48 66.7675 -11.0211 0.1 43.6957
16.8399 2837.18 66.6518 -11.0168 0.1 43.6957
16.8504 2837.88 66.5361 -11.0124 0.1 43.6957
16.861 2838.58 66.4201 -11.0081 0.1 43.6957
16.8715 2839.28 66.304 -11.0037 0.1 43.6957
16.8821 2839.98 66.1878 -10.9994 0.1 43.6957
16.8927 2840.68 66.0713 -10.995 0.1 43.6957
16.9033 2841.38 65.9548 -10.9907 0.1 43.6957
16.9139 2842.08 65.838 -10.9864 0.1 43.6957
16.9245 2842.78 65.7211 -10.982 0.1 43.6957
16.9352 2843.48 65.6041 -10.9777 0.1 43.6957
16.9459 2844.18 65.4869 -10.9734 0.1 43.6956
16.9566 2844.88 65.3695 -10.9691 0.1 43.6956
16.9673 2845.58 65.2519 -10.9647 0.1 43.6956
16.978 2846.28 65.1342 -10.9604 0.1 43.6956
16.9888 2846.98 65.0163 -10.9561 0.1 43.6956
16.9988 2847.63 64.9067 -10.9523 0.1 43.7064
17.0088 2848.28 64.797 -10.9481 0.1 43.6956
17.0189 2848.93 64.687 -10.9443 0.1 43.7064
17.0289 2849.58 64.577 -10.9401 0.1 43.6956
17.039 2850.23 64.4668 -10.9363 0.1 43.7064
17.0491 2850.88 64.3565 -10.9321 0.1 43.6955
17.0592 2851.53 64.246 -10.9283 0.1 43.7064
17.0693 2852.18 64.1353 -10.9242 0.1 43.6955
17.0795 2852.83 64.0245 -10.9204 0.1 43.7065
17.0896 2853.48 63.9136 -10.9162 0.1 43.6955
17.0998 2854.13 63.8025 -10.9124 0.1 43.7065
17.11 2854.78 63.6912 -10.9082 0.1 43.6955
17.1202 2855.43 63.5798 -10.9044 0.1 43.7065
17.1305 2856.08 63.4682 -10.9003 0.1 43.6955
17.1407 2856.73 63.3565 -10.8965 0.1 43.7065
17.151 2857.38 63.2446 -10.8923 0.1 43.6955
17.1613 2858.03 63.1326 -10.8886 0.1 43.7065
17.1716 2858.68 63.0204 -10.8844 0.1 43.6954
17.1819 2859.33 62.9081 -10.8806 0.1 43.7065
17.1922 2859.98 62.7956 -10.8765 0.1 43.6954
17.2026 2860.63 62.6829 -10.8727 0.1 43.7066
17.213 2861.28 62.5701 -10.8686 0.1 43.6954
17.2234 2861.93 62.4571 -10.8648 0.1 43.7066
17.2338 2862.58 62.3439 -10.8607 0.1 43.6954
17.2442 2863.23 62.2306 -10.8569 0.1 43.7066
17.2547 2863.88 62.1171 -10.8528 0.1 43.6954
17.2652 2864.53 62.0034 -10.849 0.1 43.7066
17.2757 2865.18 61.8896 -10.8449 0.1 43.6953
17.2862 2865.83 61.7756 -10.8411 0.1 43.7067
17.2967 2866.48 61.6615 -10.837 0.1 43.6953
17.3073 2867.13 61.5471 -10.8332 0.1 43.7067
17.3178 2867.78 61.4326 -10.8291 0.1 43.6953
17.3284 2868.43 61.318 -10.8254 0.1 43.7067
17.339 2869.08 61.2031 -10.8213 0.1 43.6953
17.3497 2869.73 61.0881 -10.8175 0.1 43.7067
17.3603 2870.38 60.9729 -10.8134 0.1 43.6952
17.371 2871.03 60.8575 -10.8097 0.1 43.7067
17.3817 2871.68 60.742 -10.8056 0.1 43.6952
17.3924 2872.33 60.6263 -10.8018 0.1 43.7068
17.4031 2872.98 60.5103 -10.7977 0.1 43.6952
17.4139 2873.63 60.3943 -10.794 0.1 43.7068
17.4246 2874.28 60.278 -10.7899 0.1 43.6952
17.4354 2874.93 60.1615 -10.7862 0.1 43.7068
17.4463 2875.58 60.0449 -10.7821 0.1 43.6952
17.4563 2876.18 59.9371 -10.7785 0.1 43.6951
17.4663 2876.78 59.8291 -10.7749 0.1 43.6951
17.4763 2877.38 59.7209 -10.7713 0.1 43.6951
17.4864 2877.98 59.6126 -10.7677 0.1 43.6951
17.4964 2878.58 59.5042 -10.7641 0.1 43.6951
17.5065 2879.18 59.3956 -10.7605 0.1 43.6951
17.5167 2879.78 59.2868 -10.7569 0.1 43.6951
17.5268 2880.38 59.1778 -10.7533 0.1 43.6951
17.5369 2880.98 59.0687 -10.7497 0.1 43.6951
17.5471 2881.58 58.9594 -10.7461 0.1 43.695
17.5573 2882.18 58.85 -10.7425 0.1 43.695
17.5675 2882.78 58.7403 -10.739 0.1 43.695
17.5777 2883.38 58.6306 -10.7354 0.1 43.695
17.588 2883.98 58.5206 -10.7318 0.1 43.695
17.5982 2884.58 58.4105 -10.7282 0.1 43.695
17.6085 2885.18 58.3002 -10.7246 0.1 43.695
17.6188 2885.78 58.1897 -10.7211 0.1 43.695
17.6291 2886.38 58.0791 -10.7175 0.1 43.695
17.6395 2886.98 57.9683 -10.7139 0.1 43.6949
17.6498 2887.58 57.8573 -10.7104 0.1 43.6949
17.6602 2888.18 57.7461 -10.7068 0.1 43.6949
17.6706 2888.78 57.6348 -10.7032 0.1 43.6949
17.681 2889.38 57.5232 -10.6997 0.1 43.6949
17.6915 2889.98 57.4115 -10.6961 0.1 43.6949
17.7019 2890.58 57.2997 -10.6925 0.1 43.6949
17.7124 2891.18 57.1876 -10.689 0.1 43.6949
17.7229 2891.78 57.0753 -10.6854 0.1 43.6949
17.7335 2892.38 56.9629 -10.6819 0.1 43.6948
17.744 2892.98 56.8503 -10.6783 0.1 43.6948
17.7546 2893.58 56.7375 -10.6748 0.1 43.6948
17.7651 2894.18 56.6245 -10.6712 0.1 43.6948
17.7758 2894.78 56.5113 -10.6677 0.1 43.6948
17.7864 2895.38 56.398 -10.6641 0.1 43.6948
17.797 2895.98 56.2844 -10.6606 0.1 43.6948
17.8077 2896.58 56.1707 -10.657 0.1 43.6948
17.8184 2897.18 56.0567 -10.6535 0.1 43.6947
17.8291 2897.78 55.9426 -10.65 0.1 43.6947
17.8399 2898.38 55.8283 -10.6464 0.1 43.6947
17.8506 2898.98 55.7137 -10.6429 0.1 43.6947
17.8614 2899.58 55.599 -10.6394 0.1 43.6947
17.8722 2900.18 55.4841 -10.6358 0.1 43.6947
17.883 2900.78 55.369 -10.6323 0.1 43.6947
17.8939 2901.38 55.2536 -10.6288 0.1 43.6947
17.9047 2901.98 55.1381 -10.6252 0.1 43.6946
17.9156 2902.58 55.0224 -10.6217 0.1 43.6946
17.9256 2903.13 54.9161 -10.6187 0.1 43.7074
17.9357 2903.68 54.8097 -10.6153 0.1 43.6946
17.9457 2904.23 54.703 -10.6122 0.1 43.7074
17.9558 2904.78 54.5962 -10.6088 0.1 43.6946
17.9659 2905.33 54.4893 -10.6058 0.1 43.7074
17.976 2905.88 54.3821 -10.6024 0.1 43.6946
17.9861 2906.43 54.2748 -10.5993 0.1 43.7074
17.9962 2906.98 54.1673 -10.5959 0.1 43.6945
18.0064 2907.53 54.0596 -10.5929 0.1 43.7075
18.0166 2908.08 53.9517 -10.5895 0.1 43.6945
18.0268 2908.63 53.8437 -10.5865 0.1 43.7075
18.037 2909.18 53.7354 -10.5831 0.1 43.6945
18.0473 2909.73 53.627 -10.58 0.1 43.7075
18.0575 2910.28 53.5184 -10.5767 0.1 43.6944
18.0678 2910.83 53.4096 -10.5736 0.1 43.7075
18.0781 2911.38 53.3006 -10.5703 0.1 43.6944
18.0885 2911.93 53.1914 -10.5672 0.1 43.7076
18.0988 2912.48 53.0821 -10.5638 0.1 43.6944
18.1092 2913.03 52.9725 -10.5608 0.1 43.7076
18.1196 2913.58 52.8628 -10.5574 0.1 43.6944
18.13 2914.13 52.7528 -10.5544 0.1 43.7076
18.1404 2914.68 52.6427 -10.5511 0.1 43.6943
18.1509 2915.23 52.5323 -10.548 0.1 43.7076
18.1614 2915.78 52.4218 -10.5447 0.1 43.6943
18.1719 2916.33 52.311 -10.5416 0.1 43.7077
18.1824 2916.88 52.2001 -10.5383 0.1 43.6943
18.193 2917.43 52.0889 -10.5352 0.1 43.7077
18.2035 2917.98 51.9776 -10.5319 0.1 43.6943
18.2141 2918.53 51.866 -10.5289 0.1 43.7077
18.2247 2919.08 51.7543 -10.5255 0.1 43.6942
18.2354 2919.63 51.6423 -10.5225 0.1 43.7078
18.246 2920.18 51.5301 -10.5192 0.1 43.6942
18.2567 2920.73 51.4177 -10.5161 0.1 43.7078
18.2674 2921.28 51.3051 -10.5128 0.1 43.6942
18.2782 2921.83 51.1923 -10.5098 0.1 43.7078
18.2889 2922.38 51.0793 -10.5065 0.1 43.6941
18.2997 2922.93 50.966 -10.5034 0.1 43.7079
18.3105 2923.48 50.8526 -10.5001 0.1 43.6941
18.3213 2924.03 50.7389 -10.4971 0.1 43.7079
18.3322 2924.58 50.625 -10.4938 0.1 43.6941
18.3431 2925.13 50.5108 -10.4908 0.1 43.7079
18.354 2925.68 50.3965 -10.4874 0.1 43.694
18.3649 2926.23 50.2819 -10.4844 0.1 43.7079
18.3758 2926.78 50.1671 -10.4811 0.1 43.694
18.3868 2927.33 50.0521 -10.4781 0.1 43.708
18.3968 2927.83 49.9473 -10.4752 0.1 43.708
18.4068 2928.33 49.8423 -10.4724 0.1 43.708
18.4169 2928.83 49.7372 -10.4695 0.1 43.708
18.427 2929.33 49.6318 -10.4666 0.1 43.708
18.437 2929.83 49.5263 -10.4637 0.1 43.7081
18.4472 2930.33 49.4205 -10.4609 0.1 43.7081
18.4573 2930.83 49.3146 -10.458 0.1 43.7081
18.4674 2931.33 49.2084 -10.4551 0.1 43.7081
18.4776 2931.83 49.1021 -10.4523 0.1 43.7081
18.4878 2932.33 48.9955 -10.4494 0.1 43.7081
18.498 2932.83 48.8888 -10.4466 0.1 43.7081
18.5083 2933.33 48.7818 -10.4437 0.1 43.7082
18.5185 2933.83 48.6747 -10.4408 0.1 43.7082
18.5288 2934.33 48.5673 -10.438 0.1 43.7082
18.5391 2934.83 48.4598 -10.4351 0.1 43.7082
18.5494 2935.33 48.352 -10.4323 0.1 43.7082
18.5598 2935.83 48.244 -10.4294 0.1 43.7082
18.5702 2936.33 48.1358 -10.4266 0.1 43.7083
18.5806 2936.83 48.0273 -10.4237 0.1 43.7083
18.591 2937.33 47.9187 -10.4209 0.1 43.7083
18.6014 2937.83 47.8099 -10.418 0.1 43.7083
18.6119 2938.33 47.7008 -10.4152 0.1 43.7083
18.6224 2938.83 47.5915 -10.4123 0.1 43.7083
18.6329 2939.33 47.482 -10.4095 0.1 43.7084
18.6435 2939.83 47.3722 -10.4066 0.1 43.7084
18.654 2940.33 47.2623 -10.4038 0.1 43.7084
18.6646 2940.83 47.1521 -10.4009 0.1 43.7084
18.6753 2941.33 47.0417 -10.3981 0.1 43.7084
18.6859 2941.83 46.931 -10.3953 0.1 43.7084
18.6966 2942.33 46.8202 -10.3924 0.1 43.7085
18.7073 2942.83 46.709 -10.3896 0.1 43.7085
18.718 2943.33 46.5977 -10.3867 0.1 43.7085
18.7287 2943.83 46.4861 -10.3839 0.1 43.7085
18.7395 2944.33 46.3743 -10.3811 0.1 43.7085
18.7503 2944.83 46.2622 -10.3782 0.1 43.7086
18.7611 2945.33 46.1499 -10.3754 0.1 43.7086
18.772 2945.83 46.0374 -10.3726 0.1 43.7086
18.7828 2946.33 45.9246 -10.3698 0.1 43.7086
18.7937 2946.83 45.8116 -10.3669 0.1 43.7086
18.8047 2947.33 45.6983 -10.3641 0.1 43.7086
18.8156 2947.83 45.5848 -10.3613 0.1 43.7087
18.8266 2948.33 45.471 -10.3585 0.1 43.7087
18.8376 2948.83 45.3569 -10.3556 0.1 43.7087
18.8487 2949.33 45.2426 -10.3528 0.1 43.7087
18.8597 2949.83 45.1281 -10.35 0.1 43.7087
18.8708 2950.33 45.0133 -10.3472 0.1 43.7088
18.8808 2950.78 44.9097 -10.3445 0.1 43.6932
18.8909 2951.23 44.8059 -10.3421 0.1 43.7088
18.9009 2951.68 44.7019 -10.3394 0.1 43.6932
18.911 2952.13 44.5977 -10.337 0.1 43.7088
18.9211 2952.58 44.4933 -10.3344 0.1 43.6931
18.9312 2953.03 44.3887 -10.332 0.1 43.7089
18.9414 2953.48 44.2838 -10.3293 0.1 43.6931
18.9515 2953.93 44.1787 -10.3269 0.1 43.7089
18.9617 2954.38 44.0734 -10.3242 0.1 43.693
18.972 2954.83 43.9679 -10.3218 0.1 43.7089
18.9822 2955.28 43.8621 -10.3192 0.1 43.693
18.9925 2955.73 43.7561 -10.3168 0.1 43.709
19.0028 2956.18 43.6499 -10.3141 0.1 43.693
19.0131 2956.63 43.5434 -10.3117 0.1 43.709
19.0235 2957.08 43.4367 -10.3091 0.1 43.6929
19.0338 2957.53 43.3298 -10.3067 0.1 43.7091
19.0442 2957.98 43.2226 -10.3041 0.1 43.6929
19.0547 2958.43 43.1152 -10.3017 0.1 43.7091
19.0651 2958.88 43.0075 -10.299 0.1 43.6928
19.0756 2959.33 42.8996 -10.2966 0.1 43.7091
19.0861 2959.78 42.7915 -10.294 0.1 43.6928
19.0966 2960.23 42.6831 -10.2916 0.1 43.7092
19.1072 2960.68 42.5745 -10.2889 0.1 43.6928
19.1178 2961.13 42.4656 -10.2866 0.1 43.7092
19.1284 2961.58 42.3564 -10.2839 0.1 43.6927
19.139 2962.03 42.247 -10.2815 0.1 43.7093
19.1497 2962.48 42.1374 -10.2789 0.1 43.6927
19.1604 2962.93 42.0274 -10.2765 0.1 43.7093
19.1711 2963.38 41.9173 -10.2739 0.1 43.6926
19.1819 2963.83 41.8068 -10.2715 0.1 43.7094
19.1926 2964.28 41.6961 -10.2689 0.1 43.6926
19.2034 2964.73 41.5851 -10.2665 0.1 43.7094
19.2143 2965.18 41.4739 -10.2638 0.1 43.6925
19.2251 2965.63 41.3624 -10.2615 0.1 43.7094
19.236 2966.08 41.2506 -10.2588 0.1 43.6925
19.247 2966.53 41.1385 -10.2564 0.1 43.7095
19.2579 2966.98 41.0262 -10.2538 0.1 43.6925
19.2689 2967.43 40.9135 -10.2514 0.1 43.7095
19.2799 2967.88 40.8006 -10.2488 0.1 43.6924
19.291 2968.33 40.6874 -10.2464 0.1 43.7096
19.3021 2968.78 40.574 -10.2438 0.1 43.6924
19.3132 2969.23 40.4602 -10.2414 0.1 43.7096
19.3243 2969.68 40.3461 -10.2388 0.1 43.6923
19.3355 2970.13 40.2317 -10.2364 0.1 43.7097
19.3467 2970.58 40.1171 -10.2338 0.1 43.6923
19.3579 2971.03 40.0021 -10.2314 0.1 43.7097
19.3679 2971.43 39.8997 -10.2292 0.1 43.7098
19.378 2971.83 39.797 -10.227 0.1 43.7098
19.388 2972.23 39.6941 -10.2248 0.1 43.7098
19.3981 2972.63 39.5909 -10.2226 0.1 43.7098
19.4082 2973.03 39.4875 -10.2204 0.1 43.7098
19.4184 2973.43 39.3838 -10.2182 0.1 43.7099
19.4286 2973.83 39.2799 -10.2159 0.1 43.7099
19.4388 2974.23 39.1757 -10.2137 0.1 43.7099
19.449 2974.63 39.0713 -10.2115 0.1 43.7099
19.4592 2975.03 38.9666 -10.2093 0.1 43.71
19.4695 2975.43 38.8616 -10.2071 0.1 43.71
19.4798 2975.83 38.7564 -10.2049 0.1 43.71
19.4902 2976.23 38.651 -10.2027 0.1 43.71
19.5005 2976.63 38.5452 -10.2005 0.1 43.7101
19.5109 2977.03 38.4392 -10.1983 0.1 43.7101
19.5213 2977.43 38.3329 -10.1961 0.1 43.7101
19.5318 2977.83 38.2264 -10.1939 0.1 43.7101
19.5423 2978.23 38.1196 -10.1916 0.1 43.7102
19.5528 2978.63 38.0125 -10.1894 0.1 43.7102
19.5633 2979.03 37.9051 -10.1872 0.1 43.7102
19.5739 2979.43 37.7974 -10.185 0.1 43.7102
19.5845 2979.83 37.6895 -10.1828 0.1 43.7103
19.5951 2980.23 37.5813 -10.1806 0.1 43.7103
19.6058 2980.63 37.4727 -10.1784 0.1 43.7103
19.6165 2981.03 37.3639 -10.1762 0.1 43.7104
19.6272 2981.43 37.2548 -10.174 0.1 43.7104
19.6379 2981.83 37.1454 -10.1718 0.1 43.7104
19.6487 2982.23 37.0357 -10.1696 0.1 43.7104
19.6596 2982.63 36.9257 -10.1674 0.1 43.7105
19.6704 2983.03 36.8154 -10.1652 0.1 43.7105
19.6813 2983.43 36.7048 -10.163 0.1 43.7105
19.6922 2983.83 36.5938 -10.1608 0.1 43.7105
19.7032 2984.23 36.4826 -10.1586 0.1 43.7106
19.7141 2984.63 36.371 -10.1564 0.1 43.7106
19.7252 2985.03 36.2592 -10.1543 0.1 43.7106
19.7362 2985.43 36.147 -10.1521 0.1 43.7107
19.7473 2985.83 36.0344 -10.1499 0.1 43.7107
19.7584 2986.23 35.9216 -10.1477 0.1 43.7107
19.7696 2986.63 35.8084 -10.1455 0.1 43.7108
19.7808 2987.03 35.6949 -10.1433 0.1 43.7108
19.792 2987.43 35.581 -10.1411 0.1 43.7108
19.8032 2987.83 35.4668 -10.1389 0.1 43.7109
19.8145 2988.23 35.3523 -10.1367 0.1 43.7109
19.8259 2988.63 35.2374 -10.1345 0.1 43.7109
19.8373 2989.03 35.1222 -10.1323 0.1 43.7109
19.8487 2989.43 35.0066 -10.1302 0.1 43.711
19.8587 2989.78 34.9051 -10.1281 0.1 43.691
19.8687 2990.13 34.8034 -10.1263 0.1 43.711
19.8788 2990.48 34.7014 -10.1243 0.1 43.6909
19.8889 2990.83 34.5991 -10.1225 0.1 43.7111
19.899 2991.18 34.4966 -10.1205 0.1 43.6908
19.9092 2991.53 34.3937 -10.1187 0.1 43.7112
19.9194 2991.88 34.2906 -10.1167 0.1 43.6908
19.9296 2992.23 34.1872 -10.1149 0.1 43.7112
19.9399 2992.58 34.0835 -10.1128 0.1 43.6907
19.9502 2992.93 33.9794 -10.111 0.1 43.7113
19.9605 2993.28 33.8751 -10.109 0.1 43.6907
19.9708 2993.63 33.7705 -10.1072 0.1 43.7113
19.9812 2993.98 33.6656 -10.1052 0.1 43.6906
19.9916 2994.33 33.5603 -10.1034 0.1 43.7114
20.0021 2994.68 33.4548 -10.1014 0.1 43.6905
20.0125 2995.03 33.3489 -10.0996 0.1 43.7115
20.0231 2995.38 33.2428 -10.0976 0.1 43.6905
20.0336 2995.73 33.1363 -10.0958 0.1 43.7115
20.0442 2996.08 33.0294 -10.0938 0.1 43.6904
20.0548 2996.43 32.9223 -10.092 0.1 43.7116
20.0655 2996.78 32.8148 -10.09 0.1 43.6903
20.0761 2997.13 32.707 -10.0882 0.1 43.7117
20.0869 2997.48 32.5989 -10.0862 0.1 43.6903
20.0976 2997.83 32.4904 -10.0843 0.1 43.7118
20.1084 2998.18 32.3815 -10.0823 0.1 43.6902
20.1192 2998.53 32.2724 -10.0805 0.1 43.7118
20.1301 2998.88 32.1628 -10.0785 0.1 43.6901
20.141 2999.23 32.053 -10.0767 0.1 43.7119
20.152 2999.58 31.9427 -10.0747 0.1 43.69
20.1629 2999.93 31.8321 -10.0729 0.1 43.712
20.174 3000.28 31.7212 -10.0709 0.1 43.69
20.185 3000.63 31.6098 -10.0691 0.1 43.7121
20.1961 3000.98 31.4981 -10.0671 0.1 43.6899
20.2072 3001.33 31.386 -10.0653 0.1 43.7121
20.2184 3001.68 31.2736 -10.0633 0.1 43.6898
20.2296 3002.03 31.1607 -10.0615 0.1 43.7122
20.2409 3002.38 31.0475 -10.0595 0.1 43.6897
20.2522 3002.73 30.9339 -10.0577 0.1 43.7123
20.2635 3003.08 30.8199 -10.0557 0.1 43.6896
20.2749 3003.43 30.7054 -10.0539 0.1 43.7124
20.2863 3003.78 30.5906 -10.0519 0.1 43.6895
20.2978 3004.13 30.4753 -10.0501 0.1 43.7125
20.3093 3004.48 30.3597 -10.0481 0.1 43.6895
20.3208 3004.83 30.2436 -10.0463 0.1 43.7126
20.3324 3005.18 30.1271 -10.0443 0.1 43.6894
20.3441 3005.53 30.0102 -10.0425 0.1 43.7126
20.3541 3005.83 29.9096 -10.0409 0.1 43.7127
20.3642 3006.13 29.8087 -10.0393 0.1 43.7127
20.3742 3006.43 29.7075 -10.0377 0.1 43.7128
20.3844 3006.73 29.6059 -10.036 0.1 43.7128
20.3945 3007.03 29.504 -10.0344 0.1 43.7128
20.4047 3007.33 29.4018 -10.0328 0.1 43.7129
20.4149 3007.63 29.2992 -10.0312 0.1 43.7129
20.4252 3007.93 29.1963 -10.0295 0.1 43.713
20.4355 3008.23 29.093 -10.0279 0.1 43.713
20.4458 3008.53 28.9894 -10.0263 0.1 43.7131
20.4562 3008.83 28.8855 -10.0247 0.1 43.7131
20.4666 3009.13 28.7811 -10.023 0.1 43.7131
20.477 3009.43 28.6765 -10.0214 0.1 43.7132
20.4875 3009.73 28.5714 -10.0198 0.1 43.7132
20.498 3010.03 28.466 -10.0182 0.1 43.7133
20.5086 3010.33 28.3602 -10.0165 0.1 43.7133
20.5192 3010.63 28.254 -10.0149 0.1 43.7134
20.5299 3010.93 28.1474 -10.0133 0.1 43.7134
20.5405 3011.23 28.0405 -10.0117 0.1 43.7135
20.5513 3011.53 27.9331 -10.0101 0.1 43.7135
20.562 3011.83 27.8254 -10.0084 0.1 43.7136
20.5728 3012.13 27.7173 -10.0068 0.1 43.7136
20.5837 3012.43 27.6087 -10.0052 0.1 43.7137
20.5946 3012.73 27.4998 -10.0036 0.1 43.7137
20.6055 3013.03 27.3904 -10.0019 0.1 43.7138
20.6165 3013.33 27.2806 -10.0003 0.1 43.7138
20.6275 3013.63 27.1704 -9.99869 0.1 43.7139
20.6386 3013.93 27.0597 -9.99707 0.1 43.7139
20.6497 3014.23 26.9486 -9.99544 0.1 43.714
20.6608 3014.53 26.8371 -9.99382 0.1 43.714
20.672 3014.83 26.7251 -9.9922 0.1 43.7141
20.6833 3015.13 26.6127 -9.99057 0.1 43.7141
20.6946 3015.43 26.4998 -9.98895 0.1 43.7142
20.706 3015.73 26.3864 -9.98733 0.1 43.7142
20.7173 3016.03 26.2726 -9.9857 0.1 43.7143
20.7288 3016.33 26.1583 -9.98408 0.1 43.7144
20.7403 3016.63 26.0435 -9.98246 0.1 43.7144
20.7518 3016.93 25.9283 -9.98083 0.1 43.7145
20.7634 3017.23 25.8125 -9.97921 0.1 43.7145
20.7751 3017.53 25.6962 -9.97758 0.1 43.7146
20.7868 3017.83 25.5794 -9.97596 0.1 43.7147
20.7986 3018.13 25.4621 -9.97434 0.1 43.7147
20.8104 3018.43 25.3443 -9.97271 0.1 43.7148
20.8222 3018.73 25.2259 -9.97109 0.1 43.7149
20.8342 3019.03 25.107 -9.96946 0.1 43.7149
20.8462 3019.33 24.9876 -9.96784 0.1 43.715
20.8562 3019.58 24.8876 -9.96641 0.1 43.6869
20.8663 3019.83 24.7873 -9.96513 0.1 43.7151
20.8764 3020.08 24.6865 -9.9637 0.1 43.6868
20.8865 3020.33 24.5854 -9.96241 0.1 43.7152
20.8967 3020.58 24.4839 -9.96099 0.1 43.6867
20.9069 3020.83 24.3819 -9.9597 0.1 43.7153
20.9172 3021.08 24.2795 -9.95828 0.1 43.6866
20.9275 3021.33 24.1767 -9.95699 0.1 43.7155
20.9379 3021.58 24.0735 -9.95557 0.1 43.6865
20.9483 3021.83 23.9699 -9.95428 0.1 43.7156
20.9588 3022.08 23.8658 -9.95285 0.1 43.6863
20.9693 3022.33 23.7613 -9.95156 0.1 43.7157
20.9798 3022.58 23.6563 -9.95014 0.1 43.6862
20.9904 3022.83 23.5509 -9.94885 0.1 43.7158
21.0011 3023.08 23.445 -9.94742 0.1 43.6861
21.0118 3023.33 23.3386 -9.94613 0.1 43.716
21.0225 3023.58 23.2318 -9.9447 0.1 43.6859
21.0333 3023.83 23.1245 -9.94341 0.1 43.7161
21.0441 3024.08 23.0167 -9.94198 0.1 43.6858
21.055 3024.33 22.9084 -9.94069 0.1 43.7163
21.066 3024.58 22.7996 -9.93926 0.1 43.6856
21.077 3024.83 22.6903 -9.93796 0.1 43.7164
21.088 3025.08 22.5805 -9.93654 0.1 43.6855
21.0991 3025.33 22.4702 -9.93524 0.1 43.7166
21.1103 3025.58 22.3594 -9.93381 0.1 43.6853
21.1215 3025.83 22.248 -9.93251 0.1 43.7167
21.1328 3026.08 22.136 -9.93108 0.1 43.6852
21.1441 3026.33 22.0235 -9.92977 0.1 43.7169
21.1555 3026.58 21.9105 -9.92835 0.1 43.685
21.1669 3026.83 21.7968 -9.92704 0.1 43.717
21.1784 3027.08 21.6826 -9.92561 0.1 43.6849
21.19 3027.33 21.5678 -9.9243 0.1 43.7172
21.2016 3027.58 21.4524 -9.92287 0.1 43.6847
21.2133 3027.83 21.3364 -9.92156 0.1 43.7174
21.2251 3028.08 21.2198 -9.92013 0.1 43.6845
21.2369 3028.33 21.1026 -9.91882 0.1 43.7176
21.2488 3028.58 20.9847 -9.91738 0.1 43.6843
21.2607 3028.83 20.8661 -9.91607 0.1 43.7177
21.2728 3029.08 20.7469 -9.91463 0.1 43.6841
21.2849 3029.33 20.627 -9.91331 0.1 43.7179
21.297 3029.58 20.5065 -9.91188 0.1 43.6839
21.3093 3029.83 20.3852 -9.91055 0.1 43.7181
21.3216 3030.08 20.2633 -9.90912 0.1 43.6837
21.3339 3030.33 20.1406 -9.90779 0.1 43.7184
21.3464 3030.58 20.0171 -9.90635 0.1 43.6835
21.3564 3030.78 19.9179 -9.90524 0.1 43.6834
21.3665 3030.98 19.8181 -9.90413 0.1 43.6833
21.3766 3031.18 19.7178 -9.90302 0.1 43.6832
21.3868 3031.38 19.6171 -9.90191 0.1 43.6832
21.397 3031.58 19.5158 -9.9008 0.1 43.6831
21.4073 3031.78 19.414 -9.89969 0.1 43.683
21.4176 3031.98 19.3117 -9.89857 0.1 43.6829
21.428 3032.18 19.2088 -9.89745 0.1 43.6828
21.4385 3032.38 19.1055 -9.89634 0.1 43.6827
21.449 3032.58 19.0015 -9.89522 0.1 43.6826
21.4595 3032.78 18.897 -9.8941 0.1 43.6825
21.4702 3032.98 18.7919 -9.89298 0.1 43.6824
21.4808 3033.18 18.6863 -9.89185 0.1 43.6823
21.4916 3033.38 18.58 -9.89073 0.1 43.6822
21.5024 3033.58 18.4732 -9.8896 0.1 43.6821
21.5133 3033.78 18.3657 -9.88847 0.1 43.6819
21.5242 3033.98 18.2577 -9.88734 0.1 43.6818
21.5352 3034.18 18.149 -9.88621 0.1 43.6817
21.5462 3034.38 18.0396 -9.88508 0.1 43.6816
21.5574 3034.58 17.9296 -9.88394 0.1 43.6815
21.5686 3034.78 17.8189 -9.88281 0.1 43.6814
21.5798 3034.98 17.7076 -9.88167 0.1 43.6812
21.5912 3035.18 17.5955 -9.88052 0.1 43.6811
21.6026 3035.38 17.4828 -9.87938 0.1 43.681
21.6141 3035.58 17.3693 -9.87823 0.1 43.6809
21.6256 3035.78 17.2551 -9.87708 0.1 43.6807
21.6373 3035.98 17.1402 -9.87593 0.1 43.6806
21.649 3036.18 17.0244 -9.87478 0.1 43.6804
21.6608 3036.38 16.9079 -9.87362 0.1 43.6803
21.6727 3036.58 16.7906 -9.87246 0.1 43.6802
21.6846 3036.78 16.6725 -9.8713 0.1 43.68
21.6967 3036.98 16.5536 -9.87013 0.1 43.6799
21.7088 3037.18 16.4338 -9.86896 0.1 43.6797
21.7211 3037.38 16.3132 -9.86778 0.1 43.6796
21.7334 3037.58 16.1916 -9.86661 0.1 43.6794
21.7458 3037.78 16.0692 -9.86542 0.1 43.6792
21.7583 3037.98 15.9458 -9.86424 0.1 43.6791
21.7709 3038.18 15.8215 -9.86305 0.1 43.6789
21.7836 3038.38 15.6962 -9.86185 0.1 43.6787
21.7964 3038.58 15.5699 -9.86065 0.1 43.6785
21.8093 3038.78 15.4426 -9.85945 0.1 43.6783
21.8223 3038.98 15.3143 -9.85824 0.1 43.6782
21.8355 3039.18 15.1849 -9.85703 0.1 43.678
21.8487 3039.38 15.0543 -9.8558 0.1 43.6778
21.8587 3039.53 14.9557 -9.85493 0.1 43.7244
21.8688 3039.68 14.8564 -9.85396 0.1 43.6775
21.8789 3039.83 14.7565 -9.85307 0.1 43.7247
21.8891 3039.98 14.6559 -9.8521 0.1 43.6771
21.8994 3040.13 14.5546 -9.85121 0.1 43.725
21.9098 3040.28 14.4526 -9.85023 0.1 43.6768
21.9202 3040.43 14.3499 -9.84932 0.1 43.7253
21.9307 3040.58 14.2464 -9.84833 0.1 43.6764
21.9413 3040.73 14.1423 -9.84742 0.1 43.7257
21.9519 3040.88 14.0373 -9.84642 0.1 43.6761
21.9627 3041.03 13.9316 -9.8455 0.1 43.7261
21.9735 3041.18 13.825 -9.84449 0.1 43.6757
21.9844 3041.33 13.7176 -9.84355 0.1 43.7265
21.9954 3041.48 13.6095 -9.84253 0.1 43.6753
22.0065 3041.63 13.5004 -9.84158 0.1 43.7269
22.0177 3041.78 13.3905 -9.84055 0.1 43.6749
22.0289 3041.93 13.2796 -9.83958 0.1 43.7273
22.0403 3042.08 13.1679 -9.83853 0.1 43.6744
22.0517 3042.23 13.0551 -9.83755 0.1 43.7278
22.0633 3042.38 12.9415 -9.83649 0.1 43.674
22.075 3042.53 12.8268 -9.83549 0.1 43.7282
22.0867 3042.68 12.7111 -9.83441 0.1 43.6735
22.0986 3042.83 12.5943 -9.8334 0.1 43.7287
22.1106 3042.98 12.4765 -9.8323 0.1 43.673
22.1227 3043.13 12.3575 -9.83126 0.1 43.7293
22.1349 3043.28 12.2374 -9.83014 0.1 43.6724
22.1472 3043.43 12.1161 -9.82907 0.1 43.7298
22.1597 3043.58 11.9936 -9.82793 0.1 43.6719
22.1723 3043.73 11.8699 -9.82683 0.1 43.7304
22.185 3043.88 11.7448 -9.82566 0.1 43.6712
22.1979 3044.03 11.6184 -9.82454 0.1 43.7311
22.2109 3044.18 11.4907 -9.82333 0.1 43.6706
22.224 3044.33 11.3615 -9.82217 0.1 43.7317
22.2373 3044.48 11.2308 -9.82093 0.1 43.6699
22.2508 3044.63 11.0986 -9.81973 0.1 43.7325
22.2644 3044.78 10.9648 -9.81845 0.1 43.6691
22.2782 3044.93 10.8294 -9.81721 0.1 43.7332
22.2922 3045.08 10.6923 -9.81587 0.1 43.6683
22.3063 3045.23 10.5534 -9.81458 0.1 43.7341
22.3207 3045.38 10.4126 -9.81319 0.1 43.6674
22.3352 3045.53 10.27 -9.81183 0.1 43.735
22.35 3045.68 10.1253 -9.81037 0.1 43.6665
22.3649 3045.83 9.9786 -9.80893 0.1 43.736
22.375 3045.93 9.87957 -9.80794 0.1 43.7363
22.3852 3046.03 9.77955 -9.80692 0.1 43.7367
22.3955 3046.13 9.67849 -9.80588 0.1 43.7371
22.4059 3046.23 9.57638 -9.80482 0.1 43.7374
22.4165 3046.33 9.47316 -9.80373 0.1 43.7378
22.4271 3046.43 9.36882 -9.80262 0.1 43.7382
22.4379 3046.53 9.26331 -9.80148 0.1 43.7387
22.4488 3046.63 9.15659 -9.80031 0.1 43.7391
22.4598 3046.73 9.04861 -9.79912 0.1 43.7395
22.4709 3046.83 8.93934 -9.79789 0.1 43.74
22.4822 3046.93 8.82872 -9.79662 0.1 43.7405
22.4937 3047.03 8.7167 -9.79532 0.1 43.741
22.5053 3047.13 8.60323 -9.79397 0.1 43.7415
22.517 3047.23 8.48825 -9.79258 0.1 43.7421
22.5289 3047.33 8.3717 -9.79114 0.1 43.7426
22.541 3047.43 8.2535 -9.78965 0.1 43.7432
22.5532 3047.53 8.1336 -9.7881 0.1 43.7439
22.5657 3047.63 8.01191 -9.78648 0.1 43.7445
22.5783 3047.73 7.88834 -9.7848 0.1 43.7452
22.5911 3047.83 7.76282 -9.78305 0.1 43.7459
22.6042 3047.93 7.63524 -9.78121 0.1 43.7466
22.6174 3048.03 7.5055 -9.77928 0.1 43.7474
22.6309 3048.13 7.37348 -9.77724 0.1 43.7482
22.6447 3048.23 7.23907 -9.7751 0.1 43.7491
22.6587 3048.33 7.10212 -9.77283 0.1 43.75
22.673 3048.43 6.96248 -9.77042 0.1 43.751
22.6876 3048.53 6.81999 -9.76785 0.1 43.752
22.7025 3048.63 6.67447 -9.76511 0.1 43.7531
22.7177 3048.73 6.52571 -9.76216 0.1 43.7543
22.7333 3048.83 6.37349 -9.75897 0.1 43.7556
22.7493 3048.93 6.21755 -9.75552 0.1 43.7569
22.7657 3049.03 6.0576 -9.75177 0.1 43.7584
22.7825 3049.13 5.89333 -9.74764 0.1 43.76
22.7999 3049.23 5.72435 -9.7431 0.1 43.7617
22.8178 3049.33 5.55024 -9.73805 0.1 43.7635
22.8362 3049.43 5.3705 -9.73239 0.1 43.7656
22.8553 3049.53 5.18454 -9.72599 0.1 43.7679
22.8752 3049.63 4.99166 -9.71869 0.1 43.7704
22.8854 3049.68 4.89238 -9.71462 0.1 43.6302
22.8958 3049.73 4.79104 -9.71025 0.1 43.7733
22.9065 3049.78 4.68752 -9.7055 0.1 43.6272
22.9174 3049.83 4.58166 -9.70036 0.1 43.7765
22.9286 3049.88 4.47329 -9.69473 0.1 43.6237
22.9401 3049.93 4.36224 -9.68859 0.1 43.7802
22.9518 3049.98 4.24829 -9.6818 0.1 43.6197
22.9639 3050.03 4.13121 -9.6743 0.1 43.7845
22.9764 3050.08 4.01071 -9.66592 0.1 43.615
22.9893 3050.13 3.88647 -9.65654 0.1 43.7896
23.0026 3050.18 3.75814 -9.64592 0.1 43.6095
23.0164 3050.23 3.62527 -9.63382 0.1 43.7957
23.0307 3050.28 3.48734 -9.61986 0.1 43.6026
23.0456 3050.33 3.34374 -9.60362 0.1 43.8034
23.0613 3050.38 3.19368 -9.58442 0.1 43.594
23.0778 3050.43 3.03623 -9.56141 0.1 43.8132
23.0952 3050.48 2.87015 -9.53325 0.1 43.5827
23.1137 3050.53 2.69386 -9.49803 0.1 43.8265
23.1337 3050.58 2.5052 -9.45263 0.1 43.5667
23.1554 3050.63 2.30113 -9.39185 0.1 43.8461
23.1795 3050.68 2.07712 -9.3062 0.1 43.5419
23.2069 3050.73 1.82582 -9.17631 0.1 43.8789
23.2395 3050.78 1.53391 -8.95539 0.1 43.4955
23.2822 3050.83 1.17139 -8.49305 0.1 43.9519
23.3621 3050.88 0.625658 -6.8288 0.1 43.3543
23.442 3050.95 0 -0 0.1 44.4731
